1.000000000000000056e-01	8.592817000000000857e-03	1.125124390000000058e-01	1.000000000000000056e-01	1.212389999999999995e-02	1.215870379999999945e-01	1.125124385999999976e+00
1.027319859999999974e-01	8.603684000000000331e-03	1.155859080000000011e-01	1.027319859999999974e-01	1.264195100000000023e-02	1.247305820000000065e-01	1.125120933999999906e+00
1.055386100000000049e-01	8.615147000000000083e-03	1.187433160000000015e-01	1.055386100000000049e-01	1.318465400000000051e-02	1.279455359999999986e-01	1.125117300000000098e+00
1.084219109999999958e-01	8.627236999999999406e-03	1.219869529999999952e-01	1.084219109999999958e-01	1.375292200000000076e-02	1.312327120000000014e-01	1.125113476999999973e+00
1.113839830000000058e-01	8.639989000000000696e-03	1.253191720000000065e-01	1.113839830000000058e-01	1.434766300000000008e-02	1.345928570000000102e-01	1.125109453000000093e+00
1.144269779999999986e-01	8.653437999999999408e-03	1.287423900000000121e-01	1.144269779999999986e-01	1.496978199999999919e-02	1.380266519999999997e-01	1.125105220000000017e+00
1.175531070000000039e-01	8.667621000000000353e-03	1.322590909999999953e-01	1.175531070000000039e-01	1.562017299999999935e-02	1.415346990000000138e-01	1.125100768000000029e+00
1.207646420000000054e-01	8.682578999999999297e-03	1.358718260000000011e-01	1.207646420000000054e-01	1.629970799999999956e-02	1.451175170000000014e-01	1.125096085000000024e+00
1.240639159999999963e-01	8.698353000000000682e-03	1.395832150000000105e-01	1.240639159999999963e-01	1.700923099999999966e-02	1.487755309999999886e-01	1.125091161000000062e+00
1.274533250000000062e-01	8.714985999999999219e-03	1.433959499999999943e-01	1.274533250000000062e-01	1.774954800000000041e-02	1.525090639999999997e-01	1.125085984999999900e+00
1.309353329999999871e-01	8.732525999999999136e-03	1.473127949999999964e-01	1.309353329999999871e-01	1.852141699999999835e-02	1.563183310000000048e-01	1.125080544000000016e+00
1.345124679999999961e-01	8.751019999999999979e-03	1.513365919999999920e-01	1.345124679999999961e-01	1.932553099999999996e-02	1.602034260000000099e-01	1.125074826999999944e+00
1.381873309999999966e-01	8.770518999999999191e-03	1.554702570000000006e-01	1.381873309999999966e-01	2.016251000000000154e-02	1.641643160000000046e-01	1.125068822000000024e+00
1.419625899999999996e-01	8.791078000000000781e-03	1.597167879999999984e-01	1.419625899999999996e-01	2.103287699999999844e-02	1.682008279999999967e-01	1.125062513999999902e+00
1.458409880000000047e-01	8.812752000000000085e-03	1.640792630000000030e-01	1.458409880000000047e-01	2.193704800000000066e-02	1.723126439999999870e-01	1.125055892000000002e+00
1.498253439999999992e-01	8.835600000000000745e-03	1.685608449999999869e-01	1.498253439999999992e-01	2.287530299999999961e-02	1.764992880000000042e-01	1.125048940000000108e+00
1.539185519999999863e-01	8.859686999999999771e-03	1.731647809999999899e-01	1.539185519999999863e-01	2.384776900000000130e-02	1.807601209999999958e-01	1.125041645000000035e+00
1.581235860000000104e-01	8.885074999999999223e-03	1.778944100000000028e-01	1.581235860000000104e-01	2.485439099999999998e-02	1.850943270000000029e-01	1.125033992999999954e+00
1.624435009999999902e-01	8.911835999999999369e-03	1.827531569999999994e-01	1.624435009999999902e-01	2.589490399999999984e-02	1.895009129999999931e-01	1.125025968999999959e+00
1.668814349999999946e-01	8.940039999999999792e-03	1.877445450000000127e-01	1.668814349999999946e-01	2.696880000000000110e-02	1.939786970000000055e-01	1.125017557000000057e+00
1.714406139999999912e-01	8.969763999999999862e-03	1.928721889999999994e-01	1.714406139999999912e-01	2.807529500000000011e-02	1.985263019999999878e-01	1.125008742999999978e+00
1.761243479999999861e-01	9.001086999999999630e-03	1.981398050000000022e-01	1.761243479999999861e-01	2.921328600000000150e-02	2.031421569999999899e-01	1.124999510000000091e+00
1.809360409999999919e-01	9.034093999999999458e-03	2.035512090000000107e-01	1.809360409999999919e-01	3.038130899999999870e-02	2.078244939999999985e-01	1.124989843000000045e+00
1.858791890000000002e-01	9.068872000000000391e-03	2.091103189999999890e-01	1.858791890000000002e-01	3.157749499999999709e-02	2.125713489999999928e-01	1.124979726999999929e+00
1.909573830000000083e-01	9.105514000000000316e-03	2.148211640000000089e-01	1.909573830000000083e-01	3.279951100000000341e-02	2.173805659999999973e-01	1.124969144999999893e+00
1.961743129999999891e-01	9.144116000000000744e-03	2.206878790000000035e-01	1.961743129999999891e-01	3.404451199999999900e-02	2.222498089999999926e-01	1.124958080999999943e+00
2.015337690000000015e-01	9.184779000000000554e-03	2.267147120000000127e-01	2.015337690000000015e-01	3.530907199999999690e-02	2.271765709999999938e-01	1.124946521000000033e+00
2.070396439999999949e-01	9.227611000000000147e-03	2.329060269999999877e-01	2.070396439999999949e-01	3.658912300000000117e-02	2.321582020000000079e-01	1.124934447000000004e+00
2.126959390000000005e-01	9.272723000000000076e-03	2.392663080000000109e-01	2.126959390000000005e-01	3.787988099999999719e-02	2.371919239999999984e-01	1.124921845999999892e+00
2.185067629999999927e-01	9.320231999999999475e-03	2.458001589999999903e-01	2.185067629999999927e-01	3.917577299999999707e-02	2.422748779999999991e-01	1.124908701999999927e+00
2.244763379999999975e-01	9.370262000000000729e-03	2.525123100000000176e-01	2.244763379999999975e-01	4.047035300000000058e-02	2.474041549999999867e-01	1.124895001999999922e+00
2.306090010000000079e-01	9.422939999999999441e-03	2.594076220000000044e-01	2.306090010000000079e-01	4.175622500000000098e-02	2.525768629999999848e-01	1.124880730999999967e+00
2.369092070000000105e-01	9.478402000000000355e-03	2.664910839999999892e-01	2.369092070000000105e-01	4.302494500000000194e-02	2.577901810000000071e-01	1.124865878000000041e+00
2.433815350000000099e-01	9.536789000000000377e-03	2.737678239999999930e-01	2.433815350000000099e-01	4.426693999999999768e-02	2.630414489999999827e-01	1.124850429999999957e+00
2.500306849999999748e-01	9.598249999999999144e-03	2.812431100000000184e-01	2.500306849999999748e-01	4.547141100000000324e-02	2.683282579999999862e-01	1.124834378999999940e+00
2.568614900000000256e-01	9.662939000000000597e-03	2.889223530000000206e-01	2.568614900000000256e-01	4.662624399999999725e-02	2.736485630000000113e-01	1.124817713999999969e+00
2.638789100000000221e-01	9.731019999999999948e-03	2.968111119999999881e-01	2.638789100000000221e-01	4.771791799999999806e-02	2.790008150000000131e-01	1.124800430000000073e+00
2.710880460000000269e-01	9.802662999999999655e-03	3.049150959999999966e-01	2.710880460000000269e-01	4.873141799999999857e-02	2.843841149999999929e-01	1.124782519999999897e+00
2.784941349999999760e-01	9.878045999999999702e-03	3.132401730000000106e-01	2.784941349999999760e-01	4.965016099999999821e-02	2.897983840000000200e-01	1.124763983000000023e+00
2.861025569999999796e-01	9.957357999999999487e-03	3.217923679999999953e-01	2.861025569999999796e-01	5.045591900000000185e-02	2.952445639999999871e-01	1.124744819000000007e+00
2.939188400000000145e-01	1.004079400000000045e-02	3.305778759999999927e-01	2.939188400000000145e-01	5.112877300000000236e-02	3.007248399999999933e-01	1.124725028999999932e+00
3.019486630000000060e-01	1.012856099999999947e-02	3.396030560000000142e-01	3.019486630000000060e-01	5.164706799999999737e-02	3.062428850000000202e-01	1.124704619000000072e+00
3.101978590000000202e-01	1.022087399999999958e-02	3.488744449999999775e-01	3.101978590000000202e-01	5.198740599999999989e-02	3.118041400000000074e-01	1.124683600000000006e+00
3.186724220000000107e-01	1.031795899999999981e-02	3.583987579999999840e-01	3.186724220000000107e-01	5.212465599999999838e-02	3.174161070000000029e-01	1.124661982999999976e+00
3.273785100000000114e-01	1.042005600000000046e-02	3.681828970000000090e-01	3.273785100000000114e-01	5.203201100000000301e-02	3.230886720000000212e-01	1.124639785000000058e+00
3.363224459999999971e-01	1.052741299999999935e-02	3.782339499999999854e-01	3.363224459999999971e-01	5.168107100000000204e-02	3.288344510000000276e-01	1.124617030000000018e+00
3.455107290000000164e-01	1.064029200000000085e-02	3.885592039999999914e-01	3.455107290000000164e-01	5.104199300000000078e-02	3.346691459999999729e-01	1.124593740999999980e+00
3.549500360000000243e-01	1.075897100000000085e-02	3.991661450000000277e-01	3.549500360000000243e-01	5.008367400000000164e-02	3.406119169999999863e-01	1.124569952000000095e+00
3.646472219999999931e-01	1.088373899999999991e-02	4.100624649999999871e-01	3.646472219999999931e-01	4.877401299999999801e-02	3.466857620000000084e-01	1.124545697999999927e+00
3.746093349999999877e-01	1.101490200000000003e-02	4.212560719999999814e-01	3.746093349999999877e-01	4.708022600000000280e-02	3.529178829999999878e-01	1.124521023000000008e+00
3.848436109999999744e-01	1.115278299999999945e-02	4.327550909999999806e-01	3.848436109999999744e-01	4.496924000000000060e-02	3.593400429999999979e-01	1.124495974000000009e+00
3.953574859999999802e-01	1.129772199999999963e-02	4.445678719999999751e-01	3.953574859999999802e-01	4.240815099999999810e-02	3.659889000000000059e-01	1.124470604999999956e+00
4.061585990000000090e-01	1.145007900000000016e-02	4.567029960000000277e-01	4.061585990000000090e-01	3.936476399999999654e-02	3.729062949999999987e-01	1.124444977000000012e+00
4.172547970000000106e-01	1.161023500000000000e-02	4.691692860000000187e-01	4.172547970000000106e-01	3.580819699999999994e-02	3.801394830000000002e-01	1.124419156999999947e+00
4.286541409999999885e-01	1.177859199999999919e-02	4.819758080000000056e-01	4.286541409999999885e-01	3.170955400000000091e-02	3.877413049999999806e-01	1.124393216000000084e+00
4.403649139999999962e-01	1.195557899999999917e-02	4.951318789999999970e-01	4.403649139999999962e-01	2.704265600000000172e-02	3.957702639999999827e-01	1.124367233000000077e+00
4.523956230000000245e-01	1.214165000000000036e-02	5.086470789999999464e-01	4.523956230000000245e-01	2.178481399999999957e-02	4.042905090000000201e-01	1.124341290999999909e+00
4.647550100000000239e-01	1.233728700000000060e-02	5.225312519999999461e-01	4.647550100000000239e-01	1.591763100000000153e-02	4.133717089999999761e-01	1.124315479000000062e+00
4.774520540000000146e-01	1.254300499999999943e-02	5.367945170000000266e-01	4.774520540000000146e-01	9.427816000000000321e-03	4.230888110000000091e-01	1.124289888999999931e+00
4.904959790000000264e-01	1.275935199999999985e-02	5.514472740000000428e-01	4.904959790000000264e-01	2.307981000000000182e-03	4.335216700000000256e-01	1.124264616999999911e+00
5.038962630000000109e-01	1.298691400000000044e-02	5.665002129999999747e-01	5.038962630000000109e-01	-5.442594000000000251e-03	4.447545620000000199e-01	1.124239758999999950e+00
5.176626399999999517e-01	1.322631699999999959e-02	5.819643199999999794e-01	5.176626399999999517e-01	-1.381726100000000082e-02	4.568755899999999981e-01	1.124215415000000107e+00
5.318051129999999960e-01	1.347822899999999956e-02	5.978508839999999713e-01	5.318051129999999960e-01	-2.280138699999999935e-02	4.699759829999999861e-01	1.124191681999999970e+00
5.463339560000000095e-01	1.374336599999999992e-02	6.141715070000000054e-01	5.463339560000000095e-01	-3.237183600000000105e-02	4.841493170000000235e-01	1.124168652000000046e+00
5.612597259999999588e-01	1.402249600000000061e-02	6.309381080000000530e-01	5.612597259999999588e-01	-4.249657899999999960e-02	4.994906940000000128e-01	1.124146413999999927e+00
5.765932649999999660e-01	1.431643800000000077e-02	6.481629330000000522e-01	5.765932649999999660e-01	-5.313442100000000112e-02	5.160958890000000299e-01	1.124125049999999959e+00
5.923457149999999949e-01	1.462607299999999985e-02	6.658585590000000165e-01	5.923457149999999949e-01	-6.423486000000000473e-02	5.340605299999999778e-01	1.124104627999999995e+00
6.085285190000000455e-01	1.495234200000000041e-02	6.840379049999999461e-01	6.085285190000000455e-01	-7.573805599999999805e-02	5.534793230000000230e-01	1.124085205000000087e+00
6.251534349999999796e-01	1.529625299999999924e-02	7.027142349999999649e-01	6.251534349999999796e-01	-8.757489100000000193e-02	5.744453769999999793e-01	1.124066822000000077e+00
6.422325420000000173e-01	1.565888099999999949e-02	7.219011659999999830e-01	6.422325420000000173e-01	-9.966708500000000248e-02	5.970496629999999527e-01	1.124049497999999980e+00
6.597782479999999561e-01	1.604137699999999903e-02	7.416126739999999717e-01	6.597782479999999561e-01	-1.119273149999999994e-01	6.213806240000000480e-01	1.124033228999999912e+00
6.778032999999999975e-01	1.644496399999999942e-02	7.618631009999999870e-01	6.778032999999999975e-01	-1.242592770000000013e-01	6.475239779999999445e-01	1.124017986999999996e+00
6.963207940000000207e-01	1.687094499999999830e-02	7.826671579999999739e-01	6.963207940000000207e-01	-1.365576149999999933e-01	6.755627090000000390e-01	1.124003713000000015e+00
7.153441830000000223e-01	1.732069899999999843e-02	8.040399369999999823e-01	7.153441830000000223e-01	-1.487076240000000105e-01	7.055772550000000143e-01	1.123990319000000015e+00
7.348872889999999991e-01	1.779568800000000048e-02	8.259969120000000276e-01	7.348872889999999991e-01	-1.605846290000000065e-01	7.376458550000000169e-01	1.123977682999999894e+00
7.549643099999999718e-01	1.829745199999999877e-02	8.485539500000000013e-01	7.549643099999999718e-01	-1.720529110000000028e-01	7.718450350000000126e-01	1.123965649000000067e+00
7.755898319999999790e-01	1.882760799999999915e-02	8.717273169999999460e-01	7.755898319999999790e-01	-1.829640499999999892e-01	8.082501490000000288e-01	1.123954029000000077e+00
7.967788409999999599e-01	1.938785100000000108e-02	8.955336849999999682e-01	7.967788409999999599e-01	-1.931545139999999994e-01	8.469358710000000068e-01	1.123942604000000012e+00
8.185467309999999719e-01	1.997994800000000085e-02	9.199901480000000076e-01	8.185467309999999719e-01	-2.024423180000000100e-01	8.879764890000000355e-01	1.123931124999999920e+00
8.409093159999999623e-01	2.060573500000000002e-02	9.451142300000000551e-01	8.409093159999999623e-01	-2.106225389999999975e-01	9.314457630000000377e-01	1.123919322999999970e+00
8.638828440000000386e-01	2.126711499999999963e-02	9.709238989999999792e-01	8.638828440000000386e-01	-2.174614219999999876e-01	9.774160530000000069e-01	1.123906910999999953e+00
8.874840059999999919e-01	2.196604900000000138e-02	9.974375890000000133e-01	8.874840059999999919e-01	-2.226888290000000048e-01	1.025956220000000085e+00	1.123893594000000107e+00
9.117299479999999567e-01	2.270455999999999863e-02	1.024674217000000054e+00	9.117299479999999567e-01	-2.259887030000000130e-01	1.077127669000000010e+00	1.123879080999999891e+00
9.366382869999999583e-01	2.348472199999999954e-02	1.052653206000000008e+00	9.366382869999999583e-01	-2.269872860000000103e-01	1.130977549000000026e+00	1.123863097000000089e+00
9.622271169999999652e-01	2.430866699999999908e-02	1.081394514999999945e+00	9.622271169999999652e-01	-2.252388670000000093e-01	1.187527753999999991e+00	1.123845395000000025e+00
9.885150310000000440e-01	2.517858799999999828e-02	1.110918668000000054e+00	9.885150310000000440e-01	-2.202090770000000031e-01	1.246757727000000093e+00	1.123825770999999918e+00
1.015521128000000051e+00	2.609674400000000158e-02	1.141246782999999931e+00	1.015521128000000051e+00	-2.112562149999999972e-01	1.308578301000000055e+00	1.123804076999999957e+00
1.043265026999999900e+00	2.706547800000000045e-02	1.172400611999999898e+00	1.043265026999999900e+00	-1.976120540000000092e-01	1.372792658000000054e+00	1.123780229999999936e+00
1.071766884999999947e+00	2.808723299999999964e-02	1.204402570999999922e+00	1.071766884999999947e+00	-1.783653829999999885e-01	1.439039246999999966e+00	1.123754228999999993e+00
1.101047410999999920e+00	2.916458400000000034e-02	1.237275770000000108e+00	1.101047410999999920e+00	-1.524548320000000123e-01	1.506710106000000104e+00	1.123726151999999923e+00
1.131127876999999948e+00	3.030027199999999962e-02	1.271044046000000094e+00	1.131127876999999948e+00	-1.186831170000000046e-01	1.574837419000000072e+00	1.123696156000000057e+00
1.162030136000000047e+00	3.149724000000000274e-02	1.305731981999999958e+00	1.162030136000000047e+00	-7.577388000000000179e-02	1.641942835999999906e+00	1.123664473999999913e+00
1.193776641999999999e+00	3.275868600000000214e-02	1.341364914999999991e+00	1.193776641999999999e+00	-2.250541600000000031e-02	1.705851607000000048e+00	1.123631395999999949e+00
1.226390456999999934e+00	3.408810400000000101e-02	1.377968937999999977e+00	1.226390456999999934e+00	4.202871200000000279e-02	1.763493481999999890e+00	1.123597243999999939e+00
1.259895277999999896e+00	3.548933399999999738e-02	1.415570889999999915e+00	1.259895277999999896e+00	1.179718329999999982e-01	1.810753773000000066e+00	1.123562342999999908e+00
1.294315445000000064e+00	3.696659499999999793e-02	1.454198319999999933e+00	1.294315445000000064e+00	2.040257940000000103e-01	1.842508658999999938e+00	1.123526977000000038e+00
1.329675967000000014e+00	3.852450899999999845e-02	1.493879452999999913e+00	1.329675967000000014e+00	2.965851449999999945e-01	1.853066837000000078e+00	1.123491353999999998e+00
1.366002533999999935e+00	4.016810900000000045e-02	1.534643143000000043e+00	1.366002533999999935e+00	3.889310449999999753e-01	1.837278468000000053e+00	1.123455561000000102e+00
1.403321537999999924e+00	4.190281399999999656e-02	1.576518821000000070e+00	1.403321537999999924e+00	4.710342089999999815e-01	1.792411262999999977e+00	1.123419528999999972e+00
1.441660090999999921e+00	4.373438600000000009e-02	1.619536454999999986e+00	1.441660090999999921e+00	5.306929390000000302e-01	1.720377427999999931e+00	1.123383011999999903e+00
1.481046048999999920e+00	4.566885200000000283e-02	1.663726537000000061e+00	1.481046048999999920e+00	5.563407310000000328e-01	1.629166676999999952e+00	1.123345583000000092e+00
1.521508026000000013e+00	4.771241600000000055e-02	1.709120089000000009e+00	1.521508026000000013e+00	5.407046009999999514e-01	1.532120890999999929e+00	1.123306654000000071e+00
1.563075417999999939e+00	4.987135699999999811e-02	1.755748730000000091e+00	1.563075417999999939e+00	4.833773419999999876e-01	1.444741918999999930e+00	1.123265525000000098e+00
1.605778426000000092e+00	5.215194299999999922e-02	1.803644782999999974e+00	1.605778426000000092e+00	3.906820369999999820e-01	1.380532853000000060e+00	1.123221457000000090e+00
1.649648073999999909e+00	5.456037500000000123e-02	1.852841438000000007e+00	1.649648073999999909e+00	2.730409770000000180e-01	1.348123622999999993e+00	1.123173764999999991e+00
1.694716235000000015e+00	5.710280200000000111e-02	1.903372950000000063e+00	1.694716235000000015e+00	1.416223490000000085e-01	1.350804477000000059e+00	1.123121918999999913e+00
1.741015651999999969e+00	5.978541099999999664e-02	1.955274847999999954e+00	1.741015651999999969e+00	5.949104999999999671e-03	1.387906870999999986e+00	1.123065634000000035e+00
1.788579963000000106e+00	6.261461200000000005e-02	2.008584117999999918e+00	1.788579963000000106e+00	-1.269834509999999972e-01	1.456768010000000002e+00	1.123004931000000095e+00
1.837443724999999972e+00	6.559730699999999359e-02	2.063339309999999927e+00	1.837443724999999972e+00	-2.524409269999999816e-01	1.554360017000000038e+00	1.122940137999999921e+00
1.887642437000000006e+00	6.874120799999999809e-02	2.119580523999999855e+00	1.887642437000000006e+00	-3.671110610000000163e-01	1.678276330999999955e+00	1.122871833000000041e+00
1.939212571999999968e+00	7.205514300000000205e-02	2.177349239000000214e+00	1.939212571999999968e+00	-4.680780500000000233e-01	1.827128676000000063e+00	1.122800703000000011e+00
1.992191596000000064e+00	7.554926500000000433e-02	2.236688002999999814e+00	1.992191596000000064e+00	-5.517465369999999814e-01	2.000461849000000125e+00	1.122727355999999954e+00
2.046617998999999966e+00	7.923508699999999572e-02	2.297640013000000092e+00	2.046617998999999966e+00	-6.127180599999999533e-01	2.198150551999999980e+00	1.122652108999999898e+00
2.102531325000000173e+00	8.312526100000000584e-02	2.360248696000000201e+00	2.102531325000000173e+00	-6.426919749999999709e-01	2.418985498000000067e+00	1.122574806999999897e+00
2.159972194999999928e+00	8.723312900000000647e-02	2.424557436999999815e+00	2.159972194999999928e+00	-6.299097160000000084e-01	2.657889910000000189e+00	1.122494743999999933e+00
2.218982340999999803e+00	9.157208999999999488e-02	2.490609586000000153e+00	2.218982340999999803e+00	-5.607790510000000284e-01	2.901398008000000139e+00	1.122410727999999969e+00
2.279604636999999823e+00	9.615500000000000436e-02	2.558448868999999792e+00	2.279604636999999823e+00	-4.267988180000000242e-01	3.123089440999999855e+00	1.122321313000000043e+00
2.341883125999999926e+00	1.009938100000000033e-01	2.628120174000000198e+00	2.341883125999999926e+00	-2.383382609999999957e-01	3.286046974000000009e+00	1.122225164000000053e+00
2.405863055000000195e+00	1.060997250000000058e-01	2.699670545000000033e+00	2.405863055000000195e+00	-3.552552099999999741e-02	3.362065643000000215e+00	1.122121452000000019e+00
2.471590905999999865e+00	1.114839680000000027e-01	2.773150053000000170e+00	2.471590905999999865e+00	1.257656060000000020e-01	3.359475112999999791e+00	1.122010138000000046e+00
2.539114434000000031e+00	1.171590670000000056e-01	2.848612124999999828e+00	2.539114434000000031e+00	2.117694629999999911e-01	3.325178828999999947e+00	1.121891981999999954e+00
2.608482695000000184e+00	1.231402620000000003e-01	2.926113008000000182e+00	2.608482695000000184e+00	2.314525090000000007e-01	3.311602360999999828e+00	1.121768227000000007e+00
2.679746086999999832e+00	1.294463919999999935e-01	3.005710335999999927e+00	2.679746086999999832e+00	2.215363870000000013e-01	3.346502962000000192e+00	1.121639974999999900e+00
2.752956386000000144e+00	1.360996780000000017e-01	3.087461231999999889e+00	2.752956386000000144e+00	2.221843189999999912e-01	3.427388780999999884e+00	1.121507499000000019e+00
2.828166780000000102e+00	1.431241309999999878e-01	3.171420836999999882e+00	2.828166780000000102e+00	2.610844480000000245e-01	3.527881246999999831e+00	1.121369806999999996e+00
2.905431912000000061e+00	1.505430610000000058e-01	3.257642237000000218e+00	2.905431912000000061e+00	3.407186400000000170e-01	3.607362463999999935e+00	1.121224773000000008e+00
2.984807916999999922e+00	1.583768829999999961e-01	3.346178350000000190e+00	2.984807916999999922e+00	4.284732549999999973e-01	3.632362286000000218e+00	1.121069912000000057e+00
3.066352462999999862e+00	1.666427299999999889e-01	3.437085274999999829e+00	3.066352462999999862e+00	4.707158909999999974e-01	3.608632163999999865e+00	1.120903522000000097e+00
3.150124796000000060e+00	1.753568080000000029e-01	3.530425407000000071e+00	3.150124796000000060e+00	4.374148119999999862e-01	3.586991589000000147e+00	1.120725570000000060e+00
3.236185777000000208e+00	1.845388460000000064e-01	3.626268087999999779e+00	3.236185777000000208e+00	3.500528720000000149e-01	3.623868727000000067e+00	1.120537675000000011e+00
3.324597932000000089e+00	1.942161490000000046e-01	3.724686457999999867e+00	3.324597932000000089e+00	2.644649059999999996e-01	3.742073988000000018e+00	1.120341927999999987e+00
3.415425496000000116e+00	2.044240509999999955e-01	3.825751638999999926e+00	3.415425496000000116e+00	2.410974170000000083e-01	3.919023562000000016e+00	1.120139098999999971e+00
3.508734456000000002e+00	2.152011869999999882e-01	3.929528023000000037e+00	3.508734456000000002e+00	3.148538719999999791e-01	4.083509575999999974e+00	1.119927447000000020e+00
3.604592604000000033e+00	2.265818840000000112e-01	4.036074110999999576e+00	3.604592604000000033e+00	4.424368679999999832e-01	4.137383940000000315e+00	1.119703265999999919e+00
3.703069584000000081e+00	2.385915409999999903e-01	4.145450057999999771e+00	3.703069584000000081e+00	4.842821079999999889e-01	4.058645713999999849e+00	1.119463182000000057e+00
3.804236942000000177e+00	2.512504580000000098e-01	4.257727187999999607e+00	3.804236942000000177e+00	3.386247900000000088e-01	3.973926474000000209e+00	1.119206624999999899e+00
3.908168177999999937e+00	2.645853479999999980e-01	4.372990726000000272e+00	3.908168177999999937e+00	5.147894699999999713e-02	4.032048915999999927e+00	1.118936168000000064e+00
4.014938800999999557e+00	2.786392699999999945e-01	4.491330594999999981e+00	4.014938800999999557e+00	-2.635675049999999797e-01	4.297149980000000369e+00	1.118654808000000056e+00
4.124626382999999841e+00	2.934687280000000120e-01	4.612826208000000427e+00	4.124626382999999841e+00	-4.879381190000000035e-01	4.779474349000000011e+00	1.118362193000000060e+00
4.237310615000000169e+00	3.091269429999999874e-01	4.737540640999999830e+00	4.237310615000000169e+00	-4.647401070000000134e-01	5.436310135000000265e+00	1.118053659999999949e+00
4.353073365000000194e+00	3.256488310000000275e-01	4.865534384000000045e+00	4.353073365000000194e+00	-3.295243300000000319e-02	6.039952991999999909e+00	1.117723956999999935e+00
4.471998736999999835e+00	3.430573430000000146e-01	4.996887949000000440e+00	4.471998736999999835e+00	6.244956139999999767e-01	6.194437479000000302e+00	1.117372397000000017e+00
4.594173135000000130e+00	3.613901079999999877e-01	5.131706402999999916e+00	4.594173135000000130e+00	9.884404639999999631e-01	5.974221852000000332e+00	1.117003267999999938e+00
4.719685319999999962e+00	3.807163760000000230e-01	5.270093463000000256e+00	4.719685319999999962e+00	1.023621668000000096e+00	5.841038755999999665e+00	1.116619669999999953e+00
4.848626481000000155e+00	4.011165740000000035e-01	5.412122670999999663e+00	4.848626481000000155e+00	1.038768227000000044e+00	5.907575393000000119e+00	1.116217693999999927e+00
4.981090296999999723e+00	4.226434580000000274e-01	5.557848517000000044e+00	4.981090296999999723e+00	1.175301069000000087e+00	5.991017955000000228e+00	1.115789552999999934e+00
5.117173006999999885e+00	4.453209340000000016e-01	5.707352793000000091e+00	5.117173006999999885e+00	1.307665515999999917e+00	5.953841762999999787e+00	1.115333169999999985e+00
5.256973477999999922e+00	4.691948980000000269e-01	5.860760224999999934e+00	5.256973477999999922e+00	1.311955428999999951e+00	5.906330506999999841e+00	1.114854440000000002e+00
5.400593278999999747e+00	4.943643140000000269e-01	6.018186251000000375e+00	5.400593278999999747e+00	1.291410452999999903e+00	5.958489100999999621e+00	1.114356504999999942e+00
5.548136752999999644e+00	5.209299160000000484e-01	6.179690582000000099e+00	5.548136752999999644e+00	1.347881223999999989e+00	6.008470648000000303e+00	1.113831698000000037e+00
5.699711094000000422e+00	5.489327520000000238e-01	6.345326615000000281e+00	5.699711094000000422e+00	1.367223400000000089e+00	5.954891391000000311e+00	1.113271622000000072e+00
5.855426426000000184e+00	5.784017989999999942e-01	6.515217840000000038e+00	5.855426426000000184e+00	1.250782478999999947e+00	5.926423199000000253e+00	1.112680335000000076e+00
6.015395879999999806e+00	6.094452399999999992e-01	6.689510967999999558e+00	6.015395879999999806e+00	1.135544461999999921e+00	6.004859094999999591e+00	1.112064957999999937e+00
6.179735678000000121e+00	6.422015880000000454e-01	6.868270229000000171e+00	6.179735678000000121e+00	1.074543486000000048e+00	6.022683704000000304e+00	1.111418122999999980e+00
6.348565215999999900e+00	6.767201309999999470e-01	7.051533244999999894e+00	6.348565215999999900e+00	8.263727199999999495e-01	5.948686488999999966e+00	1.110728646000000097e+00
6.522007154999999834e+00	7.130307120000000110e-01	7.239443504999999668e+00	6.522007154999999834e+00	3.398943890000000190e-01	6.090220371000000021e+00	1.110002385999999897e+00
6.700187503999999628e+00	7.512861480000000425e-01	7.432158169000000036e+00	6.700187503999999628e+00	-8.660568100000000380e-02	6.580064456999999756e+00	1.109246296000000020e+00
6.883235714999999644e+00	7.916374449999999952e-01	7.629702959000000284e+00	6.883235714999999644e+00	-2.284815470000000071e-01	7.181542674000000126e+00	1.108447141999999941e+00
7.071284778999999965e+00	8.340990689999999708e-01	7.832140388000000009e+00	7.071284778999999965e+00	-3.126729249999999904e-01	7.655535888000000178e+00	1.107597930999999924e+00
7.264471318000000011e+00	8.787684279999999903e-01	8.039673632999999597e+00	7.264471318000000011e+00	-5.067828659999999985e-01	8.338975495999999765e+00	1.106711457000000065e+00
7.462935685999999791e+00	9.258696379999999948e-01	8.252377356000000219e+00	7.462935685999999791e+00	-2.583252079999999729e-01	9.358828451999999132e+00	1.105781652999999976e+00
7.666822074999999792e+00	9.754530160000000061e-01	8.470249943000000670e+00	7.666822074999999792e+00	5.536751650000000247e-01	9.884642913000000419e+00	1.104792814999999928e+00
7.876278611000000041e+00	1.027575934999999996e+00	8.693502476999999118e+00	7.876278611000000041e+00	1.006699572000000042e+00	9.959509678999999949e+00	1.103757612999999971e+00
8.091457472000000095e+00	1.082508867999999902e+00	8.922239147000000870e+00	8.091457472000000095e+00	1.356590377999999930e+00	1.016412892199999973e+01	1.102673921999999918e+00
8.312514990000000381e+00	1.140314622000000000e+00	9.156424283999999858e+00	8.312514990000000381e+00	1.639387769999999911e+00	1.024034413799999932e+01	1.101522738999999973e+00
8.539611769000000407e+00	1.201062118000000067e+00	9.396298125999999584e+00	8.539611769000000407e+00	1.877516234000000006e+00	1.058436937799999988e+01	1.100319121999999927e+00
8.772912802000000454e+00	1.265067783999999973e+00	9.641919987999999719e+00	8.772912802000000454e+00	2.594242179000000093e+00	1.063941812700000078e+01	1.099055719000000098e+00
9.012587587000000511e+00	1.332337177000000095e+00	9.893271946000000483e+00	9.012587587000000511e+00	2.724173022000000000e+00	1.025650232899999992e+01	1.097717148000000087e+00
9.258810254000000128e+00	1.403059008999999913e+00	1.015063779199999949e+01	9.258810254000000128e+00	2.848272145000000144e+00	1.037497905300000056e+01	1.096322044999999967e+00
9.511759690999999961e+00	1.477510306999999967e+00	1.041392948899999915e+01	9.511759690999999961e+00	3.074169524999999847e+00	9.931679571000000095e+00	1.094847832999999993e+00
9.771619673000000006e+00	1.555657268999999898e+00	1.068330867799999950e+01	9.771619673000000006e+00	2.561354709999999812e+00	9.769429855000000273e+00	1.093299682000000050e+00
1.003857899399999987e+01	1.637904883000000034e+00	1.095890766399999983e+01	1.003857899399999987e+01	2.325278707999999916e+00	9.897184442000000359e+00	1.091679177999999917e+00
1.031283160699999968e+01	1.724256779999999933e+00	1.124064122400000088e+01	1.031283160699999968e+01	1.677179243000000097e+00	1.003892803599999972e+01	1.089966524000000048e+00
1.059457676399999926e+01	1.815005219999999975e+00	1.152881779199999990e+01	1.059457676399999926e+01	1.311017505999999999e+00	1.090276229600000057e+01	1.088181062000000088e+00
1.088401916099999944e+01	1.910337804999999944e+00	1.182323941099999942e+01	1.088401916099999944e+01	1.177858732000000019e+00	1.144473734900000039e+01	1.086293512999999988e+00
1.118136908399999996e+01	2.010392474000000096e+00	1.212423879900000045e+01	1.118136908399999996e+01	1.066668976000000102e+00	1.265950546300000035e+01	1.084325068999999919e+00
1.148684256700000006e+01	2.115506726000000004e+00	1.243161531300000000e+01	1.148684256700000006e+01	1.725556424999999949e+00	1.335060951100000004e+01	1.082248254000000021e+00
1.180066154400000045e+01	2.225736739999999880e+00	1.274566824100000062e+01	1.180066154400000045e+01	2.200295011000000134e+00	1.434435819399999978e+01	1.080080823999999939e+00
1.212305401300000085e+01	2.341484895999999871e+00	1.306619582699999960e+01	1.212305401300000085e+01	3.289549962000000161e+00	1.443056113499999960e+01	1.077797378000000084e+00
1.245425420099999947e+01	2.462811615000000121e+00	1.339349378200000018e+01	1.245425420099999947e+01	4.024184995999999792e+00	1.488762645899999981e+01	1.075415161000000008e+00
1.279450273199999977e+01	2.590092627999999841e+00	1.372730939500000069e+01	1.279450273199999977e+01	4.785759914999999864e+00	1.414881023799999937e+01	1.072906831999999921e+00
1.314404680700000050e+01	2.723496107999999971e+00	1.406797061500000012e+01	1.314404680700000050e+01	5.168549091000000040e+00	1.394394488900000084e+01	1.070292188000000033e+00
1.350314037899999953e+01	2.863248935000000106e+00	1.441517295599999926e+01	1.350314037899999953e+01	4.663007559000000413e+00	1.326534762400000034e+01	1.067542256999999939e+00
1.387204433800000025e+01	3.009748182000000050e+00	1.476919753600000007e+01	1.387204433800000025e+01	4.482311819999999614e+00	1.341967192299999923e+01	1.064673466999999984e+00
1.425102670300000085e+01	3.162997283999999798e+00	1.512986083300000040e+01	1.425102670300000085e+01	3.728469996999999925e+00	1.390390393500000066e+01	1.061668126999999906e+00
1.464036281499999959e+01	3.323561231999999865e+00	1.549714215100000025e+01	1.464036281499999959e+01	3.829868127000000122e+00	1.444262207699999934e+01	1.058521728000000106e+00
1.504033553600000062e+01	3.491484885999999843e+00	1.587119699500000003e+01	1.504033553600000062e+01	4.108533105000000241e+00	1.544035862399999992e+01	1.055242215999999900e+00
1.545123545799999931e+01	3.667056488000000058e+00	1.625170313599999972e+01	1.545123545799999931e+01	4.248145262000000422e+00	1.569328176299999988e+01	1.051806062999999902e+00
1.587336110999999939e+01	3.850745632000000196e+00	1.663877551299999880e+01	1.587336110999999939e+01	4.972709605999999560e+00	1.588794624500000019e+01	1.048220058999999926e+00
1.630701917700000081e+01	4.042595004999999908e+00	1.703241410800000111e+01	1.630701917700000081e+01	5.287818266000000378e+00	1.627663643300000018e+01	1.044483601000000039e+00
1.675252472400000059e+01	4.242910948999999654e+00	1.743231251099999923e+01	1.675252472400000059e+01	5.293467867999999577e+00	1.631175403399999979e+01	1.040578229000000077e+00
1.721020142200000080e+01	4.452148564999999891e+00	1.783845798000000116e+01	1.721020142200000080e+01	5.324334728000000183e+00	1.593094643899999951e+01	1.036504893000000038e+00
1.768038178500000157e+01	4.670475240000000028e+00	1.825087219699999963e+01	1.768038178500000157e+01	5.238725686999999631e+00	1.645244382199999933e+01	1.032266861000000091e+00
1.816340741100000145e+01	4.898054534999999987e+00	1.866932040600000065e+01	1.816340741100000145e+01	5.089532967000000241e+00	1.743750055299999957e+01	1.027853418999999935e+00
1.865962923200000034e+01	5.135239538000000437e+00	1.909355977499999923e+01	1.865962923200000034e+01	5.330629073999999967e+00	1.783587148200000172e+01	1.023255046000000057e+00
1.916940776499999899e+01	5.382382233000000404e+00	1.952347984000000025e+01	1.916940776499999899e+01	5.626353888999999775e+00	1.778688022600000096e+01	1.018470683999999959e+00
1.969311337899999970e+01	5.639720738000000289e+00	1.995897465399999859e+01	1.969311337899999970e+01	5.776331219000000239e+00	1.778635968600000083e+01	1.013500215999999954e+00
2.023112655899999979e+01	5.907450905000000141e+00	2.039985137500000079e+01	2.023112655899999979e+01	5.621106879000000056e+00	1.814134457500000153e+01	1.008339863000000003e+00
2.078383818600000055e+01	6.185796275000000399e+00	2.084586028900000088e+01	2.078383818600000055e+01	5.194374865000000341e+00	1.923082192900000109e+01	1.002984150999999935e+00
2.135164981899999859e+01	6.475005217999999729e+00	2.129674418999999830e+01	2.135164981899999859e+01	5.243536545999999632e+00	2.062538328000000121e+01	9.974285059999999925e-01
2.193497398899999951e+01	6.775322087000000160e+00	2.175225113600000171e+01	2.193497398899999951e+01	6.038859053999999560e+00	2.193545506699999947e+01	9.916697939999999933e-01
2.253423449599999984e+01	7.086971217000000323e+00	2.221212461300000029e+01	2.253423449599999984e+01	7.331719252000000075e+00	2.239156501700000135e+01	9.857057540000000451e-01
2.314986671899999848e+01	7.410155590999999653e+00	2.267609348899999944e+01	2.314986671899999848e+01	8.194531088999999824e+00	2.192480338000000017e+01	9.795345159999999662e-01
2.378231793000000138e+01	7.745060038000000091e+00	2.314386805999999908e+01	2.378231793000000138e+01	8.041314698000000760e+00	2.153130485100000158e+01	9.731544300000000147e-01
2.443204762199999891e+01	8.091852548000000311e+00	2.361513942799999910e+01	2.443204762199999891e+01	7.572530078999999859e+00	2.197064186900000138e+01	9.665640720000000519e-01
2.509952784100000045e+01	8.450681251000000671e+00	2.408957967299999936e+01	2.509952784100000045e+01	7.666910682000000143e+00	2.308440140000000085e+01	9.597622639999999761e-01
2.578524352899999883e+01	8.821666227999999776e+00	2.456684505799999840e+01	2.578524352899999883e+01	8.687135905999999963e+00	2.393553206200000005e+01	9.527482269999999476e-01
2.648969287599999944e+01	9.204890973999999559e+00	2.504659000799999902e+01	2.648969287599999944e+01	9.734885979999999606e+00	2.366777996100000081e+01	9.455220989999999492e-01
2.721338768400000063e+01	9.600413560999999874e+00	2.552849347600000129e+01	2.721338768400000063e+01	9.668051693000000668e+00	2.310794703299999853e+01	9.380858340000000073e-01
2.795685373499999926e+01	1.000831873699999974e+01	2.601226030400000155e+01	2.795685373499999926e+01	8.924838145000000722e+00	2.337234398900000087e+01	9.304430519999999927e-01
2.872063117800000143e+01	1.042874964399999982e+01	2.649752917200000013e+01	2.872063117800000143e+01	8.560601031999999222e+00	2.456634941700000141e+01	9.225956419999999936e-01
2.950527491700000127e+01	1.086175446600000072e+01	2.698378248599999907e+01	2.950527491700000127e+01	9.292438323000000722e+00	2.567508595700000029e+01	9.145409610000000411e-01
3.031135501600000026e+01	1.130711219600000028e+01	2.747059949999999873e+01	3.031135501600000026e+01	9.801466476999999955e+00	2.589512880399999872e+01	9.062808140000000456e-01
3.113945711299999886e+01	1.176476571499999935e+01	2.795790125899999978e+01	3.113945711299999886e+01	9.519341777999999366e+00	2.658021320099999940e+01	8.978287950000000128e-01
3.199018284799999989e+01	1.223500817500000082e+01	2.844521266799999992e+01	3.199018284799999989e+01	1.022581065900000041e+01	2.813828056499999875e+01	8.891856860000000307e-01
3.286415029399999810e+01	1.271740268900000004e+01	2.893188380799999848e+01	3.286415029399999810e+01	1.119169962800000029e+01	2.839711532700000163e+01	8.803478430000000188e-01
3.376199441100000342e+01	1.321189818699999918e+01	2.941808608599999886e+01	3.376199441100000342e+01	1.188057676500000071e+01	2.936822790200000100e+01	8.713373309999999927e-01
3.468436750800000112e+01	1.371859980500000020e+01	2.990293141800000143e+01	3.468436750800000112e+01	1.311383966100000009e+01	2.914785967499999941e+01	8.621443479999999493e-01
3.563193971199999766e+01	1.423692718100000043e+01	3.038656249199999948e+01	3.563193971199999766e+01	1.354612651499999920e+01	2.975163316000000080e+01	8.527900179999999830e-01
3.660539946000000100e+01	1.476715301900000021e+01	3.086819244000000140e+01	3.660539946000000100e+01	1.453360957900000017e+01	2.867509507500000154e+01	8.432688320000000237e-01
3.760545399699999791e+01	1.530872206599999963e+01	3.134804171800000105e+01	3.760545399699999791e+01	1.401520274599999993e+01	2.876679987700000041e+01	8.336035969999999740e-01
3.863282988699999976e+01	1.586148963900000020e+01	3.182523932699999847e+01	3.863282988699999976e+01	1.286629913900000055e+01	2.875300542200000109e+01	8.237874219999999914e-01
3.968827354599999779e+01	1.642548347800000030e+01	3.229993839600000172e+01	3.968827354599999779e+01	1.289817764500000052e+01	2.996189744699999835e+01	8.138408529999999752e-01
4.077255178299999727e+01	1.700003544200000150e+01	3.277186619500000120e+01	4.077255178299999727e+01	1.251192436200000024e+01	3.163012578100000027e+01	8.037727529999999510e-01
4.188645235399999933e+01	1.758498701599999947e+01	3.324050856699999912e+01	4.188645235399999933e+01	1.224070626099999970e+01	3.302773777800000232e+01	7.935861530000000164e-01
4.303078453700000239e+01	1.818022650200000001e+01	3.370574972499999689e+01	4.303078453700000239e+01	1.292982261300000069e+01	3.467338778100000241e+01	7.832938689999999760e-01
4.420637972000000104e+01	1.878540449300000148e+01	3.416750697500000200e+01	4.420637972000000104e+01	1.450508175599999916e+01	3.615611584599999873e+01	7.729089599999999782e-01
4.541409200399999690e+01	1.940014413000000104e+01	3.462559542500000020e+01	4.541409200399999690e+01	1.632176819400000056e+01	3.740464060200000063e+01	7.624416539999999687e-01
4.665479882199999651e+01	2.002411652300000000e+01	3.507982570600000116e+01	4.665479882199999651e+01	1.831916408700000076e+01	3.807148120800000157e+01	7.519017679999999704e-01
4.792940158300000064e+01	2.065700490700000103e+01	3.553005304500000250e+01	4.792940158300000064e+01	2.010737314200000014e+01	3.800972357700000259e+01	7.412997420000000393e-01
4.923882631699999735e+01	2.129848661200000137e+01	3.597618336800000094e+01	4.923882631699999735e+01	2.126866752200000121e+01	3.742568373600000342e+01	7.306466470000000379e-01
5.058402435699999700e+01	2.194826579600000116e+01	3.641816896099999923e+01	5.058402435699999700e+01	2.170278138100000120e+01	3.691390337200000005e+01	7.199539659999999452e-01
5.196597302499999671e+01	2.260612080699999993e+01	3.685592949400000151e+01	5.196597302499999671e+01	2.187115467199999941e+01	3.683975957900000253e+01	7.092319710000000166e-01
5.338567634199999645e+01	2.327174975499999832e+01	3.728922600399999965e+01	5.338567634199999645e+01	2.205307744999999997e+01	3.676975010299999980e+01	6.984874699999999992e-01
5.484416576099999929e+01	2.394453172200000068e+01	3.771802172900000016e+01	5.484416576099999929e+01	2.147004814399999972e+01	3.674214190200000019e+01	6.877307950000000059e-01
5.634250091300000207e+01	2.462435050699999906e+01	3.814270736999999656e+01	5.634250091300000207e+01	2.077177964699999890e+01	3.845016860900000211e+01	6.769793100000000008e-01
5.788177037700000227e+01	2.531114793400000096e+01	3.856269216500000141e+01	5.788177037700000227e+01	2.177518053400000042e+01	3.978409271000000302e+01	6.662320779999999498e-01
5.946309247399999975e+01	2.600406679900000029e+01	3.897842486900000125e+01	5.946309247399999975e+01	2.207373421300000160e+01	4.165757449000000179e+01	6.555061850000000190e-01
6.108761607499999968e+01	2.670342368800000088e+01	3.938946840599999888e+01	6.108761607499999968e+01	2.470929925900000157e+01	4.245181598900000353e+01	6.448028409999999599e-01
6.275652144000000021e+01	2.740852176299999954e+01	3.979635620399999851e+01	6.275652144000000021e+01	2.652712073400000037e+01	4.275070908600000053e+01	6.341389750000000491e-01
6.447102107300000284e+01	2.811904270599999833e+01	4.019856787999999881e+01	6.447102107300000284e+01	2.665794826400000161e+01	4.207678188599999913e+01	6.235137459999999798e-01
6.623236060300000361e+01	2.883500368900000055e+01	4.059624965999999802e+01	6.623236060300000361e+01	2.683009749500000041e+01	4.149545329400000071e+01	6.129367770000000437e-01
6.804181968899999333e+01	2.955600232400000138e+01	4.098954803499999855e+01	6.804181968899999333e+01	2.702263285800000148e+01	4.215902488500000089e+01	6.024169870000000149e-01
6.990071295200000634e+01	3.028166473399999958e+01	4.137840731800000071e+01	6.990071295200000634e+01	2.718865735400000005e+01	4.337329212200000228e+01	5.919597319999999607e-01
7.181039092499999299e+01	3.101168948200000131e+01	4.176278685799999835e+01	7.181039092499999299e+01	2.821377578799999952e+01	4.488874821499999968e+01	5.815702480000000119e-01
7.377224104200000454e+01	3.174578315300000142e+01	4.214271432200000334e+01	7.377224104200000454e+01	2.906594743200000153e+01	4.609833488600000351e+01	5.712543599999999611e-01
7.578768863599999861e+01	3.248373549499999768e+01	4.251823058299999758e+01	7.578768863599999861e+01	3.102280220300000124e+01	4.734546774300000038e+01	5.610176449999999537e-01
7.785819798500000388e+01	3.322533751499999966e+01	4.288912165499999674e+01	7.785819798500000388e+01	3.301167834799999667e+01	4.757763185499999992e+01	5.508619869999999974e-01
7.998527336799999432e+01	3.396984043100000150e+01	4.325530077199999823e+01	7.998527336799999432e+01	3.396913341700000188e+01	4.673204506100000089e+01	5.407908099999999552e-01
8.217046016099999406e+01	3.471724247899999938e+01	4.361726964000000351e+01	8.217046016099999406e+01	3.477995809699999796e+01	4.773728020699999774e+01	5.308144750000000078e-01
8.441534595999999624e+01	3.546699959299999705e+01	4.397426962499999803e+01	8.441534595999999624e+01	3.542583505300000013e+01	4.746813333499999743e+01	5.209274350000000497e-01
8.672156173400000512e+01	3.621897386700000254e+01	4.432692156099999892e+01	8.672156173400000512e+01	3.743214680999999899e+01	4.826402540099999783e+01	5.111407209999999646e-01
8.909078300900000613e+01	3.697232549200000307e+01	4.467494373299999921e+01	8.909078300900000613e+01	3.864469850599999745e+01	4.870761767700000178e+01	5.014541599999999821e-01
9.152473108799999579e+01	3.772684481099999942e+01	4.501819091400000161e+01	9.152473108799999579e+01	3.941227396299999697e+01	4.782835486599999797e+01	4.918691419999999814e-01
9.402517429700000662e+01	3.848210633200000075e+01	4.535677712100000036e+01	9.402517429700000662e+01	3.963526061299999981e+01	4.704404727299999678e+01	4.823897160000000239e-01
9.659392927400000417e+01	3.923759535199999959e+01	4.569072245200000282e+01	9.659392927400000417e+01	3.947612248200000096e+01	4.713570719900000228e+01	4.730185720000000260e-01
9.923286228800000686e+01	3.999276922100000320e+01	4.601993429600000240e+01	9.923286228800000686e+01	3.969435369699999683e+01	4.777070469699999933e+01	4.637569979999999759e-01
1.019438905939999955e+02	4.074681831800000253e+01	4.634442512199999697e+01	1.019438905939999955e+02	3.978850969900000223e+01	4.838620422999999704e+01	4.546071850000000247e-01
1.047289838239999966e+02	4.149934251100000182e+01	4.666466056600000201e+01	1.047289838239999966e+02	4.035830382599999666e+01	5.028526329799999672e+01	4.455754160000000019e-01
1.075901654219999983e+02	4.224978505400000017e+01	4.698003534699999761e+01	1.075901654219999983e+02	4.190308555800000079e+01	5.068171477599999974e+01	4.366573389999999777e-01
