1.000000000000000056e-01	7.498813000000000006e-03	1.312994500000000120e-01	1.000000000000000056e-01	-4.922461999999999671e-02	1.833817169999999996e-01	1.312994503000000091e+00
1.027319859999999974e-01	7.724415000000000101e-03	1.348466379999999909e-01	1.027319859999999974e-01	-4.813370899999999675e-02	1.882116689999999981e-01	1.312606155000000108e+00
1.055386100000000049e-01	7.961835000000000440e-03	1.384874600000000067e-01	1.055386100000000049e-01	-4.698416600000000082e-02	1.931583470000000080e-01	1.312197116999999968e+00
1.084219109999999958e-01	8.211651999999999840e-03	1.422242129999999882e-01	1.084219109999999958e-01	-4.577295800000000248e-02	1.982236500000000012e-01	1.311766336000000033e+00
1.113839830000000058e-01	8.474469999999999573e-03	1.460592320000000111e-01	1.113839830000000058e-01	-4.449690800000000168e-02	2.034094190000000080e-01	1.311312709000000076e+00
1.144269779999999986e-01	8.750915999999999209e-03	1.499948969999999882e-01	1.144269779999999986e-01	-4.315269299999999891e-02	2.087174270000000109e-01	1.310835084999999900e+00
1.175531070000000039e-01	9.041640000000000094e-03	1.540336290000000052e-01	1.175531070000000039e-01	-4.173683799999999833e-02	2.141493660000000077e-01	1.310332263000000053e+00
1.207646420000000054e-01	9.347318999999999767e-03	1.581778889999999882e-01	1.207646420000000054e-01	-4.024571300000000240e-02	2.197068349999999892e-01	1.309802987999999946e+00
1.240639159999999963e-01	9.668654000000000484e-03	1.624301800000000073e-01	1.240639159999999963e-01	-3.867552700000000121e-02	2.253913250000000035e-01	1.309245951000000074e+00
1.274533250000000062e-01	1.000637100000000002e-02	1.667930420000000025e-01	1.274533250000000062e-01	-3.702232700000000071e-02	2.312042059999999954e-01	1.308659789000000018e+00
1.309353329999999871e-01	1.036122100000000032e-02	1.712690560000000028e-01	1.309353329999999871e-01	-3.528199299999999761e-02	2.371467050000000132e-01	1.308043083999999912e+00
1.345124679999999961e-01	1.073397899999999940e-02	1.758608419999999894e-01	1.345124679999999961e-01	-3.345023500000000177e-02	2.432198899999999941e-01	1.307394358000000034e+00
1.381873309999999966e-01	1.112544600000000064e-02	1.805710540000000086e-01	1.381873309999999966e-01	-3.152259300000000153e-02	2.494246529999999962e-01	1.306712078000000110e+00
1.419625899999999996e-01	1.153644399999999987e-02	1.854023830000000039e-01	1.419625899999999996e-01	-2.949443499999999940e-02	2.557616799999999913e-01	1.305994649999999924e+00
1.458409880000000047e-01	1.196781899999999933e-02	1.903575530000000127e-01	1.458409880000000047e-01	-2.736095700000000172e-02	2.622314350000000127e-01	1.305240423999999955e+00
1.498253439999999992e-01	1.242043900000000013e-02	1.954393239999999976e-01	1.498253439999999992e-01	-2.511718300000000126e-02	2.688341289999999772e-01	1.304447687999999994e+00
1.539185519999999863e-01	1.289519100000000029e-02	2.006504829999999906e-01	1.539185519999999863e-01	-2.275797099999999837e-02	2.755696930000000044e-01	1.303614673000000002e+00
1.581235860000000104e-01	1.339298199999999946e-02	2.059938500000000061e-01	1.581235860000000104e-01	-2.027801400000000046e-02	2.824377450000000178e-01	1.302739553000000106e+00
1.624435009999999902e-01	1.391473399999999978e-02	2.114722709999999894e-01	1.624435009999999902e-01	-1.767184999999999936e-02	2.894375639999999805e-01	1.301820442999999994e+00
1.668814349999999946e-01	1.446138299999999953e-02	2.170886170000000115e-01	1.668814349999999946e-01	-1.493386699999999997e-02	2.965680430000000034e-01	1.300855403999999993e+00
1.714406139999999912e-01	1.503387599999999984e-02	2.228457859999999902e-01	1.714406139999999912e-01	-1.205831800000000016e-02	3.038276599999999994e-01	1.299842442999999959e+00
1.761243479999999861e-01	1.563316899999999884e-02	2.287466949999999999e-01	1.761243479999999861e-01	-9.039336999999999719e-03	3.112144319999999853e-01	1.298779515999999967e+00
1.809360409999999919e-01	1.626021799999999989e-02	2.347942829999999925e-01	1.809360409999999919e-01	-5.870952999999999936e-03	3.187258729999999929e-01	1.297664533000000064e+00
1.858791890000000002e-01	1.691598199999999955e-02	2.409915069999999937e-01	1.858791890000000002e-01	-2.547118000000000125e-03	3.263589410000000135e-01	1.296495361999999929e+00
1.909573830000000083e-01	1.760141000000000136e-02	2.473413379999999939e-01	1.909573830000000083e-01	9.382659999999999915e-04	3.341099960000000202e-01	1.295269830999999927e+00
1.961743129999999891e-01	1.831744199999999975e-02	2.538467629999999753e-01	1.961743129999999891e-01	4.591315999999999800e-03	3.419747380000000003e-01	1.293985737999999941e+00
2.015337690000000015e-01	1.906499700000000019e-02	2.605107839999999952e-01	2.015337690000000015e-01	8.418119999999999423e-03	3.499481549999999830e-01	1.292640857999999948e+00
2.070396439999999949e-01	1.984496700000000155e-02	2.673364100000000243e-01	2.070396439999999949e-01	1.242469799999999965e-02	3.580244630000000150e-01	1.291232949000000074e+00
2.126959390000000005e-01	2.065821099999999924e-02	2.743266639999999978e-01	2.126959390000000005e-01	1.661693800000000124e-02	3.661970419999999726e-01	1.289759764000000031e+00
2.185067629999999927e-01	2.150554199999999902e-02	2.814845770000000136e-01	2.185067629999999927e-01	2.100053199999999884e-02	3.744583750000000100e-01	1.288219060999999943e+00
2.244763379999999975e-01	2.238771999999999984e-02	2.888131910000000246e-01	2.244763379999999975e-01	2.558089900000000069e-02	3.827999739999999873e-01	1.286608618000000037e+00
2.306090010000000079e-01	2.330543699999999829e-02	2.963155579999999789e-01	2.306090010000000079e-01	3.036309300000000072e-02	3.912123229999999730e-01	1.284926245000000078e+00
2.369092070000000105e-01	2.425930999999999921e-02	3.039947419999999845e-01	2.369092070000000105e-01	3.535170099999999926e-02	3.996848009999999785e-01	1.283169806000000079e+00
2.433815350000000099e-01	2.524986099999999845e-02	3.118538209999999755e-01	2.433815350000000099e-01	4.055072299999999685e-02	4.082056179999999923e-01	1.281337229000000022e+00
2.500306849999999748e-01	2.627750599999999909e-02	3.198958929999999867e-01	2.500306849999999748e-01	4.596343299999999799e-02	4.167617530000000126e-01	1.279426535999999892e+00
2.568614900000000256e-01	2.734253899999999904e-02	3.281240779999999857e-01	2.568614900000000256e-01	5.159222799999999692e-02	4.253388889999999978e-01	1.277435861000000061e+00
2.638789100000000221e-01	2.844511599999999946e-02	3.365415250000000080e-01	2.638789100000000221e-01	5.743844299999999875e-02	4.339213599999999782e-01	1.275363476999999968e+00
2.710880460000000269e-01	2.958523500000000139e-02	3.451514219999999855e-01	2.710880460000000269e-01	6.350216100000000141e-02	4.424921050000000244e-01	1.273207825999999931e+00
2.784941349999999760e-01	3.076271599999999898e-02	3.539570080000000174e-01	2.784941349999999760e-01	6.978198100000000681e-02	4.510326359999999868e-01	1.270967546999999920e+00
2.861025569999999796e-01	3.197718599999999772e-02	3.629615809999999776e-01	2.861025569999999796e-01	7.627476900000000615e-02	4.595230200000000043e-01	1.268641512999999943e+00
2.939188400000000145e-01	3.322805399999999992e-02	3.721685189999999754e-01	2.939188400000000145e-01	8.297538200000000030e-02	4.679418810000000040e-01	1.266228866000000064e+00
3.019486630000000060e-01	3.451449399999999973e-02	3.815812980000000132e-01	3.019486630000000060e-01	8.987635800000000341e-02	4.762664340000000163e-01	1.263729056000000073e+00
3.101978590000000202e-01	3.583541800000000083e-02	3.912035130000000027e-01	3.101978590000000202e-01	9.696757699999999924e-02	4.844725440000000050e-01	1.261141885000000018e+00
3.186724220000000107e-01	3.718946100000000005e-02	4.010389019999999749e-01	3.186724220000000107e-01	1.042359000000000063e-01	4.925348339999999769e-01	1.258467546999999964e+00
3.273785100000000114e-01	3.857496099999999789e-02	4.110913820000000052e-01	3.273785100000000114e-01	1.116647699999999965e-01	5.004268280000000457e-01	1.255706682000000018e+00
3.363224459999999971e-01	3.998993299999999834e-02	4.213650800000000030e-01	3.363224459999999971e-01	1.192337920000000051e-01	5.081211709999999826e-01	1.252860416999999948e+00
3.455107290000000164e-01	4.143205999999999972e-02	4.318643719999999964e-01	3.455107290000000164e-01	1.269182970000000132e-01	5.155898960000000475e-01	1.249930420999999958e+00
3.549500360000000243e-01	4.289867099999999933e-02	4.425939269999999981e-01	3.549500360000000243e-01	1.346888790000000113e-01	5.228047850000000496e-01	1.246918954999999940e+00
3.646472219999999931e-01	4.438673499999999661e-02	4.535587609999999770e-01	3.646472219999999931e-01	1.425109390000000031e-01	5.297378120000000301e-01	1.243828919999999894e+00
3.746093349999999877e-01	4.589284999999999892e-02	4.647642819999999730e-01	3.746093349999999877e-01	1.503442249999999980e-01	5.363616869999999759e-01	1.240663910000000092e+00
3.848436109999999744e-01	4.741324400000000022e-02	4.762163589999999780e-01	3.848436109999999744e-01	1.581423999999999885e-01	5.426505200000000251e-01	1.237428259000000086e+00
3.953574859999999802e-01	4.894377800000000028e-02	4.879213800000000156e-01	3.953574859999999802e-01	1.658526429999999940e-01	5.485805950000000042e-01	1.234127081000000015e+00
4.061585990000000090e-01	5.047995899999999786e-02	4.998863219999999941e-01	4.061585990000000090e-01	1.734153200000000117e-01	5.541312819999999473e-01	1.230766315000000111e+00
4.172547970000000106e-01	5.201695900000000150e-02	5.121188220000000291e-01	4.172547970000000106e-01	1.807637440000000040e-01	5.592860779999999643e-01	1.227352750999999964e+00
4.286541409999999885e-01	5.354965400000000209e-02	5.246272539999999873e-01	4.286541409999999885e-01	1.878240499999999924e-01	5.640337850000000097e-01	1.223894054000000065e+00
4.403649139999999962e-01	5.507265900000000297e-02	5.374208019999999753e-01	4.403649139999999962e-01	1.945152420000000049e-01	5.683698120000000298e-01	1.220398776999999990e+00
4.523956230000000245e-01	5.658039200000000019e-02	5.505095370000000488e-01	4.523956230000000245e-01	2.007494170000000133e-01	5.722975909999999944e-01	1.216876354000000049e+00
4.647550100000000239e-01	5.806714300000000162e-02	5.639044869999999543e-01	4.647550100000000239e-01	2.064322439999999870e-01	5.758300800000000219e-01	1.213337080000000068e+00
4.774520540000000146e-01	5.952716200000000152e-02	5.776177099999999509e-01	4.774520540000000146e-01	2.114636950000000071e-01	5.789913230000000022e-01	1.209792071999999941e+00
4.904959790000000264e-01	6.095475999999999672e-02	5.916623479999999491e-01	4.904959790000000264e-01	2.157391039999999871e-01	5.818180179999999924e-01	1.206253208999999993e+00
5.038962630000000109e-01	6.234442899999999982e-02	6.060526819999999537e-01	5.038962630000000109e-01	2.191505450000000021e-01	5.843610350000000286e-01	1.202733037000000005e+00
5.176626399999999517e-01	6.369097599999999637e-02	6.208041579999999948e-01	5.176626399999999517e-01	2.215885750000000098e-01	5.866868130000000292e-01	1.199244661999999906e+00
5.318051129999999960e-01	6.498967399999999728e-02	6.359334060000000344e-01	5.318051129999999960e-01	2.229443239999999993e-01	5.888785610000000226e-01	1.195801603000000046e+00
5.463339560000000095e-01	6.623642200000000313e-02	6.514582319999999704e-01	5.463339560000000095e-01	2.231119279999999871e-01	5.910371679999999461e-01	1.192417612999999932e+00
5.612597259999999588e-01	6.742791800000000335e-02	6.673975730000000217e-01	5.612597259999999588e-01	2.219912569999999974e-01	5.932817439999999998e-01	1.189106473000000053e+00
5.765932649999999660e-01	6.856183200000000311e-02	6.837714350000000385e-01	5.765932649999999660e-01	2.194908819999999983e-01	5.957497069999999617e-01	1.185881758999999924e+00
5.923457149999999949e-01	6.963698699999999742e-02	7.006007829999999492e-01	5.923457149999999949e-01	2.155311849999999863e-01	5.985963290000000381e-01	1.182756565000000037e+00
6.085285190000000455e-01	7.065352499999999480e-02	7.179073919999999775e-01	6.085285190000000455e-01	2.100475019999999970e-01	6.019937210000000372e-01	1.179743216000000094e+00
6.251534349999999796e-01	7.161305799999999333e-02	7.357136640000000449e-01	6.251534349999999796e-01	2.029931859999999921e-01	6.061291989999999519e-01	1.176852948999999926e+00
6.422325420000000173e-01	7.251880099999999385e-02	7.540423899999999513e-01	6.422325420000000173e-01	1.943424219999999869e-01	6.112030689999999877e-01	1.174095582000000082e+00
6.597782479999999561e-01	7.337565999999999533e-02	7.729164840000000147e-01	6.597782479999999561e-01	1.840926850000000059e-01	6.174258630000000192e-01	1.171479184999999923e+00
6.778032999999999975e-01	7.419027400000000050e-02	7.923586620000000469e-01	6.778032999999999975e-01	1.722667089999999901e-01	6.250151309999999460e-01	1.169009744000000017e+00
6.963207940000000207e-01	7.497100199999999492e-02	8.123911050000000023e-01	6.963207940000000207e-01	1.589138539999999933e-01	6.341918939999999782e-01	1.166690859000000025e+00
7.153441830000000223e-01	7.572782399999999914e-02	8.330350890000000064e-01	7.153441830000000223e-01	1.441108329999999937e-01	6.451769299999999818e-01	1.164523466999999979e+00
7.348872889999999991e-01	7.647217100000000545e-02	8.543106080000000269e-01	7.348872889999999991e-01	1.279617730000000009e-01	6.581870520000000502e-01	1.162505625000000098e+00
7.549643099999999718e-01	7.721664799999999884e-02	8.762360099999999541e-01	7.549643099999999718e-01	1.105976490000000062e-01	6.734315480000000464e-01	1.160632361000000001e+00
7.755898319999999790e-01	7.797466100000000067e-02	8.988276610000000000e-01	7.755898319999999790e-01	9.217519100000000354e-02	6.911089459999999463e-01	1.158895621999999959e+00
7.967788409999999599e-01	7.875993400000000366e-02	9.220996679999999834e-01	7.967788409999999599e-01	7.287539499999999559e-02	7.114042299999999708e-01	1.157284331000000055e+00
8.185467309999999719e-01	7.958592400000000233e-02	9.460636879999999582e-01	8.185467309999999719e-01	5.290184299999999701e-02	7.344865689999999780e-01	1.155784579000000090e+00
8.409093159999999623e-01	8.046514600000000128e-02	9.707288640000000246e-01	8.409093159999999623e-01	3.247901599999999944e-02	7.605076050000000309e-01	1.154379961999999926e+00
8.638828440000000386e-01	8.140842399999999313e-02	9.961019119999999782e-01	8.638828440000000386e-01	1.185086100000000073e-02	7.896002330000000402e-01	1.153052082000000089e+00
8.874840059999999919e-01	8.242410299999999856e-02	1.022187404999999938e+00	8.874840059999999919e-01	-8.720181999999999933e-03	8.218777499999999625e-01	1.151781213000000026e+00
9.117299479999999567e-01	8.351726600000000666e-02	1.048988272000000110e+00	9.117299479999999567e-01	-2.895347699999999830e-02	8.574331880000000128e-01	1.150547127000000058e+00
9.366382869999999583e-01	8.468902000000000374e-02	1.076506543000000038e+00	9.366382869999999583e-01	-4.854961099999999946e-02	8.963385209999999992e-01	1.149330065000000012e+00
9.622271169999999652e-01	8.593591600000000108e-02	1.104744342000000046e+00	9.622271169999999652e-01	-6.718883300000000336e-02	9.386433760000000293e-01	1.148111834999999914e+00
9.885150310000000440e-01	8.724959399999999976e-02	1.133705112999999987e+00	9.885150310000000440e-01	-8.452841399999999616e-02	9.843727700000000080e-01	1.146876959000000085e+00
1.015521128000000051e+00	8.861673800000000045e-02	1.163395047999999932e+00	1.015521128000000051e+00	-1.001989939999999996e-01	1.033523248000000061e+00	1.145613828999999972e+00
1.043265026999999900e+00	9.001944600000000296e-02	1.193824626999999916e+00	1.043265026999999900e+00	-1.138000779999999990e-01	1.086056686000000049e+00	1.144315774000000063e+00
1.071766884999999947e+00	9.143606399999999745e-02	1.225010171999999953e+00	1.071766884999999947e+00	-1.248951400000000017e-01	1.141890829999999912e+00	1.142981919999999985e+00
1.101047410999999920e+00	9.284256400000000242e-02	1.256975257999999984e+00	1.101047410999999920e+00	-1.330070889999999950e-01	1.200885471999999954e+00	1.141617740999999908e+00
1.131127876999999948e+00	9.421445200000000408e-02	1.289751791000000036e+00	1.131127876999999948e+00	-1.376154930000000054e-01	1.262823011000000051e+00	1.140235174000000073e+00
1.162030136000000047e+00	9.552914299999999692e-02	1.323380554000000098e+00	1.162030136000000047e+00	-1.381577489999999964e-01	1.327382105000000090e+00	1.138852179999999992e+00
1.193776641999999999e+00	9.676867799999999686e-02	1.357911008000000086e+00	1.193776641999999999e+00	-1.340376980000000107e-01	1.394103359999999903e+00	1.137491688999999973e+00
1.226390456999999934e+00	9.792252899999999427e-02	1.393400162999999914e+00	1.226390456999999934e+00	-1.246468280000000012e-01	1.462346877999999961e+00	1.136179880999999892e+00
1.259895277999999896e+00	9.899019300000000410e-02	1.429910422999999930e+00	1.259895277999999896e+00	-1.094053309999999946e-01	1.531243455999999892e+00	1.134943870999999938e+00
1.294315445000000064e+00	9.998316699999999779e-02	1.467506385000000080e+00	1.294315445000000064e+00	-8.783225899999999586e-02	1.599645149000000099e+00	1.133808911000000030e+00
1.329675967000000014e+00	1.009258749999999982e-01	1.506250754000000081e+00	1.329675967000000014e+00	-5.965480100000000035e-02	1.666087541000000005e+00	1.132795350999999950e+00
1.366002533999999935e+00	1.018551399999999968e-01	1.546199697000000040e+00	1.366002533999999935e+00	-2.496377899999999844e-02	1.728785980000000055e+00	1.131915687000000004e+00
1.403321537999999924e+00	1.028178730000000041e-01	1.587398155999999894e+00	1.403321537999999924e+00	1.558797599999999992e-02	1.785699810999999970e+00	1.131172089999999963e+00
1.441660090999999921e+00	1.038668370000000035e-01	1.629875817000000060e+00	1.441660090999999921e+00	6.057023400000000057e-02	1.834707265000000032e+00	1.130554856000000052e+00
1.481046048999999920e+00	1.050546049999999954e-01	1.673644552000000063e+00	1.481046048999999920e+00	1.076046560000000069e-01	1.873927713000000050e+00	1.130042210999999908e+00
1.521508026000000013e+00	1.064262049999999959e-01	1.718698185999999906e+00	1.521508026000000013e+00	1.533402419999999877e-01	1.902191823999999976e+00	1.129601787999999996e+00
1.563075417999999939e+00	1.080113189999999945e-01	1.765015304999999923e+00	1.563075417999999939e+00	1.936924409999999930e-01	1.919584195000000104e+00	1.129193949999999891e+00
1.605778426000000092e+00	1.098173380000000005e-01	1.812565506000000104e+00	1.605778426000000092e+00	2.244150279999999886e-01	1.927886495000000089e+00	1.128776846000000056e+00
1.649648073999999909e+00	1.118248720000000057e-01	1.861318953999999914e+00	1.649648073999999909e+00	2.419408329999999940e-01	1.930694815999999925e+00	1.128312750000000086e+00
1.694716235000000015e+00	1.139874059999999995e-01	1.911258305000000046e+00	1.694716235000000015e+00	2.442586499999999938e-01	1.933050710000000061e+00	1.127774824999999925e+00
1.741015651999999969e+00	1.162364639999999977e-01	1.962391175000000043e+00	1.741015651999999969e+00	2.315092039999999962e-01	1.940622854999999980e+00	1.127153091999999912e+00
1.788579963000000106e+00	1.184928590000000059e-01	2.014760460000000197e+00	1.788579963000000106e+00	2.060799889999999912e-01	1.958693817999999975e+00	1.126458141000000079e+00
1.837443724999999972e+00	1.206832189999999944e-01	2.068449345999999966e+00	1.837443724999999972e+00	1.722140699999999969e-01	1.991281263999999940e+00	1.125721194999999897e+00
1.887642437000000006e+00	1.227592089999999941e-01	2.123578060999999906e+00	1.887642437000000006e+00	1.353536180000000089e-01	2.040597291000000091e+00	1.124989573999999992e+00
1.939212571999999968e+00	1.247151870000000051e-01	2.180290717000000100e+00	1.939212571999999968e+00	1.014752970000000060e-01	2.106826609000000072e+00	1.124317543999999947e+00
1.992191596000000064e+00	1.265988560000000096e-01	2.238732868000000042e+00	1.992191596000000064e+00	7.654035100000000647e-02	2.188040398000000053e+00	1.123753795999999916e+00
2.046617998999999966e+00	1.285097360000000133e-01	2.299023533000000175e+00	2.046617998999999966e+00	6.597028400000000403e-02	2.280045576000000018e+00	1.123328112000000045e+00
2.102531325000000173e+00	1.305822329999999920e-01	2.361228466000000026e+00	2.102531325000000173e+00	7.386220899999999812e-02	2.376117934999999903e+00	1.123040802000000005e+00
2.159972194999999928e+00	1.329539540000000131e-01	2.425343518000000032e+00	2.159972194999999928e+00	1.015717460000000044e-01	2.466902227999999919e+00	1.122858676000000111e+00
2.218982340999999803e+00	1.357252019999999892e-01	2.491296731999999903e+00	2.218982340999999803e+00	1.455320559999999930e-01	2.541273533000000029e+00	1.122720394999999982e+00
2.279604636999999823e+00	1.389209740000000026e-01	2.558974436000000185e+00	2.279604636999999823e+00	1.951067649999999876e-01	2.589301633999999908e+00	1.122551864999999927e+00
2.341883125999999926e+00	1.424703429999999993e-01	2.628269529000000215e+00	2.341883125999999926e+00	2.327857389999999915e-01	2.607602084999999903e+00	1.122288938999999930e+00
2.405863055000000195e+00	1.462171459999999923e-01	2.699140412000000211e+00	2.405863055000000195e+00	2.392578089999999880e-01	2.604475373000000094e+00	1.121901102000000039e+00
2.471590905999999865e+00	1.499680599999999864e-01	2.771659549999999861e+00	2.471590905999999865e+00	2.022055030000000087e-01	2.599823488999999821e+00	1.121407084000000109e+00
2.539114434000000031e+00	1.535693780000000064e-01	2.846026741000000193e+00	2.539114434000000031e+00	1.226026010000000055e-01	2.618056499000000148e+00	1.120873760000000052e+00
2.608482695000000184e+00	1.569862360000000012e-01	2.922529251999999911e+00	2.608482695000000184e+00	1.368418799999999991e-02	2.679254709999999928e+00	1.120394341999999988e+00
2.679746086999999832e+00	1.603464910000000077e-01	3.001451053999999896e+00	2.679746086999999832e+00	-1.048040420000000000e-01	2.795020551999999991e+00	1.120050540999999900e+00
2.752956386000000144e+00	1.639156659999999877e-01	3.082961072999999885e+00	2.752956386000000144e+00	-2.109949210000000019e-01	2.969453748999999920e+00	1.119872835000000011e+00
2.828166780000000102e+00	1.679943389999999925e-01	3.167033051000000210e+00	2.828166780000000102e+00	-2.810212810000000117e-01	3.200954607999999979e+00	1.119818347999999908e+00
2.905431912000000061e+00	1.727699159999999956e-01	3.253451717999999993e+00	2.905431912000000061e+00	-2.862421909999999792e-01	3.480163242999999795e+00	1.119782467999999920e+00
2.984807916999999922e+00	1.781944109999999970e-01	3.341930264999999789e+00	2.984807916999999922e+00	-1.927620459999999925e-01	3.780419506999999957e+00	1.119646676999999979e+00
3.066352462999999862e+00	1.839728790000000058e-01	3.432304165000000129e+00	3.066352462999999862e+00	2.488697200000000026e-02	4.041918584000000259e+00	1.119344303999999957e+00
3.150124796000000060e+00	1.897083210000000131e-01	3.524700065000000215e+00	3.150124796000000060e+00	3.420957909999999824e-01	4.171894681000000382e+00	1.118908073000000059e+00
3.236185777000000208e+00	1.951558449999999945e-01	3.619553451999999893e+00	3.236185777000000208e+00	6.454365199999999581e-01	4.107669090999999995e+00	1.118462813999999916e+00
3.324597932000000089e+00	2.004364760000000023e-01	3.717411251000000139e+00	3.324597932000000089e+00	7.960958129999999855e-01	3.908121889999999876e+00	1.118153632000000064e+00
3.415425496000000116e+00	2.060335279999999936e-01	3.818600039000000113e+00	3.415425496000000116e+00	7.597458480000000014e-01	3.715751269000000079e+00	1.118045187000000107e+00
3.508734456000000002e+00	2.125039270000000091e-01	3.922981497999999956e+00	3.508734456000000002e+00	6.088560509999999537e-01	3.626832523000000030e+00	1.118061667999999953e+00
3.604592604000000033e+00	2.200526260000000012e-01	4.030028202999999642e+00	3.604592604000000033e+00	4.308944619999999781e-01	3.655003334999999964e+00	1.118025986999999999e+00
3.703069584000000081e+00	2.282991099999999995e-01	4.139260487999999683e+00	3.703069584000000081e+00	2.815618509999999741e-01	3.770564139999999842e+00	1.117791712000000048e+00
3.804236942000000177e+00	2.365197470000000024e-01	4.250760730999999737e+00	3.804236942000000177e+00	1.843525739999999913e-01	3.932418514000000087e+00	1.117375388999999997e+00
3.908168177999999937e+00	2.442902120000000066e-01	4.365284070999999599e+00	3.908168177999999937e+00	1.374084710000000042e-01	4.102079285000000297e+00	1.116964233000000029e+00
4.014938800999999557e+00	2.519959150000000148e-01	4.483715050999999896e+00	4.014938800999999557e+00	1.197232139999999945e-01	4.254166142999999956e+00	1.116758005999999970e+00
4.124626382999999841e+00	2.606141370000000235e-01	4.606245256000000232e+00	4.124626382999999841e+00	1.033552670000000007e-01	4.384078249999999954e+00	1.116766665999999963e+00
4.237310615000000169e+00	2.707788580000000112e-01	4.732111352999999632e+00	4.237310615000000169e+00	6.748853100000000438e-02	4.504645345000000134e+00	1.116772354999999939e+00
4.353073365000000194e+00	2.820013040000000082e-01	4.860387389999999641e+00	4.353073365000000194e+00	2.986574999999999994e-03	4.636833878000000020e+00	1.116541575000000064e+00
4.471998736999999835e+00	2.930720259999999855e-01	4.991194066000000262e+00	4.471998736999999835e+00	-8.783663499999999624e-02	4.807164236000000201e+00	1.116099167000000003e+00
4.594173135000000130e+00	3.035104920000000206e-01	5.125871037999999658e+00	4.594173135000000130e+00	-1.822649620000000026e-01	5.046809448000000309e+00	1.115733101000000005e+00
4.719685319999999962e+00	3.144014250000000121e-01	5.265534762999999785e+00	4.719685319999999962e+00	-2.214148589999999917e-01	5.373525560000000034e+00	1.115653779000000068e+00
4.848626481000000155e+00	3.272173440000000211e-01	5.409587077000000299e+00	4.848626481000000155e+00	-1.132752919999999996e-01	5.741456821999999960e+00	1.115694742999999933e+00
4.981090296999999723e+00	3.417621860000000233e-01	5.556402150000000262e+00	4.981090296999999723e+00	1.772004929999999867e-01	5.980001040000000323e+00	1.115499180999999895e+00
5.117173006999999885e+00	3.561991350000000001e-01	5.705805015000000147e+00	5.117173006999999885e+00	4.399893899999999802e-01	5.916017969000000321e+00	1.115030702999999956e+00
5.256973477999999922e+00	3.697861279999999917e-01	5.859806299999999801e+00	5.256973477999999922e+00	3.687574100000000077e-01	5.720238052000000017e+00	1.114672982000000090e+00
5.400593278999999747e+00	3.844204270000000090e-01	6.019769110999999562e+00	5.400593278999999747e+00	-9.952850000000000499e-04	5.744981387000000161e+00	1.114649594999999938e+00
5.548136752999999644e+00	4.018347629999999837e-01	6.184043584000000315e+00	5.548136752999999644e+00	-4.113462359999999762e-01	6.143385007000000009e+00	1.114616285999999956e+00
5.699711094000000422e+00	4.204180319999999971e-01	6.350670975999999968e+00	5.699711094000000422e+00	-5.759532819999999553e-01	6.900076012999999620e+00	1.114209277000000053e+00
5.855426426000000184e+00	4.378195539999999997e-01	6.521359315999999851e+00	5.855426426000000184e+00	-1.641268959999999943e-01	7.759916946999999787e+00	1.113729186999999898e+00
6.015395879999999806e+00	4.556963199999999881e-01	6.698908624000000422e+00	6.015395879999999806e+00	7.785336299999999765e-01	8.043093977999999922e+00	1.113627225000000109e+00
6.179735678000000121e+00	4.770271200000000267e-01	6.881713604999999845e+00	6.179735678000000121e+00	1.381842712999999945e+00	7.531031012999999774e+00	1.113593520000000003e+00
6.348565215999999900e+00	4.998823909999999815e-01	7.066793314999999964e+00	6.348565215999999900e+00	1.238878370999999978e+00	6.966803457000000144e+00	1.113132349000000021e+00
6.522007154999999834e+00	5.211506249999999785e-01	7.256696112000000198e+00	6.522007154999999834e+00	7.015195130000000390e-01	6.824851768000000263e+00	1.112647677000000002e+00
6.700187503999999628e+00	5.439397799999999839e-01	7.454616080000000089e+00	6.700187503999999628e+00	1.420775509999999964e-01	7.173629316000000422e+00	1.112598128999999991e+00
6.883235714999999644e+00	5.710127139999999768e-01	7.656860112000000385e+00	6.883235714999999644e+00	-9.584993099999999933e-02	7.916742411000000423e+00	1.112392548000000092e+00
7.071284778999999965e+00	5.977638730000000011e-01	7.861634407000000380e+00	7.071284778999999965e+00	2.458425880000000008e-01	8.600113692000000754e+00	1.111768886999999983e+00
7.264471318000000011e+00	6.236348969999999658e-01	8.074494785000000618e+00	7.264471318000000011e+00	6.649738600000000277e-01	8.694631135999999927e+00	1.111504805999999901e+00
7.462935685999999791e+00	6.544624810000000403e-01	8.294358731999999179e+00	7.462935685999999791e+00	5.926794800000000363e-01	8.718092266999999396e+00	1.111406968999999911e+00
7.666822074999999792e+00	6.868244919999999532e-01	8.516080466000000015e+00	7.666822074999999792e+00	4.474477450000000078e-01	9.117976329999999408e+00	1.110770588000000059e+00
7.876278611000000041e+00	7.172226059999999848e-01	8.745602512999999689e+00	7.876278611000000041e+00	5.374806069999999991e-01	9.643201138000000228e+00	1.110372415999999918e+00
8.091457472000000095e+00	7.530537899999999452e-01	8.983557521999999906e+00	8.091457472000000095e+00	7.616810760000000124e-01	1.017406513599999940e+01	1.110252084000000083e+00
8.312514990000000381e+00	7.908133600000000207e-01	9.223114973999999577e+00	8.312514990000000381e+00	1.263254996999999991e+00	1.069713000600000008e+01	1.109545664999999959e+00
8.539611769000000407e+00	8.266327629999999926e-01	9.471828365000000360e+00	8.539611769000000407e+00	1.969549801000000100e+00	1.085626396199999988e+01	1.109163815000000053e+00
8.772912802000000454e+00	8.694622189999999806e-01	9.728331415999999621e+00	8.772912802000000454e+00	2.575065701999999845e+00	1.068692346599999965e+01	1.108905518000000034e+00
9.012587587000000511e+00	9.119605010000000345e-01	9.986781970999999203e+00	9.012587587000000511e+00	2.912992081000000066e+00	1.012754542699999938e+01	1.108092639999999962e+00
9.258810254000000128e+00	9.553586330000000126e-01	1.025744582199999932e+01	9.258810254000000128e+00	2.535058509000000182e+00	9.655534765000000519e+00	1.107857872000000077e+00
9.511759690999999961e+00	1.005955382000000009e+00	1.053163111299999954e+01	9.511759690999999961e+00	2.067451195999999936e+00	9.816518730000000303e+00	1.107222160000000066e+00
9.771619673000000006e+00	1.053004907000000046e+00	1.081297431700000011e+01	9.771619673000000006e+00	1.888561412000000050e+00	1.010457043799999965e+01	1.106569297999999923e+00
1.003857899399999987e+01	1.108241199000000066e+00	1.110489636400000002e+01	1.003857899399999987e+01	1.769137439000000089e+00	1.046915783100000041e+01	1.106221942999999985e+00
1.031283160699999968e+01	1.162862748000000002e+00	1.139858372099999961e+01	1.031283160699999968e+01	1.952847720999999925e+00	1.074673481900000027e+01	1.105281667999999939e+00
1.059457676399999926e+01	1.221487583000000043e+00	1.170671289100000045e+01	1.059457676399999926e+01	1.948943706999999970e+00	1.069266159899999913e+01	1.104972209000000039e+00
1.088401916099999944e+01	1.284600532000000017e+00	1.201557369600000058e+01	1.088401916099999944e+01	1.717808811000000047e+00	1.069609630200000083e+01	1.103964769000000068e+00
1.118136908399999996e+01	1.347910138000000035e+00	1.233907239900000086e+01	1.118136908399999996e+01	1.160365073999999996e+00	1.081642913900000025e+01	1.103538600999999897e+00
1.148684256700000006e+01	1.419100186999999957e+00	1.266442708099999948e+01	1.148684256700000006e+01	5.926929770000000097e-01	1.146462648500000014e+01	1.102515944000000081e+00
1.180066154400000045e+01	1.488922212999999939e+00	1.300403632399999942e+01	1.180066154400000045e+01	2.544123779999999946e-01	1.230597949400000068e+01	1.101975195999999935e+00
1.212305401300000085e+01	1.567850117000000099e+00	1.334599909699999998e+01	1.212305401300000085e+01	3.159853300000000087e-01	1.344019915600000026e+01	1.100877639999999991e+00
1.245425420099999947e+01	1.646035562000000008e+00	1.370318145100000073e+01	1.245425420099999947e+01	7.343619030000000381e-01	1.415320967999999979e+01	1.100281174999999889e+00
1.279450273199999977e+01	1.732229443999999896e+00	1.406170355000000072e+01	1.279450273199999977e+01	1.172468861000000029e+00	1.481156003599999949e+01	1.099042599999999981e+00
1.314404680700000050e+01	1.821220682999999951e+00	1.443740741100000058e+01	1.314404680700000050e+01	1.472341765999999996e+00	1.524141005200000087e+01	1.098398964999999894e+00
1.350314037899999953e+01	1.913721637000000086e+00	1.481384472999999957e+01	1.350314037899999953e+01	2.121557805000000130e+00	1.579583842799999971e+01	1.097066631999999986e+00
1.387204433800000025e+01	2.015947397999999779e+00	1.520659451400000073e+01	1.387204433800000025e+01	2.601142589999999810e+00	1.584364598700000037e+01	1.096204289999999970e+00
1.425102670300000085e+01	2.115736386000000024e+00	1.560524949300000053e+01	1.425102670300000085e+01	2.787238592000000015e+00	1.550608064500000083e+01	1.095026331999999991e+00
1.464036281499999959e+01	2.229189497000000131e+00	1.601172972000000172e+01	1.464036281499999959e+01	2.221135428999999828e+00	1.575222675400000050e+01	1.093670281000000077e+00
1.504033553600000062e+01	2.343738817000000196e+00	1.643472080900000165e+01	1.504033553600000062e+01	1.652102675000000076e+00	1.648335364900000144e+01	1.092709718000000052e+00
1.545123545799999931e+01	2.462360753000000013e+00	1.685987504299999884e+01	1.545123545799999931e+01	1.909700525999999954e+00	1.798074494900000175e+01	1.091166792999999968e+00
1.587336110999999939e+01	2.594591657000000051e+00	1.729777530499999827e+01	1.587336110999999939e+01	2.885977613000000108e+00	1.897604931100000059e+01	1.089736143000000101e+00
1.630701917700000081e+01	2.727957078999999840e+00	1.775078799099999927e+01	1.630701917700000081e+01	3.747890738999999805e+00	1.900971822600000039e+01	1.088536648000000051e+00
1.675252472400000059e+01	2.865938896999999930e+00	1.820757802900000044e+01	1.675252472400000059e+01	4.358071829000000008e+00	1.894395838799999865e+01	1.086855761999999892e+00
1.721020142200000080e+01	3.017750110000000152e+00	1.867428333300000176e+01	1.721020142200000080e+01	4.563429260999999570e+00	1.921605674799999974e+01	1.085070586000000059e+00
1.768038178500000157e+01	3.176940641999999926e+00	1.915758367100000115e+01	1.768038178500000157e+01	4.515685372000000086e+00	1.916822697299999945e+01	1.083550339000000085e+00
1.816340741100000145e+01	3.338780525999999860e+00	1.965125669800000097e+01	1.816340741100000145e+01	4.541579098999999786e+00	1.991800597499999981e+01	1.081914657000000002e+00
1.865962923200000034e+01	3.508832733999999842e+00	2.015098713800000141e+01	1.865962923200000034e+01	5.520887118000000093e+00	2.010510359199999897e+01	1.079924305000000029e+00
1.916940776499999899e+01	3.691659001000000107e+00	2.066049657299999964e+01	1.916940776499999899e+01	5.770646914000000294e+00	2.026816632799999951e+01	1.077784813999999924e+00
1.969311337899999970e+01	3.885799002999999807e+00	2.118375336800000142e+01	1.969311337899999970e+01	6.111434530000000365e+00	1.997967205999999862e+01	1.075693465000000071e+00
2.023112655899999979e+01	4.088462857999999756e+00	2.172061336299999823e+01	2.023112655899999979e+01	5.576424188999999920e+00	1.974358150400000156e+01	1.073623522999999969e+00
2.078383818600000055e+01	4.299157777999999652e+00	2.226903383999999875e+01	2.078383818600000055e+01	4.804296410000000073e+00	2.000075758899999911e+01	1.071459162000000020e+00
2.135164981899999859e+01	4.519202360999999613e+00	2.282774241499999945e+01	2.135164981899999859e+01	4.248494953999999879e+00	2.090858104100000148e+01	1.069132484000000050e+00
2.193497398899999951e+01	4.750124119999999728e+00	2.339669054999999886e+01	2.193497398899999951e+01	4.181669040000000059e+00	2.225412042800000023e+01	1.066638627999999978e+00
2.253423449599999984e+01	4.992948622000000114e+00	2.397636865899999847e+01	2.253423449599999984e+01	4.917216282000000049e+00	2.336412482600000118e+01	1.063997477000000025e+00
2.314986671899999848e+01	5.248299690999999711e+00	2.456722436900000162e+01	2.314986671899999848e+01	5.690928189000000081e+00	2.371828633100000161e+01	1.061225305000000008e+00
2.378231793000000138e+01	5.516700411999999609e+00	2.516944768700000168e+01	2.378231793000000138e+01	5.784676739000000012e+00	2.384638696200000041e+01	1.058326096000000049e+00
2.443204762199999891e+01	5.798745493000000195e+00	2.578291201900000118e+01	2.443204762199999891e+01	5.498964861000000148e+00	2.456652897700000082e+01	1.055290674999999956e+00
2.509952784100000045e+01	6.095028104999999918e+00	2.640710030400000008e+01	2.509952784100000045e+01	5.744737114000000311e+00	2.591104443200000063e+01	1.052095500000000072e+00
2.578524352899999883e+01	6.405737361999999990e+00	2.704112426700000071e+01	2.578524352899999883e+01	6.987825439999999944e+00	2.685621174099999919e+01	1.048705404999999979e+00
2.648969287599999944e+01	6.730085348000000245e+00	2.768432712699999954e+01	2.648969287599999944e+01	8.122027797999999521e+00	2.645549825899999874e+01	1.045098078999999958e+00
2.721338768400000063e+01	7.066652667999999693e+00	2.833783445999999984e+01	2.721338768400000063e+01	7.852193419999999868e+00	2.568259528200000119e+01	1.041319617999999947e+00
2.795685373499999926e+01	7.416355688000000335e+00	2.900526799800000077e+01	2.795685373499999926e+01	6.711028406999999696e+00	2.592105864499999868e+01	1.037501153000000009e+00
2.872063117800000143e+01	7.785572164999999600e+00	2.968794321600000075e+01	2.872063117800000143e+01	5.681458338999999746e+00	2.716504555799999920e+01	1.033680040999999994e+00
2.950527491700000127e+01	8.178840006999999801e+00	3.037754136599999910e+01	2.950527491700000127e+01	5.275816327000000250e+00	2.906518372000000028e+01	1.029563068000000081e+00
3.031135501600000026e+01	8.585434497999999692e+00	3.106787637300000071e+01	3.031135501600000026e+01	5.453498895000000068e+00	3.110110669699999875e+01	1.024958347999999964e+00
3.113945711299999886e+01	9.000633656999999843e+00	3.177496297500000111e+01	3.113945711299999886e+01	6.553400336000000159e+00	3.298396030800000034e+01	1.020408379999999893e+00
3.199018284799999989e+01	9.447089176000000421e+00	3.249718956400000280e+01	3.199018284799999989e+01	8.174516269999999807e+00	3.483310770800000000e+01	1.015848821999999929e+00
3.286415029399999810e+01	9.909152751000000592e+00	3.321227908499999870e+01	3.286415029399999810e+01	1.060959835699999942e+01	3.555165120499999887e+01	1.010592965000000065e+00
3.376199441100000342e+01	1.038327931899999967e+01	3.395158175099999909e+01	3.376199441100000342e+01	1.196598637499999995e+01	3.425054530999999969e+01	1.005615407000000072e+00
3.468436750800000112e+01	1.089237073400000000e+01	3.468612222200000161e+01	3.468436750800000112e+01	1.149300552999999958e+01	3.447544229100000024e+01	1.000050590999999933e+00
3.563193971199999766e+01	1.140479292500000064e+01	3.543757790800000151e+01	3.563193971199999766e+01	1.182886120999999946e+01	3.479706765499999932e+01	9.945452930000000524e-01
3.660539946000000100e+01	1.195550588699999928e+01	3.618436428100000057e+01	3.660539946000000100e+01	1.164503407199999963e+01	3.599720935100000219e+01	9.884980030000000140e-01
3.760545399699999791e+01	1.251574656800000085e+01	3.695252137699999651e+01	3.760545399699999791e+01	1.212331781800000030e+01	3.715478663100000034e+01	9.826372890000000249e-01
3.863282988699999976e+01	1.309979936699999925e+01	3.770724910500000249e+01	3.863282988699999976e+01	1.397826495500000021e+01	3.873043991699999822e+01	9.760415999999999537e-01
3.968827354599999779e+01	1.371821523300000045e+01	3.847831351199999972e+01	3.968827354599999779e+01	1.520803051300000064e+01	3.846278486100000293e+01	9.695134119999999633e-01
4.077255178299999727e+01	1.434637346399999913e+01	3.925756222100000059e+01	4.077255178299999727e+01	1.569590723800000021e+01	3.748865197399999971e+01	9.628429050000000267e-01
4.188645235399999933e+01	1.499623049899999927e+01	4.002855957599999925e+01	4.188645235399999933e+01	1.489957737099999946e+01	3.777772365199999882e+01	9.556445420000000412e-01
4.303078453700000239e+01	1.567765215700000070e+01	4.079940503000000263e+01	4.303078453700000239e+01	1.413004198400000000e+01	3.963627345599999785e+01	9.481445779999999601e-01
4.420637972000000104e+01	1.638595478699999930e+01	4.157544445999999994e+01	4.420637972000000104e+01	1.429745795400000041e+01	4.231909613500000233e+01	9.404851680000000380e-01
4.541409200399999690e+01	1.711707310299999918e+01	4.235387948200000352e+01	4.541409200399999690e+01	1.627798378399999990e+01	4.492799001899999922e+01	9.326153539999999520e-01
4.665479882199999651e+01	1.787071169500000067e+01	4.313106829600000225e+01	4.665479882199999651e+01	1.949921285299999951e+01	4.587209468199999662e+01	9.244722810000000068e-01
4.792940158300000064e+01	1.864716174000000137e+01	4.390511395899999769e+01	4.792940158300000064e+01	2.212189191799999932e+01	4.500123047799999654e+01	9.160371819999999499e-01
4.923882631699999735e+01	1.944588752299999967e+01	4.467606245500000028e+01	4.923882631699999735e+01	2.329957333899999838e+01	4.356376023600000025e+01	9.073340250000000440e-01
5.058402435699999700e+01	2.026764477100000050e+01	4.544629767800000053e+01	5.058402435699999700e+01	2.334523030200000093e+01	4.240776889499999669e+01	8.984318319999999858e-01
5.196597302499999671e+01	2.111898119199999968e+01	4.621613152399999791e+01	5.196597302499999671e+01	2.247167972600000141e+01	4.190809589700000259e+01	8.893537219999999577e-01
5.338567634199999645e+01	2.200389326599999862e+01	4.697248921700000324e+01	5.338567634199999645e+01	2.108864149500000096e+01	4.275107038600000209e+01	8.798706400000000372e-01
5.484416576099999929e+01	2.290085435700000005e+01	4.770941507100000223e+01	5.484416576099999929e+01	2.045738564999999909e+01	4.525929799400000064e+01	8.699086660000000526e-01
5.634250091300000207e+01	2.381547509199999979e+01	4.845832786999999797e+01	5.634250091300000207e+01	2.183068648000000067e+01	4.804295355200000017e+01	8.600670379999999504e-01
5.788177037700000227e+01	2.477405500900000135e+01	4.918275938200000041e+01	5.788177037700000227e+01	2.482903335399999989e+01	4.972191152700000316e+01	8.497106960000000431e-01
5.946309247399999975e+01	2.572924822199999895e+01	4.990469975300000272e+01	5.946309247399999975e+01	2.740632315099999872e+01	4.829849304700000090e+01	8.392550349999999826e-01
6.108761607499999968e+01	2.673060556300000101e+01	5.060272479099999998e+01	6.108761607499999968e+01	2.683243083200000001e+01	4.755090741899999784e+01	8.283630629999999551e-01
6.275652144000000021e+01	2.773995901700000033e+01	5.130739436900000072e+01	6.275652144000000021e+01	2.625622981200000083e+01	4.806823347600000318e+01	8.175627519999999482e-01
6.447102107300000284e+01	2.876244370599999911e+01	5.198000484899999663e+01	6.447102107300000284e+01	2.650459050999999988e+01	4.999281164899999652e+01	8.062537859999999723e-01
6.623236060300000361e+01	2.981672989699999832e+01	5.263468210500000311e+01	6.623236060300000361e+01	2.760329024600000025e+01	5.170021422300000324e+01	7.946973600000000193e-01
6.804181968899999333e+01	3.089122911600000165e+01	5.327932669500000173e+01	6.804181968899999333e+01	2.882037245700000128e+01	5.355214211900000265e+01	7.830379450000000130e-01
6.990071295200000634e+01	3.197940685900000091e+01	5.390792012800000066e+01	6.990071295200000634e+01	3.132479143699999824e+01	5.503119269599999797e+01	7.712070140000000240e-01
7.181039092499999299e+01	3.307986531099999894e+01	5.451696616400000295e+01	7.181039092499999299e+01	3.510677351599999696e+01	5.455763402000000184e+01	7.591793540000000284e-01
7.377224104200000454e+01	3.419114367400000276e+01	5.510862984900000328e+01	7.377224104200000454e+01	3.593019531899999919e+01	5.186556454899999835e+01	7.470103799999999739e-01
7.578768863599999861e+01	3.531854170300000106e+01	5.568780760100000293e+01	7.578768863599999861e+01	3.504609560899999821e+01	5.058077877600000249e+01	7.347869900000000287e-01
7.785819798500000388e+01	3.647189959199999976e+01	5.624044271700000053e+01	7.785819798500000388e+01	3.318347920200000090e+01	5.146751960600000331e+01	7.223445210000000172e-01
7.998527336799999432e+01	3.761879768299999682e+01	5.675531837900000198e+01	7.998527336799999432e+01	3.292558230899999927e+01	5.365253981600000088e+01	7.095721000000000389e-01
8.217046016099999406e+01	3.877764948000000089e+01	5.727710846899999808e+01	8.217046016099999406e+01	3.363814517699999840e+01	5.570976432399999823e+01	6.970523029999999842e-01
8.441534595999999624e+01	3.994279978400000175e+01	5.774683662199999645e+01	8.441534595999999624e+01	3.525327865900000290e+01	5.789883817799999832e+01	6.840798430000000208e-01
8.672156173400000512e+01	4.112459867300000127e+01	5.821734115900000006e+01	8.672156173400000512e+01	3.654972008899999736e+01	5.859881464400000084e+01	6.713133390000000089e-01
8.909078300900000613e+01	4.229181805399999661e+01	5.866372389200000015e+01	8.909078300900000613e+01	3.794705881400000180e+01	5.950090785500000123e+01	6.584713020000000361e-01
9.152473108799999579e+01	4.346249757700000060e+01	5.907888295800000122e+01	9.152473108799999579e+01	3.922419500699999872e+01	6.101632110300000278e+01	6.454963839999999786e-01
9.402517429700000662e+01	4.463748218300000303e+01	5.947325184200000336e+01	9.402517429700000662e+01	4.141110954199999838e+01	6.280228033299999879e+01	6.325247710000000412e-01
9.659392927400000417e+01	4.581427629000000223e+01	5.984859859099999824e+01	9.659392927400000417e+01	4.435504851900000034e+01	6.345619710799999780e+01	6.195896480000000484e-01
9.923286228800000686e+01	4.699186991900000265e+01	6.019682448100000016e+01	9.923286228800000686e+01	4.665019180200000193e+01	6.291515491599999876e+01	6.066218700000000075e-01
1.019438905939999955e+02	4.814968030299999668e+01	6.051490873299999862e+01	1.019438905939999955e+02	4.809206054100000216e+01	6.241365795099999758e+01	5.936099590000000203e-01
1.047289838239999966e+02	4.929892817900000068e+01	6.083833902599999988e+01	1.047289838239999966e+02	4.911359497899999838e+01	6.195538946799999991e+01	5.809121489999999888e-01
1.075901654219999983e+02	5.044997097200000269e+01	6.111410402500000316e+01	1.075901654219999983e+02	5.024545785099999762e+01	6.228119604999999837e+01	5.680268619999999657e-01
