1.000000000000000056e-01	4.249589999999999813e-04	1.226236269999999989e-01	1.000000000000000056e-01	-3.534204900000000038e-02	1.456343449999999984e-01	1.226236271999999961e+00
1.027319859999999974e-01	4.484910000000000264e-04	1.259733590000000070e-01	1.027319859999999974e-01	-3.486969899999999706e-02	1.494853250000000022e-01	1.226233064999999955e+00
1.055386100000000049e-01	4.733240000000000103e-04	1.294145760000000034e-01	1.055386100000000049e-01	-3.437438200000000194e-02	1.534313340000000025e-01	1.226229680999999960e+00
1.084219109999999958e-01	4.995330000000000300e-04	1.329497779999999907e-01	1.084219109999999958e-01	-3.385517600000000071e-02	1.574741940000000118e-01	1.226226108999999953e+00
1.113839830000000058e-01	5.271920000000000035e-04	1.365815280000000076e-01	1.113839830000000058e-01	-3.331114699999999929e-02	1.616157249999999879e-01	1.226222340000000077e+00
1.144269779999999986e-01	5.563830000000000294e-04	1.403124609999999994e-01	1.144269779999999986e-01	-3.274135000000000240e-02	1.658577360000000056e-01	1.226218362000000006e+00
1.175531070000000039e-01	5.871890000000000052e-04	1.441452850000000119e-01	1.175531070000000039e-01	-3.214483299999999766e-02	1.702020300000000042e-01	1.226214163999999940e+00
1.207646420000000054e-01	6.197000000000000468e-04	1.480827799999999972e-01	1.207646420000000054e-01	-3.152064200000000149e-02	1.746503960000000133e-01	1.226209733999999996e+00
1.240639159999999963e-01	6.540110000000000237e-04	1.521278010000000069e-01	1.240639159999999963e-01	-3.086782500000000151e-02	1.792046079999999875e-01	1.226205057999999903e+00
1.274533250000000062e-01	6.902199999999999612e-04	1.562832829999999951e-01	1.274533250000000062e-01	-3.018543900000000141e-02	1.838664190000000032e-01	1.226200124000000002e+00
1.309353329999999871e-01	7.284340000000000259e-04	1.605522390000000132e-01	1.309353329999999871e-01	-2.947255500000000097e-02	1.886375630000000081e-01	1.226194916000000079e+00
1.345124679999999961e-01	7.687629999999999984e-04	1.649377660000000134e-01	1.345124679999999961e-01	-2.872826499999999936e-02	1.935197469999999920e-01	1.226189420999999946e+00
1.381873309999999966e-01	8.113229999999999704e-04	1.694430409999999887e-01	1.381873309999999966e-01	-2.795169299999999968e-02	1.985146499999999870e-01	1.226183620999999890e+00
1.419625899999999996e-01	8.562380000000000511e-04	1.740713329999999948e-01	1.419625899999999996e-01	-2.714200199999999841e-02	2.036239240000000117e-01	1.226177501000000003e+00
1.458409880000000047e-01	9.036390000000000264e-04	1.788259969999999865e-01	1.458409880000000047e-01	-2.629840199999999850e-02	2.088491859999999922e-01	1.226171042000000044e+00
1.498253439999999992e-01	9.536619999999999776e-04	1.837104770000000109e-01	1.498253439999999992e-01	-2.542016799999999993e-02	2.141920210000000102e-01	1.226164226000000079e+00
1.539185519999999863e-01	1.006453000000000035e-03	1.887283150000000076e-01	1.539185519999999863e-01	-2.450664599999999999e-02	2.196539799999999987e-01	1.226157031999999925e+00
1.581235860000000104e-01	1.062164999999999897e-03	1.938831470000000057e-01	1.581235860000000104e-01	-2.355727100000000115e-02	2.252365809999999913e-01	1.226149441000000007e+00
1.624435009999999902e-01	1.120958999999999931e-03	1.991787070000000104e-01	1.624435009999999902e-01	-2.257158100000000028e-02	2.309413060000000129e-01	1.226141429999999977e+00
1.668814349999999946e-01	1.183004999999999994e-03	2.046188310000000010e-01	1.668814349999999946e-01	-2.154923699999999887e-02	2.367696109999999909e-01	1.226132975999999930e+00
1.714406139999999912e-01	1.248483000000000101e-03	2.102074600000000126e-01	1.714406139999999912e-01	-2.049003400000000072e-02	2.427229210000000081e-01	1.226124055000000102e+00
1.761243479999999861e-01	1.317582999999999992e-03	2.159486409999999967e-01	1.761243479999999861e-01	-1.939392900000000072e-02	2.488026439999999895e-01	1.226114640000000033e+00
1.809360409999999919e-01	1.390504000000000089e-03	2.218465310000000135e-01	1.809360409999999919e-01	-1.826105700000000068e-02	2.550101739999999784e-01	1.226104703999999934e+00
1.858791890000000002e-01	1.467458000000000044e-03	2.279053990000000085e-01	1.858791890000000002e-01	-1.709175599999999962e-02	2.613469010000000203e-01	1.226094220000000012e+00
1.909573830000000083e-01	1.548667000000000099e-03	2.341296310000000047e-01	1.909573830000000083e-01	-1.588659200000000146e-02	2.678142299999999865e-01	1.226083156000000063e+00
1.961743129999999891e-01	1.634365999999999944e-03	2.405237299999999911e-01	1.961743129999999891e-01	-1.464638099999999998e-02	2.744135899999999850e-01	1.226071480000000102e+00
2.015337690000000015e-01	1.724803999999999921e-03	2.470923230000000026e-01	2.015337690000000015e-01	-1.337221700000000048e-02	2.811464590000000152e-01	1.226059159999999926e+00
2.070396439999999949e-01	1.820241000000000003e-03	2.538401599999999814e-01	2.070396439999999949e-01	-1.206550099999999931e-02	2.880143900000000090e-01	1.226046157999999942e+00
2.126959390000000005e-01	1.920952999999999983e-03	2.607721199999999961e-01	2.126959390000000005e-01	-1.072796699999999971e-02	2.950190369999999840e-01	1.226032438000000058e+00
2.185067629999999927e-01	2.027230999999999998e-03	2.678932159999999896e-01	2.185067629999999927e-01	-9.361704999999999680e-03	3.021621919999999961e-01	1.226017960000000073e+00
2.244763379999999975e-01	2.139382999999999910e-03	2.752085919999999741e-01	2.244763379999999975e-01	-7.969197000000000780e-03	3.094458279999999784e-01	1.226002682999999926e+00
2.306090010000000079e-01	2.257730999999999801e-03	2.827235359999999975e-01	2.306090010000000079e-01	-6.553334000000000069e-03	3.168721449999999940e-01	1.225986561999999891e+00
2.369092070000000105e-01	2.382617999999999975e-03	2.904434750000000065e-01	2.369092070000000105e-01	-5.117441000000000351e-03	3.244436230000000143e-01	1.225969550999999935e+00
2.433815350000000099e-01	2.514404000000000031e-03	2.983739819999999821e-01	2.433815350000000099e-01	-3.665297999999999994e-03	3.321630919999999931e-01	1.225951601000000002e+00
2.500306849999999748e-01	2.653468999999999880e-03	3.065207830000000189e-01	2.500306849999999748e-01	-2.201153999999999871e-03	3.400337959999999993e-01	1.225932660000000007e+00
2.568614900000000256e-01	2.800214000000000088e-03	3.148897549999999934e-01	2.568614900000000256e-01	-7.297340000000000033e-04	3.480594779999999777e-01	1.225912673000000064e+00
2.638789100000000221e-01	2.955061000000000146e-03	3.234869360000000027e-01	2.638789100000000221e-01	7.437589999999999783e-04	3.562444670000000091e-01	1.225891583999999979e+00
2.710880460000000269e-01	3.118455999999999919e-03	3.323185220000000051e-01	2.710880460000000269e-01	2.213653999999999795e-03	3.645937770000000078e-01	1.225869332000000034e+00
2.784941349999999760e-01	3.290870999999999900e-03	3.413908800000000077e-01	2.784941349999999760e-01	3.673837000000000109e-03	3.731132120000000274e-01	1.225845853000000041e+00
2.861025569999999796e-01	3.472799999999999845e-03	3.507105449999999847e-01	2.861025569999999796e-01	5.117784000000000222e-03	3.818094839999999768e-01	1.225821078999999925e+00
2.939188400000000145e-01	3.664765999999999857e-03	3.602842259999999852e-01	2.939188400000000145e-01	6.538618999999999855e-03	3.906903369999999986e-01	1.225794939000000028e+00
3.019486630000000060e-01	3.867323000000000201e-03	3.701188149999999899e-01	3.019486630000000060e-01	7.929188999999999682e-03	3.997646679999999897e-01	1.225767359000000001e+00
3.101978590000000202e-01	4.081050000000000129e-03	3.802213839999999956e-01	3.101978590000000202e-01	9.282162999999999525e-03	4.090426690000000254e-01	1.225738259000000108e+00
3.186724220000000107e-01	4.306561000000000416e-03	3.905991959999999819e-01	3.186724220000000107e-01	1.059016200000000019e-02	4.185359550000000151e-01	1.225707557000000003e+00
3.273785100000000114e-01	4.544504000000000425e-03	4.012597090000000200e-01	3.273785100000000114e-01	1.184591699999999921e-02	4.282576920000000231e-01	1.225675164999999955e+00
3.363224459999999971e-01	4.795558999999999586e-03	4.122105750000000235e-01	3.363224459999999971e-01	1.304246199999999946e-02	4.382227300000000048e-01	1.225640988999999959e+00
3.455107290000000164e-01	5.060445999999999694e-03	4.234596540000000187e-01	3.455107290000000164e-01	1.417336200000000011e-02	4.484477029999999753e-01	1.225604933000000063e+00
3.549500360000000243e-01	5.339922000000000418e-03	4.350150130000000059e-01	3.549500360000000243e-01	1.523299000000000007e-02	4.589511270000000143e-01	1.225566893999999962e+00
3.646472219999999931e-01	5.634786000000000135e-03	4.468849300000000135e-01	3.646472219999999931e-01	1.621683200000000047e-02	4.697534609999999833e-01	1.225526762999999963e+00
3.746093349999999877e-01	5.945881000000000083e-03	4.590779059999999800e-01	3.746093349999999877e-01	1.712185199999999990e-02	4.808771330000000122e-01	1.225484427000000043e+00
3.848436109999999744e-01	6.274092999999999684e-03	4.716026640000000048e-01	3.848436109999999744e-01	1.794688300000000028e-02	4.923465180000000108e-01	1.225439766000000041e+00
3.953574859999999802e-01	6.620357999999999798e-03	4.844681579999999821e-01	3.953574859999999802e-01	1.869307699999999892e-02	5.041878579999999888e-01	1.225392652000000027e+00
4.061585990000000090e-01	6.985660999999999780e-03	4.976835760000000164e-01	4.061585990000000090e-01	1.936437699999999859e-02	5.164291050000000549e-01	1.225342952000000096e+00
4.172547970000000106e-01	7.371042000000000392e-03	5.112583490000000008e-01	4.172547970000000106e-01	1.996803100000000067e-02	5.290996799999999611e-01	1.225290525999999991e+00
4.286541409999999885e-01	7.777593999999999654e-03	5.252021529999999494e-01	4.286541409999999885e-01	2.051512800000000053e-02	5.422301299999999769e-01	1.225235225000000039e+00
4.403649139999999962e-01	8.206471999999999378e-03	5.395249180000000200e-01	4.403649139999999962e-01	2.102113900000000118e-02	5.558516610000000524e-01	1.225176894999999933e+00
4.523956230000000245e-01	8.658888000000000001e-03	5.542368309999999854e-01	4.523956230000000245e-01	2.150646299999999997e-02	5.699955410000000500e-01	1.225115369999999926e+00
4.647550100000000239e-01	9.136124000000000675e-03	5.693483470000000324e-01	4.647550100000000239e-01	2.199694300000000144e-02	5.846923469999999456e-01	1.225050477999999998e+00
4.774520540000000146e-01	9.639527000000000165e-03	5.848701889999999848e-01	4.774520540000000146e-01	2.252432999999999866e-02	5.999710510000000330e-01	1.224982036999999968e+00
4.904959790000000264e-01	1.017051599999999924e-02	6.008133589999999913e-01	4.904959790000000264e-01	2.312667399999999984e-02	6.158579130000000346e-01	1.224909854999999936e+00
5.038962630000000109e-01	1.073058600000000029e-02	6.171891390000000532e-01	5.038962630000000109e-01	2.384859699999999916e-02	6.323751859999999780e-01	1.224833730999999926e+00
5.176626399999999517e-01	1.132131100000000057e-02	6.340091060000000445e-01	5.176626399999999517e-01	2.474140099999999967e-02	6.495396079999999905e-01	1.224753452999999936e+00
5.318051129999999960e-01	1.194434699999999926e-02	6.512851280000000465e-01	5.318051129999999960e-01	2.586296399999999870e-02	6.673606789999999567e-01	1.224668797999999947e+00
5.463339560000000095e-01	1.260143900000000074e-02	6.690293800000000068e-01	5.463339560000000095e-01	2.727736799999999975e-02	6.858387249999999824e-01	1.224579531000000054e+00
5.612597259999999588e-01	1.329442100000000071e-02	6.872543429999999898e-01	5.612597259999999588e-01	2.905415399999999870e-02	7.049627400000000321e-01	1.224485405000000027e+00
5.765932649999999660e-01	1.402522399999999933e-02	7.059728140000000041e-01	5.765932649999999660e-01	3.126715099999999997e-02	7.247080449999999674e-01	1.224386160999999973e+00
5.923457149999999949e-01	1.479588199999999978e-02	7.251979149999999708e-01	5.923457149999999949e-01	3.399273900000000098e-02	7.450337759999999809e-01	1.224281525999999953e+00
6.085285190000000455e-01	1.560853199999999961e-02	7.449430949999999996e-01	6.085285190000000455e-01	3.730743999999999727e-02	7.658802890000000474e-01	1.224171212999999980e+00
6.251534349999999796e-01	1.646542100000000092e-02	7.652221390000000234e-01	6.251534349999999796e-01	4.128467200000000142e-02	7.871665450000000508e-01	1.224054921000000018e+00
6.422325420000000173e-01	1.736891499999999866e-02	7.860491739999999616e-01	6.422325420000000173e-01	4.599052299999999843e-02	8.087876670000000434e-01	1.223932333000000039e+00
6.597782479999999561e-01	1.832149799999999856e-02	8.074386770000000491e-01	6.597782479999999561e-01	5.147835700000000236e-02	8.306128569999999822e-01	1.223803117999999968e+00
6.778032999999999975e-01	1.932578299999999916e-02	8.294054800000000283e-01	6.778032999999999975e-01	5.778209799999999702e-02	8.524840120000000132e-01	1.223666925000000072e+00
6.963207940000000207e-01	2.038451599999999836e-02	8.519647769999999509e-01	6.963207940000000207e-01	6.490806699999999985e-02	8.742154699999999945e-01	1.223523388000000045e+00
7.153441830000000223e-01	2.150058200000000072e-02	8.751321330000000343e-01	7.153441830000000223e-01	7.282533400000000545e-02	8.955954750000000297e-01	1.223372123999999950e+00
7.348872889999999991e-01	2.267701000000000092e-02	8.989234860000000493e-01	7.348872889999999991e-01	8.145471599999999646e-02	9.163900990000000135e-01	1.223212728000000027e+00
7.549643099999999718e-01	2.391698299999999930e-02	9.233551570000000375e-01	7.549643099999999718e-01	9.065679599999999783e-02	9.363504889999999525e-01	1.223044777999999999e+00
7.755898319999999790e-01	2.522384100000000032e-02	9.484438549999999468e-01	7.755898319999999790e-01	1.002197410000000011e-01	9.552244199999999630e-01	1.222867829999999989e+00
7.967788409999999599e-01	2.660108900000000137e-02	9.742066839999999894e-01	7.967788409999999599e-01	1.098481860000000004e-01	9.727730439999999756e-01	1.222681420000000019e+00
8.185467309999999719e-01	2.805240599999999848e-02	1.000661148999999916e+00	8.185467309999999719e-01	1.191550870000000067e-01	9.887934630000000391e-01	1.222485059999999901e+00
8.409093159999999623e-01	2.958165000000000100e-02	1.027825160999999987e+00	8.409093159999999623e-01	1.276590539999999940e-01	1.003147141999999992e+00	1.222278243000000097e+00
8.638828440000000386e-01	3.119286599999999965e-02	1.055717043000000022e+00	8.638828440000000386e-01	1.347901469999999990e-01	1.015793135000000014e+00	1.222060433000000002e+00
8.874840059999999919e-01	3.289029400000000047e-02	1.084355535999999898e+00	8.874840059999999919e-01	1.399071729999999958e-01	1.026823625000000018e+00	1.221831074000000017e+00
9.117299479999999567e-01	3.467837599999999687e-02	1.113759807000000102e+00	9.117299479999999567e-01	1.423288249999999922e-01	1.036497610999999930e+00	1.221589582000000007e+00
9.366382869999999583e-01	3.656176399999999660e-02	1.143949448000000091e+00	9.366382869999999583e-01	1.413793449999999896e-01	1.045266948000000085e+00	1.221335347999999987e+00
9.622271169999999652e-01	3.854532900000000317e-02	1.174944487999999954e+00	9.622271169999999652e-01	1.364466940000000073e-01	1.053788173000000050e+00	1.221067735999999959e+00
9.885150310000000440e-01	4.063416599999999934e-02	1.206765391000000021e+00	9.885150310000000440e-01	1.270479350000000007e-01	1.062914112000000078e+00	1.220786080999999967e+00
1.015521128000000051e+00	4.283360600000000323e-02	1.239433066999999999e+00	1.015521128000000051e+00	1.128934060000000017e-01	1.073661725000000011e+00	1.220489689999999960e+00
1.043265026999999900e+00	4.514922200000000274e-02	1.272968869000000058e+00	1.043265026999999900e+00	9.393963600000000691e-02	1.087156827999999908e+00	1.220177842000000012e+00
1.071766884999999947e+00	4.758683600000000041e-02	1.307394603000000100e+00	1.071766884999999947e+00	7.042161800000000527e-02	1.104561270999999900e+00	1.219849783999999993e+00
1.101047410999999920e+00	5.015252700000000230e-02	1.342732527999999981e+00	1.101047410999999920e+00	4.285856300000000230e-02	1.126992339000000065e+00	1.219504732999999952e+00
1.131127876999999948e+00	5.285264099999999882e-02	1.379005360000000069e+00	1.131127876999999948e+00	1.203257100000000059e-02	1.155445937000000090e+00	1.219141875000000041e+00
1.162030136000000047e+00	5.569379700000000322e-02	1.416236271999999907e+00	1.162030136000000047e+00	-2.105464599999999978e-02	1.190733805999999895e+00	1.218760363999999985e+00
1.193776641999999999e+00	5.868289399999999933e-02	1.454448900000000044e+00	1.193776641999999999e+00	-5.523782800000000270e-02	1.233440799999999893e+00	1.218359321999999967e+00
1.226390456999999934e+00	6.182711999999999930e-02	1.493667343000000036e+00	1.226390456999999934e+00	-8.924672300000000003e-02	1.283902649999999923e+00	1.217937838000000106e+00
1.259895277999999896e+00	6.513395299999999444e-02	1.533916162999999999e+00	1.259895277999999896e+00	-1.217588190000000042e-01	1.342199377000000027e+00	1.217494969999999954e+00
1.294315445000000064e+00	6.861117799999999489e-02	1.575220389000000054e+00	1.294315445000000064e+00	-1.514423890000000106e-01	1.408156047999999938e+00	1.217029738999999999e+00
1.329675967000000014e+00	7.226687900000000608e-02	1.617605514000000078e+00	1.329675967000000014e+00	-1.769916930000000055e-01	1.481341787999999937e+00	1.216541137999999966e+00
1.366002533999999935e+00	7.610945700000000536e-02	1.661097497000000089e+00	1.366002533999999935e+00	-1.971621739999999956e-01	1.561060099000000090e+00	1.216028123000000072e+00
1.403321537999999924e+00	8.014762500000000012e-02	1.705722763000000031e+00	1.403321537999999924e+00	-2.108187440000000024e-01	1.646328930999999995e+00	1.215489620999999909e+00
1.441660090999999921e+00	8.439041599999999588e-02	1.751508201999999903e+00	1.441660090999999921e+00	-2.170135209999999870e-01	1.735858216000000009e+00	1.214924525000000033e+00
1.481046048999999920e+00	8.884718499999999519e-02	1.798481165000000104e+00	1.481046048999999920e+00	-2.151078509999999888e-01	1.828046293000000100e+00	1.214331698999999931e+00
1.521508026000000013e+00	9.352761099999999661e-02	1.846669469000000063e+00	1.521508026000000013e+00	-2.049421210000000049e-01	1.921033589000000097e+00	1.213709976000000079e+00
1.563075417999999939e+00	9.844169399999999626e-02	1.896101389000000026e+00	1.563075417999999939e+00	-1.870291900000000118e-01	2.012865645999999842e+00	1.213058159000000025e+00
1.605778426000000092e+00	1.035997609999999985e-01	1.946805662999999909e+00	1.605778426000000092e+00	-1.627005639999999920e-01	2.101812395000000055e+00	1.212375026999999994e+00
1.649648073999999909e+00	1.090124559999999937e-01	1.998811483999999972e+00	1.649648073999999909e+00	-1.340823909999999952e-01	2.186843956999999783e+00	1.211659331999999978e+00
1.694716235000000015e+00	1.146907419999999983e-01	2.052148503999999818e+00	1.694716235000000015e+00	-1.037607049999999947e-01	2.268164191999999968e+00	1.210909803999999923e+00
1.741015651999999969e+00	1.206458950000000030e-01	2.106846829000000199e+00	1.741015651999999969e+00	-7.406564899999999729e-02	2.347585141999999792e+00	1.210125150999999954e+00
1.788579963000000106e+00	1.268894919999999926e-01	2.162937021999999931e+00	1.788579963000000106e+00	-4.607171399999999972e-02	2.428477524999999915e+00	1.209304066000000066e+00
1.837443724999999972e+00	1.334334090000000028e-01	2.220450098000000150e+00	1.837443724999999972e+00	-1.858477700000000024e-02	2.515131568999999789e+00	1.208445226999999900e+00
1.887642437000000006e+00	1.402898069999999886e-01	2.279417530999999997e+00	1.887642437000000006e+00	1.257546900000000058e-02	2.611558610999999974e+00	1.207547302000000045e+00
1.939212571999999968e+00	1.474711190000000116e-01	2.339871250999999930e+00	1.939212571999999968e+00	5.481044300000000036e-02	2.719870944000000179e+00	1.206608952999999929e+00
1.992191596000000064e+00	1.549900339999999987e-01	2.401843648999999914e+00	1.992191596000000064e+00	1.183848359999999933e-01	2.838260401999999960e+00	1.205628842999999950e+00
2.046617998999999966e+00	1.628594839999999988e-01	2.465367580000000114e+00	2.046617998999999966e+00	2.150763059999999949e-01	2.958400187000000070e+00	1.204605637000000007e+00
2.102531325000000173e+00	1.710926190000000013e-01	2.530476370999999780e+00	2.102531325000000173e+00	3.546033960000000151e-01	3.062389146000000117e+00	1.203538012000000101e+00
2.159972194999999928e+00	1.797027910000000006e-01	2.597203830999999852e+00	2.159972194999999928e+00	5.368031819999999898e-01	3.121213521000000046e+00	1.202424659999999923e+00
2.218982340999999803e+00	1.887035260000000103e-01	2.665584260000000150e+00	2.218982340999999803e+00	7.395301330000000339e-01	3.100700423000000150e+00	1.201264295999999954e+00
2.279604636999999823e+00	1.981085009999999924e-01	2.735652464000000172e+00	2.279604636999999823e+00	9.116381209999999680e-01	2.982091188000000059e+00	1.200055666999999993e+00
2.341883125999999926e+00	2.079315160000000107e-01	2.807443770999999977e+00	2.341883125999999926e+00	9.903917869999999679e-01	2.788847914000000205e+00	1.198797557000000014e+00
2.405863055000000195e+00	2.181864589999999993e-01	2.880994057000000108e+00	2.405863055000000195e+00	9.426844680000000531e-01	2.586538244999999847e+00	1.197488797999999965e+00
2.471590905999999865e+00	2.288872839999999964e-01	2.956339766999999785e+00	2.471590905999999865e+00	7.874592339999999524e-01	2.443490873000000008e+00	1.196128274999999963e+00
2.539114434000000031e+00	2.400479689999999999e-01	3.033517949000000158e+00	2.539114434000000031e+00	5.742873469999999481e-01	2.394833730999999855e+00	1.194714939999999892e+00
2.608482695000000184e+00	2.516824879999999820e-01	3.112566284000000127e+00	2.608482695000000184e+00	3.506574550000000068e-01	2.441891181999999993e+00	1.193247817999999905e+00
2.679746086999999832e+00	2.638047740000000196e-01	3.193523136000000040e+00	2.679746086999999832e+00	1.487242139999999935e-01	2.569808425000000174e+00	1.191726019000000081e+00
2.752956386000000144e+00	2.764286830000000084e-01	3.276427587999999780e+00	2.752956386000000144e+00	-1.161304999999999976e-02	2.760311440000000172e+00	1.190148744999999897e+00
2.828166780000000102e+00	2.895679629999999838e-01	3.361319504999999985e+00	2.828166780000000102e+00	-1.162768099999999943e-01	2.994408282999999837e+00	1.188515305999999994e+00
2.905431912000000061e+00	3.032362160000000029e-01	3.448239587000000217e+00	2.905431912000000061e+00	-1.549787729999999863e-01	3.248779321000000220e+00	1.186825122999999982e+00
2.984807916999999922e+00	3.174468679999999932e-01	3.537229438999999864e+00	2.984807916999999922e+00	-1.273066340000000018e-01	3.492363649000000070e+00	1.185077745999999932e+00
3.066352462999999862e+00	3.322131389999999906e-01	3.628331644999999828e+00	3.066352462999999862e+00	-5.456947399999999976e-02	3.693602296999999979e+00	1.183272858999999899e+00
3.150124796000000060e+00	3.475480129999999890e-01	3.721589849999999977e+00	3.150124796000000060e+00	1.971809999999999882e-02	3.843941823999999841e+00	1.181410290999999946e+00
3.236185777000000208e+00	3.634642209999999762e-01	3.817048852000000103e+00	3.236185777000000208e+00	5.853009499999999726e-02	3.975404520000000108e+00	1.179490028000000024e+00
3.324597932000000089e+00	3.799742150000000040e-01	3.914754693999999979e+00	3.324597932000000089e+00	6.669262500000000538e-02	4.141227682000000243e+00	1.177512220999999970e+00
3.415425496000000116e+00	3.970901660000000222e-01	4.014754771999999861e+00	3.415425496000000116e+00	9.519712900000000533e-02	4.375530823000000069e+00	1.175477192000000004e+00
3.508734456000000002e+00	4.148239499999999969e-01	4.117097948999999701e+00	3.508734456000000002e+00	2.201584279999999894e-01	4.662293058000000379e+00	1.173385447000000026e+00
3.604592604000000033e+00	4.331871540000000187e-01	4.221834667000000429e+00	3.604592604000000033e+00	5.022140840000000050e-01	4.910058968000000412e+00	1.171237676999999922e+00
3.703069584000000081e+00	4.521910880000000188e-01	4.329017080999999934e+00	3.703069584000000081e+00	8.969543150000000020e-01	4.965013370000000315e+00	1.169034764999999920e+00
3.804236942000000177e+00	4.718468060000000075e-01	4.438699187000000101e+00	3.804236942000000177e+00	1.199599201000000059e+00	4.764739542000000050e+00	1.166777793999999924e+00
3.908168177999999937e+00	4.921651380000000020e-01	4.550936959999999587e+00	3.908168177999999937e+00	1.240874153999999896e+00	4.476290653000000397e+00	1.164468046000000090e+00
4.014938800999999557e+00	5.131567350000000305e-01	4.665788496000000229e+00	4.014938800999999557e+00	1.077678691000000022e+00	4.303670667999999644e+00	1.162107003000000027e+00
4.124626382999999841e+00	5.348321310000000439e-01	4.783314155000000234e+00	4.124626382999999841e+00	8.578801040000000322e-01	4.297492392999999744e+00	1.159696349000000071e+00
4.237310615000000169e+00	5.572018050000000500e-01	4.903576711000000365e+00	4.237310615000000169e+00	6.707033279999999875e-01	4.406107478000000022e+00	1.157237964999999980e+00
4.353073365000000194e+00	5.802762740000000363e-01	5.026641495999999876e+00	4.353073365000000194e+00	5.292322729999999753e-01	4.568048906999999659e+00	1.154733926000000022e+00
4.471998736999999835e+00	6.040661880000000039e-01	5.152576554999999559e+00	4.471998736999999835e+00	4.088692629999999828e-01	4.763915192999999881e+00	1.152186495999999893e+00
4.594173135000000130e+00	6.285824439999999624e-01	5.281452786000000010e+00	4.594173135000000130e+00	3.077366690000000182e-01	5.018480143999999754e+00	1.149598117000000030e+00
4.719685319999999962e+00	6.538363230000000526e-01	5.413344087999999665e+00	4.719685319999999962e+00	2.798343970000000125e-01	5.343553521999999667e+00	1.146971401999999918e+00
4.848626481000000155e+00	6.798396309999999998e-01	5.548327494999999665e+00	4.848626481000000155e+00	3.894764540000000275e-01	5.669176550999999620e+00	1.144309119000000097e+00
4.981090296999999723e+00	7.066048550000000317e-01	5.686483309999999847e+00	4.981090296999999723e+00	5.889999670000000132e-01	5.863674085999999619e+00	1.141614179000000062e+00
5.117173006999999885e+00	7.341453439999999775e-01	5.827895226999999956e+00	5.117173006999999885e+00	7.002574070000000539e-01	5.929029631999999772e+00	1.138889620999999908e+00
5.256973477999999922e+00	7.624754950000000031e-01	5.972650451999999888e+00	5.256973477999999922e+00	6.811014560000000495e-01	6.057797868999999835e+00	1.136138593000000085e+00
5.400593278999999747e+00	7.916109580000000312e-01	6.120839802999999968e+00	5.400593278999999747e+00	7.240439640000000399e-01	6.337342165999999999e+00	1.133364333999999918e+00
5.548136752999999644e+00	8.215688479999999627e-01	6.272557799000000323e+00	5.548136752999999644e+00	9.857416469999999986e-01	6.566283029000000049e+00	1.130570150000000051e+00
5.699711094000000422e+00	8.523679730000000010e-01	6.427902742999999752e+00	5.699711094000000422e+00	1.241988684999999926e+00	6.492986432999999558e+00	1.127759396000000081e+00
5.855426426000000184e+00	8.840290640000000311e-01	6.586976787000000222e+00	5.855426426000000184e+00	1.163522943999999892e+00	6.351179380999999680e+00	1.124935454000000057e+00
6.015395879999999806e+00	9.165750299999999573e-01	6.749885984999999700e+00	6.015395879999999806e+00	9.322156470000000361e-01	6.497644292999999571e+00	1.122101706999999893e+00
6.179735678000000121e+00	9.500312079999999604e-01	6.916740319999999720e+00	6.179735678000000121e+00	9.043834880000000132e-01	6.864199546000000041e+00	1.119261515000000040e+00
6.348565215999999900e+00	9.844256150000000316e-01	7.087653722999999850e+00	6.348565215999999900e+00	1.129761237000000085e+00	7.100567159999999767e+00	1.116418195999999918e+00
6.522007154999999834e+00	1.019789213999999999e+00	7.262744084000000377e+00	6.522007154999999834e+00	1.286781941999999956e+00	7.092306696999999716e+00	1.113574995000000012e+00
6.700187503999999628e+00	1.056156188999999967e+00	7.442133233999999931e+00	6.700187503999999628e+00	1.268489693999999890e+00	7.072033761000000140e+00	1.110735070000000047e+00
6.883235714999999644e+00	1.093564208000000093e+00	7.625946906000000247e+00	6.883235714999999644e+00	1.167797229000000048e+00	7.080647987999999948e+00	1.107901460999999976e+00
7.071284778999999965e+00	1.132054684999999949e+00	7.814314696000000282e+00	7.071284778999999965e+00	9.166949100000000294e-01	7.151095382000000278e+00	1.105077073999999993e+00
7.264471318000000011e+00	1.171673063000000070e+00	8.007370007000000456e+00	7.264471318000000011e+00	6.037695520000000426e-01	7.461585820999999896e+00	1.102264659999999896e+00
7.462935685999999791e+00	1.212469078999999894e+00	8.205249961999999897e+00	7.462935685999999791e+00	4.586098499999999856e-01	7.930680268999999782e+00	1.099466792000000082e+00
7.666822074999999792e+00	1.254497025999999904e+00	8.408095310000000211e+00	7.666822074999999792e+00	3.729949570000000159e-01	8.370245843999999380e+00	1.096685853000000099e+00
7.876278611000000041e+00	1.297816013000000046e+00	8.616050341999999418e+00	7.876278611000000041e+00	2.716228370000000059e-01	9.042068538000000544e+00	1.093924018000000054e+00
8.091457472000000095e+00	1.342490246999999970e+00	8.829262750999999909e+00	8.091457472000000095e+00	6.958303879999999664e-01	9.923975247999999638e+00	1.091183236000000001e+00
8.312514990000000381e+00	1.388589266000000100e+00	9.047883510000000129e+00	8.312514990000000381e+00	1.528086410000000006e+00	1.018210911899999971e+01	1.088465226000000063e+00
8.539611769000000407e+00	1.436188204000000024e+00	9.272066741999999806e+00	8.539611769000000407e+00	1.971364995999999925e+00	1.010644665999999958e+01	1.085771459999999911e+00
8.772912802000000454e+00	1.485368052999999966e+00	9.501969554000000429e+00	8.772912802000000454e+00	2.357377505000000095e+00	9.971598482999999291e+00	1.083103157000000039e+00
9.012587587000000511e+00	1.536215890999999889e+00	9.737751877999999195e+00	9.012587587000000511e+00	2.361603730000000123e+00	9.681270415000000185e+00	1.080461274999999999e+00
9.258810254000000128e+00	1.588825142999999995e+00	9.979576316999999364e+00	9.258810254000000128e+00	2.248787403000000129e+00	9.776230375000000805e+00	1.077846510000000091e+00
9.511759690999999961e+00	1.643295828000000069e+00	1.022760793600000007e+01	9.511759690999999961e+00	2.307089305999999951e+00	9.754611739999999642e+00	1.075259286000000092e+00
9.771619673000000006e+00	1.699734781000000083e+00	1.048201409600000034e+01	9.771619673000000006e+00	2.107616542000000148e+00	9.798459406999999288e+00	1.072699762000000057e+00
1.003857899399999987e+01	1.758255928999999940e+00	1.074296425200000016e+01	1.003857899399999987e+01	2.085081364000000104e+00	9.886867100999999991e+00	1.070167824999999961e+00
1.031283160699999968e+01	1.818980499999999889e+00	1.101062972399999929e+01	1.031283160699999968e+01	1.709412283000000032e+00	9.850994456000000454e+00	1.067663095999999978e+00
1.059457676399999926e+01	1.882037291999999917e+00	1.128518351600000003e+01	1.059457676399999926e+01	1.348255274000000004e+00	1.024838122200000079e+01	1.065184930999999890e+00
1.088401916099999944e+01	1.947562905000000066e+00	1.156680004000000039e+01	1.088401916099999944e+01	9.933437160000000432e-01	1.051809334100000015e+01	1.062732422000000065e+00
1.118136908399999996e+01	2.015701990999999804e+00	1.185565492599999970e+01	1.118136908399999996e+01	5.103287189999999862e-01	1.126638385400000075e+01	1.060304407999999921e+00
1.148684256700000006e+01	2.086607514999999857e+00	1.215192472000000024e+01	1.148684256700000006e+01	3.656467549999999900e-01	1.202652901799999974e+01	1.057899474999999923e+00
1.180066154400000045e+01	2.160440991000000199e+00	1.245578665899999926e+01	1.180066154400000045e+01	1.988710130000000131e-01	1.322192115800000067e+01	1.055515964999999889e+00
1.212305401300000085e+01	2.237372764999999930e+00	1.276741834999999980e+01	1.212305401300000085e+01	8.086944449999999840e-01	1.427974475100000085e+01	1.053151981000000070e+00
1.245425420099999947e+01	2.317582251000000149e+00	1.308699750999999978e+01	1.245425420099999947e+01	1.599504929999999936e+00	1.539867328000000057e+01	1.050805395000000031e+00
1.279450273199999977e+01	2.401258224000000219e+00	1.341470160299999925e+01	1.279450273199999977e+01	2.973124223000000121e+00	1.549301776399999930e+01	1.048473854999999899e+00
1.314404680700000050e+01	2.488599074000000133e+00	1.375070754799999939e+01	1.314404680700000050e+01	4.005706914000000118e+00	1.538786602899999956e+01	1.046154792000000056e+00
1.350314037899999953e+01	2.579813087999999865e+00	1.409519130600000025e+01	1.350314037899999953e+01	4.334838935999999698e+00	1.443722253199999983e+01	1.043845424999999993e+00
1.387204433800000025e+01	2.675118737000000024e+00	1.444832754199999947e+01	1.387204433800000025e+01	4.341411222999999708e+00	1.389370192300000006e+01	1.041542774000000060e+00
1.425102670300000085e+01	2.774744935000000190e+00	1.481028916600000045e+01	1.425102670300000085e+01	3.525676225999999858e+00	1.358028593000000050e+01	1.039243660999999985e+00
1.464036281499999959e+01	2.878931359000000079e+00	1.518124691200000065e+01	1.464036281499999959e+01	2.867984744000000141e+00	1.360417243500000062e+01	1.036944719000000070e+00
1.504033553600000062e+01	2.987928688000000221e+00	1.556136885899999989e+01	1.504033553600000062e+01	1.969280402999999957e+00	1.432769019700000079e+01	1.034642400000000073e+00
1.545123545799999931e+01	3.101998921999999936e+00	1.595081989400000033e+01	1.545123545799999931e+01	1.165765579000000107e+00	1.531001347900000020e+01	1.032332977000000040e+00
1.587336110999999939e+01	3.221415649999999964e+00	1.634976119099999892e+01	1.587336110999999939e+01	1.146534866999999958e+00	1.685837392599999873e+01	1.030012552000000081e+00
1.630701917700000081e+01	3.346464300000000058e+00	1.675834959999999896e+01	1.630701917700000081e+01	1.633534743000000011e+00	1.854855784300000110e+01	1.027677065000000001e+00
1.675252472400000059e+01	3.477442433999999860e+00	1.717673699699999901e+01	1.675252472400000059e+01	2.321025725000000151e+00	1.945352189300000134e+01	1.025322288999999998e+00
1.721020142200000080e+01	3.614659991999999988e+00	1.760506963599999963e+01	1.721020142200000080e+01	3.600501731000000039e+00	2.017209173000000177e+01	1.022943845999999990e+00
1.768038178500000157e+01	3.758439507999999929e+00	1.804348739599999973e+01	1.768038178500000157e+01	5.000315868000000386e+00	2.059091951299999934e+01	1.020537204000000031e+00
1.816340741100000145e+01	3.909116341999999911e+00	1.849212299199999876e+01	1.816340741100000145e+01	5.785907456000000337e+00	2.035319260200000002e+01	1.018097682999999920e+00
1.865962923200000034e+01	4.067038882000000299e+00	1.895110115199999967e+01	1.865962923200000034e+01	5.809454746000000114e+00	2.006047073399999903e+01	1.015620455999999949e+00
1.916940776499999899e+01	4.232568693000000160e+00	1.942053772799999933e+01	1.916940776499999899e+01	6.028173417999999728e+00	1.982158542799999879e+01	1.013100558999999956e+00
1.969311337899999970e+01	4.406080647999999655e+00	1.990053874499999864e+01	1.969311337899999970e+01	6.231603858999999801e+00	1.984809857699999824e+01	1.010532887999999963e+00
2.023112655899999979e+01	4.587963021000000197e+00	2.039119938800000043e+01	2.023112655899999979e+01	6.305181948000000425e+00	2.007533260499999983e+01	1.007912205000000005e+00
2.078383818600000055e+01	4.778617527999999837e+00	2.089260293999999973e+01	2.078383818600000055e+01	6.295663274999999892e+00	2.031816983999999948e+01	1.005233140999999941e+00
2.135164981899999859e+01	4.978459320999999882e+00	2.140481965200000047e+01	2.135164981899999859e+01	5.896925403000000010e+00	2.069943138300000030e+01	1.002490198000000055e+00
2.193497398899999951e+01	5.187916916999999906e+00	2.192790555499999883e+01	2.193497398899999951e+01	5.543580083000000158e+00	2.145010794399999909e+01	9.996777550000000012e-01
2.253423449599999984e+01	5.407432050999999795e+00	2.246190121100000070e+01	2.253423449599999984e+01	5.453222743000000428e+00	2.236579022000000094e+01	9.967900710000000553e-01
2.314986671899999848e+01	5.637459466000000141e+00	2.300683039999999835e+01	2.314986671899999848e+01	5.676466039000000130e+00	2.342305065300000066e+01	9.938212899999999683e-01
2.378231793000000138e+01	5.878466605999999928e+00	2.356269874699999889e+01	2.378231793000000138e+01	6.259990284999999766e+00	2.437170432899999994e+01	9.907654420000000517e-01
2.443204762199999891e+01	6.130933220000000183e+00	2.412949230099999909e+01	2.443204762199999891e+01	7.047969723999999658e+00	2.506362322800000086e+01	9.876164570000000031e-01
2.509952784100000045e+01	6.395350854000000140e+00	2.470717605100000114e+01	2.509952784100000045e+01	7.850552786999999810e+00	2.544402761699999971e+01	9.843681610000000193e-01
2.578524352899999883e+01	6.672222234999999557e+00	2.529569239399999958e+01	2.578524352899999883e+01	8.459596574000000757e+00	2.557663195399999978e+01	9.810142910000000382e-01
2.648969287599999944e+01	6.962060518999999559e+00	2.589495957000000104e+01	2.648969287599999944e+01	8.735129178999999411e+00	2.568728365100000133e+01	9.775485010000000141e-01
2.721338768400000063e+01	7.265388413000000156e+00	2.650487004400000046e+01	2.721338768400000063e+01	8.815742977999999397e+00	2.602645522699999958e+01	9.739643719999999671e-01
2.795685373499999926e+01	7.582737138999999793e+00	2.712528887499999897e+01	2.795685373499999926e+01	8.903026181999999622e+00	2.676465389000000172e+01	9.702554199999999796e-01
2.872063117800000143e+01	7.914645250000000409e+00	2.775605204700000073e+01	2.872063117800000143e+01	9.503632373000000300e+00	2.760119556400000107e+01	9.664151140000000195e-01
2.950527491700000127e+01	8.261657258999999698e+00	2.839696479699999898e+01	2.950527491700000127e+01	1.034211372999999945e+01	2.813906809299999878e+01	9.624368819999999936e-01
3.031135501600000026e+01	8.624322085999999388e+00	2.904779995999999898e+01	3.031135501600000026e+01	1.107685761699999993e+01	2.820393555400000096e+01	9.583141349999999559e-01
3.113945711299999886e+01	9.003191341000000847e+00	2.970829633800000025e+01	3.113945711299999886e+01	1.154987080799999966e+01	2.837862142799999887e+01	9.540402789999999911e-01
3.199018284799999989e+01	9.398817404000000764e+00	3.037815705799999932e+01	3.199018284799999989e+01	1.212431516900000084e+01	2.809358591399999838e+01	9.496087349999999816e-01
3.286415029399999810e+01	9.811751230000000490e+00	3.105704801199999920e+01	3.286415029399999810e+01	1.167518495899999920e+01	2.751635795400000006e+01	9.450129619999999564e-01
3.376199441100000342e+01	1.024254002500000027e+01	3.174459642600000109e+01	3.376199441100000342e+01	1.047888509699999915e+01	2.825585356699999906e+01	9.402464809999999673e-01
3.468436750800000112e+01	1.069172467199999943e+01	3.244038938900000346e+01	3.468436750800000112e+01	1.030929964899999973e+01	2.967135794400000037e+01	9.353028960000000502e-01
3.563193971199999766e+01	1.115983685700000017e+01	3.314397265800000270e+01	3.563193971199999766e+01	1.059827789100000039e+01	3.135787071500000067e+01	9.301759299999999842e-01
3.660539946000000100e+01	1.164739611799999963e+01	3.385484947399999811e+01	3.660539946000000100e+01	1.170602614499999916e+01	3.189184225200000000e+01	9.248594460000000295e-01
3.760545399699999791e+01	1.215490647700000082e+01	3.457247966999999989e+01	3.760545399699999791e+01	1.194314459799999995e+01	3.288335987800000026e+01	9.193474879999999905e-01
3.863282988699999976e+01	1.268285302199999975e+01	3.529627884300000318e+01	3.863282988699999976e+01	1.233701271099999985e+01	3.343978793800000204e+01	9.136343089999999778e-01
3.968827354599999779e+01	1.323169815500000013e+01	3.602561793999999651e+01	3.968827354599999779e+01	1.321718657499999949e+01	3.415089750500000321e+01	9.077144129999999977e-01
4.077255178299999727e+01	1.380187764599999944e+01	3.675982292300000154e+01	4.077255178299999727e+01	1.330532879399999935e+01	3.526811395000000005e+01	9.015825920000000160e-01
4.188645235399999933e+01	1.439379656300000043e+01	3.749817484700000136e+01	4.188645235399999933e+01	1.337359938400000026e+01	3.665709873200000146e+01	8.952339660000000476e-01
4.303078453700000239e+01	1.500782494799999967e+01	3.823991026600000254e+01	4.303078453700000239e+01	1.517292204800000022e+01	3.805631147399999747e+01	8.886640270000000230e-01
4.420637972000000104e+01	1.564429335500000029e+01	3.898422195199999862e+01	4.420637972000000104e+01	1.790458077499999945e+01	3.808429944499999920e+01	8.818686850000000410e-01
4.541409200399999690e+01	1.630348828300000008e+01	3.973026003399999695e+01	4.541409200399999690e+01	1.944601412999999823e+01	3.639408719899999767e+01	8.748443110000000411e-01
4.665479882199999651e+01	1.698564751400000006e+01	4.047713357199999962e+01	4.665479882199999651e+01	1.857756725300000156e+01	3.482997908899999828e+01	8.675877850000000002e-01
4.792940158300000064e+01	1.769095537899999826e+01	4.122391257700000011e+01	4.792940158300000064e+01	1.649369373700000097e+01	3.504266576999999927e+01	8.600965419999999639e-01
4.923882631699999735e+01	1.841953802500000137e+01	4.196963051400000211e+01	4.923882631699999735e+01	1.482744786099999956e+01	3.729102269199999853e+01	8.523686219999999647e-01
5.058402435699999700e+01	1.917145871399999990e+01	4.271328729900000098e+01	5.058402435699999700e+01	1.504987220499999978e+01	4.084925452499999921e+01	8.444027109999999725e-01
5.196597302499999671e+01	1.994671321799999930e+01	4.345385282099999813e+01	5.196597302499999671e+01	1.800171489099999889e+01	4.359275327099999942e+01	8.361981950000000330e-01
5.338567634199999645e+01	2.074522534600000157e+01	4.419027097299999696e+01	5.338567634199999645e+01	2.153600023999999991e+01	4.295452273800000143e+01	8.277551960000000264e-01
5.484416576099999929e+01	2.156684267500000018e+01	4.492146425399999998e+01	5.484416576099999929e+01	2.186535154299999917e+01	4.083614339700000073e+01	8.190746199999999755e-01
5.634250091300000207e+01	2.241133260499999835e+01	4.564633889299999936e+01	5.634250091300000207e+01	2.045692605700000044e+01	4.100958233299999733e+01	8.101581960000000526e-01
5.788177037700000227e+01	2.327837871099999845e+01	4.636379040700000331e+01	5.788177037700000227e+01	2.028820233700000131e+01	4.232211498800000271e+01	8.010085059999999535e-01
5.946309247399999975e+01	2.416757743699999850e+01	4.707270981399999954e+01	5.946309247399999975e+01	2.009696430600000028e+01	4.403168893499999825e+01	7.916290230000000427e-01
6.108761607499999968e+01	2.507843546399999823e+01	4.777199015899999779e+01	6.108761607499999968e+01	2.117751231000000089e+01	4.549419382300000336e+01	7.820241359999999808e-01
6.275652144000000021e+01	2.601036734799999905e+01	4.846053360900000229e+01	6.275652144000000021e+01	2.233222345400000108e+01	4.721227849600000326e+01	7.721991670000000196e-01
6.447102107300000284e+01	2.696269400899999980e+01	4.913725877099999906e+01	6.447102107300000284e+01	2.301731483700000069e+01	4.832954604700000090e+01	7.621603930000000471e-01
6.623236060300000361e+01	2.793464175700000141e+01	4.980110851900000313e+01	6.623236060300000361e+01	2.537152677199999928e+01	4.907353953100000155e+01	7.519150470000000031e-01
6.804181968899999333e+01	2.892534202999999948e+01	5.045105793100000113e+01	6.804181968899999333e+01	2.707243757000000173e+01	4.873522569699999707e+01	7.414713210000000165e-01
6.990071295200000634e+01	2.993383195299999855e+01	5.108612244999999774e+01	6.990071295200000634e+01	2.781537645199999886e+01	4.878943717300000316e+01	7.308383600000000202e-01
7.181039092499999299e+01	3.095905567000000147e+01	5.170536615500000011e+01	7.181039092499999299e+01	2.840566596400000066e+01	4.928269279799999936e+01	7.200262450000000092e-01
7.377224104200000454e+01	3.199986650600000004e+01	5.230791001499999737e+01	7.377224104200000454e+01	2.921663832200000144e+01	4.967289166199999784e+01	7.090459669999999992e-01
7.578768863599999861e+01	3.305502997699999668e+01	5.289294004700000329e+01	7.578768863599999861e+01	2.986202899699999946e+01	5.008287777000000318e+01	6.979093969999999869e-01
7.785819798500000388e+01	3.412322763200000253e+01	5.345971525899999932e+01	7.785819798500000388e+01	3.090906292900000096e+01	5.022760080300000141e+01	6.866292389999999468e-01
7.998527336799999432e+01	3.520306169799999907e+01	5.400757531699999703e+01	7.998527336799999432e+01	3.074751649899999961e+01	4.962006471699999821e+01	6.752189880000000199e-01
8.217046016099999406e+01	3.629306063399999971e+01	5.453594784100000226e+01	8.217046016099999406e+01	2.984857831300000086e+01	5.055374491799999959e+01	6.636928619999999945e-01
8.441534595999999624e+01	3.739168532600000106e+01	5.504435501100000039e+01	8.441534595999999624e+01	2.925212168299999860e+01	5.210663276599999705e+01	6.520657399999999493e-01
8.672156173400000512e+01	3.849733606800000274e+01	5.553241987199999841e+01	8.672156173400000512e+01	2.988303487900000022e+01	5.476793850600000013e+01	6.403530880000000147e-01
8.909078300900000613e+01	3.960836011500000353e+01	5.599987162299999710e+01	8.909078300900000613e+01	3.117472496799999959e+01	5.760266603299999844e+01	6.285708770000000278e-01
9.152473108799999579e+01	4.072305991100000000e+01	5.644655034800000237e+01	9.152473108799999579e+01	3.348116550799999658e+01	5.906738794700000028e+01	6.167354950000000224e-01
9.402517429700000662e+01	4.183970164499999811e+01	5.687241082799999958e+01	9.402517429700000662e+01	3.592855301200000184e+01	5.951835440600000027e+01	6.048636579999999707e-01
9.659392927400000417e+01	4.295652424899999744e+01	5.727752542799999702e+01	9.659392927400000417e+01	3.793495775200000253e+01	5.957434465800000112e+01	5.929723110000000297e-01
9.923286228800000686e+01	4.407174862600000154e+01	5.766208604599999887e+01	9.923286228800000686e+01	3.978808453799999967e+01	5.933725345700000275e+01	5.810785330000000082e-01
1.019438905939999955e+02	4.518358699299999870e+01	5.802640510999999890e+01	1.019438905939999955e+02	4.084394303599999887e+01	5.840281227900000260e+01	5.691994369999999748e-01
1.047289838239999966e+02	4.629025229500000194e+01	5.837091558800000257e+01	1.047289838239999966e+02	4.100361018699999960e+01	5.830865805700000237e+01	5.573520669999999511e-01
1.075901654219999983e+02	4.738996745200000049e+01	5.869616989299999688e+01	1.075901654219999983e+02	4.091385947599999895e+01	5.781944611000000123e+01	5.455533009999999905e-01
