1.000000000000000056e-01	1.541029999999999982e-04	1.157351269999999932e-01	1.000000000000000056e-01	-6.342230000000000090e-02	1.569166479999999919e-01	1.157351266000000045e+00
1.027319859999999974e-01	1.626379999999999970e-04	1.188969780000000004e-01	1.027319859999999974e-01	-6.272826900000000316e-02	1.610525849999999981e-01	1.157351108999999934e+00
1.055386100000000049e-01	1.716459999999999893e-04	1.221452100000000041e-01	1.055386100000000049e-01	-6.199855399999999739e-02	1.652891220000000105e-01	1.157350944000000048e+00
1.084219109999999958e-01	1.811530000000000052e-04	1.254821819999999977e-01	1.084219109999999958e-01	-6.123148900000000006e-02	1.696280119999999947e-01	1.157350770000000084e+00
1.113839830000000058e-01	1.911860000000000089e-04	1.289103179999999960e-01	1.113839830000000058e-01	-6.042535200000000162e-02	1.740709769999999879e-01	1.157350585999999959e+00
1.144269779999999986e-01	2.017750000000000121e-04	1.324321079999999928e-01	1.144269779999999986e-01	-5.957836100000000329e-02	1.786197059999999892e-01	1.157350391999999895e+00
1.175531070000000039e-01	2.129509999999999877e-04	1.360501110000000013e-01	1.175531070000000039e-01	-5.868868099999999949e-02	1.832758429999999938e-01	1.157350187000000030e+00
1.207646420000000054e-01	2.247449999999999904e-04	1.397669549999999983e-01	1.207646420000000054e-01	-5.775442199999999970e-02	1.880409859999999933e-01	1.157349970000000061e+00
1.240639159999999963e-01	2.371929999999999904e-04	1.435853410000000052e-01	1.240639159999999963e-01	-5.677364199999999916e-02	1.929166740000000102e-01	1.157349742000000070e+00
1.274533250000000062e-01	2.503299999999999970e-04	1.475080420000000059e-01	1.274533250000000062e-01	-5.574434999999999807e-02	1.979043809999999903e-01	1.157349500999999892e+00
1.309353329999999871e-01	2.641950000000000006e-04	1.515379089999999984e-01	1.309353329999999871e-01	-5.466450900000000002e-02	2.030055070000000017e-01	1.157349246999999970e+00
1.345124679999999961e-01	2.788280000000000077e-04	1.556778679999999970e-01	1.345124679999999961e-01	-5.353204300000000138e-02	2.082213699999999890e-01	1.157348979000000000e+00
1.381873309999999966e-01	2.942709999999999749e-04	1.599309270000000005e-01	1.381873309999999966e-01	-5.234483799999999770e-02	2.135531940000000017e-01	1.157348695999999899e+00
1.419625899999999996e-01	3.105690000000000143e-04	1.643001759999999922e-01	1.419625899999999996e-01	-5.110075299999999876e-02	2.190020980000000062e-01	1.157348397000000029e+00
1.458409880000000047e-01	3.277700000000000145e-04	1.687887879999999952e-01	1.458409880000000047e-01	-4.979762599999999761e-02	2.245690889999999995e-01	1.157348081000000084e+00
1.498253439999999992e-01	3.459240000000000036e-04	1.734000250000000132e-01	1.498253439999999992e-01	-4.843328200000000111e-02	2.302550479999999899e-01	1.157347748000000065e+00
1.539185519999999863e-01	3.650829999999999874e-04	1.781372360000000044e-01	1.539185519999999863e-01	-4.700554400000000327e-02	2.360607190000000022e-01	1.157347397000000111e+00
1.581235860000000104e-01	3.853029999999999801e-04	1.830038619999999894e-01	1.581235860000000104e-01	-4.551224999999999715e-02	2.419866950000000017e-01	1.157347026000000056e+00
1.624435009999999902e-01	4.066440000000000050e-04	1.880034389999999944e-01	1.624435009999999902e-01	-4.395126099999999841e-02	2.480334100000000097e-01	1.157346634999999901e+00
1.668814349999999946e-01	4.291659999999999768e-04	1.931395989999999951e-01	1.668814349999999946e-01	-4.232047800000000165e-02	2.542011240000000005e-01	1.157346221999999925e+00
1.714406139999999912e-01	4.529359999999999745e-04	1.984160719999999989e-01	1.714406139999999912e-01	-4.061786700000000194e-02	2.604899099999999912e-01	1.157345786000000043e+00
1.761243479999999861e-01	4.780219999999999847e-04	2.038366909999999865e-01	1.761243479999999861e-01	-3.884147200000000189e-02	2.668996430000000197e-01	1.157345325999999952e+00
1.809360409999999919e-01	5.044970000000000183e-04	2.094053939999999947e-01	1.809360409999999919e-01	-3.698944500000000274e-02	2.734299880000000127e-01	1.157344841000000013e+00
1.858791890000000002e-01	5.324390000000000026e-04	2.151262250000000043e-01	1.858791890000000002e-01	-3.506006799999999979e-02	2.800803889999999852e-01	1.157344327999999978e+00
1.909573830000000083e-01	5.619279999999999501e-04	2.210033409999999920e-01	1.909573830000000083e-01	-3.305178899999999809e-02	2.868500589999999906e-01	1.157343787999999929e+00
1.961743129999999891e-01	5.930510000000000382e-04	2.270410109999999870e-01	1.961743129999999891e-01	-3.096324699999999930e-02	2.937379680000000159e-01	1.157343216999999980e+00
2.015337690000000015e-01	6.258970000000000419e-04	2.332436190000000131e-01	2.015337690000000015e-01	-2.879331699999999883e-02	3.007428409999999830e-01	1.157342614999999908e+00
2.070396439999999949e-01	6.605619999999999548e-04	2.396156710000000023e-01	2.070396439999999949e-01	-2.654114700000000104e-02	3.078631470000000037e-01	1.157341978999999910e+00
2.126959390000000005e-01	6.971479999999999734e-04	2.461617959999999883e-01	2.126959390000000005e-01	-2.420620399999999853e-02	3.150971029999999895e-01	1.157341307999999902e+00
2.185067629999999927e-01	7.357600000000000164e-04	2.528867479999999945e-01	2.185067629999999927e-01	-2.178832299999999833e-02	3.224426679999999878e-01	1.157340599999999942e+00
2.244763379999999975e-01	7.765100000000000040e-04	2.597954120000000033e-01	2.244763379999999975e-01	-1.928775699999999912e-02	3.298975510000000111e-01	1.157339853000000085e+00
2.306090010000000079e-01	8.195169999999999668e-04	2.668928050000000107e-01	2.306090010000000079e-01	-1.670524400000000104e-02	3.374592209999999759e-01	1.157339064000000084e+00
2.369092070000000105e-01	8.649060000000000298e-04	2.741840830000000229e-01	2.369092070000000105e-01	-1.404205799999999962e-02	3.451249220000000006e-01	1.157338232000000078e+00
2.433815350000000099e-01	9.128079999999999788e-04	2.816745410000000005e-01	2.433815350000000099e-01	-1.130008300000000070e-02	3.528916930000000063e-01	1.157337354000000040e+00
2.500306849999999748e-01	9.633639999999999738e-04	2.893696199999999941e-01	2.500306849999999748e-01	-8.481881999999999616e-03	3.607564010000000043e-01	1.157336426999999945e+00
2.568614900000000256e-01	1.016720000000000037e-03	2.972749069999999771e-01	2.568614900000000256e-01	-5.590768000000000300e-03	3.687157770000000223e-01	1.157335447999999989e+00
2.638789100000000221e-01	1.073030999999999898e-03	3.053961450000000077e-01	2.638789100000000221e-01	-2.630883000000000093e-03	3.767664669999999938e-01	1.157334416000000088e+00
2.710880460000000269e-01	1.132460000000000064e-03	3.137392299999999801e-01	2.710880460000000269e-01	3.927250000000000185e-04	3.849050909999999770e-01	1.157333326000000051e+00
2.784941349999999760e-01	1.195181000000000021e-03	3.223102230000000068e-01	2.784941349999999760e-01	3.474018000000000158e-03	3.931283170000000049e-01	1.157332175999999935e+00
2.861025569999999796e-01	1.261374999999999909e-03	3.311153470000000043e-01	2.861025569999999796e-01	6.605894999999999649e-03	4.014329509999999823e-01	1.157330962000000074e+00
2.939188400000000145e-01	1.331235999999999964e-03	3.401609970000000205e-01	2.939188400000000145e-01	9.780110999999999319e-03	4.098160359999999947e-01	1.157329680999999999e+00
3.019486630000000060e-01	1.404964999999999990e-03	3.494537409999999844e-01	3.019486630000000060e-01	1.298720599999999940e-02	4.182749789999999912e-01	1.157328329000000045e+00
3.101978590000000202e-01	1.482777999999999917e-03	3.590003270000000080e-01	3.101978590000000202e-01	1.621643799999999969e-02	4.268076849999999922e-01	1.157326902999999962e+00
3.186724220000000107e-01	1.564901000000000052e-03	3.688076880000000224e-01	3.186724220000000107e-01	1.945573100000000041e-02	4.354127179999999764e-01	1.157325396999999922e+00
3.273785100000000114e-01	1.651570999999999899e-03	3.788829430000000276e-01	3.273785100000000114e-01	2.269163100000000030e-02	4.440894770000000102e-01	1.157323807000000038e+00
3.363224459999999971e-01	1.743041999999999985e-03	3.892334100000000019e-01	3.363224459999999971e-01	2.590927999999999981e-02	4.528383950000000047e-01	1.157322130000000060e+00
3.455107290000000164e-01	1.839577999999999916e-03	3.998666020000000154e-01	3.455107290000000164e-01	2.909242000000000078e-02	4.616611509999999918e-01	1.157320359999999937e+00
3.549500360000000243e-01	1.941460000000000104e-03	4.107902399999999732e-01	3.549500360000000243e-01	3.222341299999999936e-02	4.705609119999999979e-01	1.157318491999999921e+00
3.646472219999999931e-01	2.048985000000000129e-03	4.220122539999999756e-01	3.646472219999999931e-01	3.528329999999999661e-02	4.795425730000000275e-01	1.157316519999999960e+00
3.746093349999999877e-01	2.162465000000000134e-03	4.335407920000000082e-01	3.746093349999999877e-01	3.825189799999999946e-02	4.886130269999999776e-01	1.157314439999999944e+00
3.848436109999999744e-01	2.282229000000000202e-03	4.453842230000000235e-01	3.848436109999999744e-01	4.110793699999999717e-02	4.977814269999999985e-01	1.157312243000000018e+00
3.953574859999999802e-01	2.408626000000000083e-03	4.575511429999999935e-01	3.953574859999999802e-01	4.382924400000000331e-02	5.070594590000000457e-01	1.157309925999999933e+00
4.061585990000000090e-01	2.542023000000000026e-03	4.700503839999999878e-01	4.061585990000000090e-01	4.639298900000000253e-02	5.164616039999999630e-01	1.157307480000000055e+00
4.172547970000000106e-01	2.682807000000000160e-03	4.828910200000000041e-01	4.172547970000000106e-01	4.877597399999999972e-02	5.260053829999999930e-01	1.157304898000000026e+00
4.286541409999999885e-01	2.831386999999999880e-03	4.960823690000000230e-01	4.286541409999999885e-01	5.095499400000000345e-02	5.357115780000000216e-01	1.157302174000000017e+00
4.403649139999999962e-01	2.988195999999999821e-03	5.096340059999999728e-01	4.403649139999999962e-01	5.290724399999999911e-02	5.456044079999999852e-01	1.157299298999999948e+00
4.523956230000000245e-01	3.153687999999999977e-03	5.235557650000000063e-01	4.523956230000000245e-01	5.461079600000000311e-02	5.557116560000000538e-01	1.157296263999999963e+00
4.647550100000000239e-01	3.328344999999999915e-03	5.378577490000000516e-01	4.647550100000000239e-01	5.604512200000000277e-02	5.660647250000000463e-01	1.157293061999999928e+00
4.774520540000000146e-01	3.512674999999999825e-03	5.525503349999999481e-01	4.774520540000000146e-01	5.719165699999999991e-02	5.766986050000000308e-01	1.157289682000000042e+00
4.904959790000000264e-01	3.707211000000000187e-03	5.676441859999999950e-01	4.904959790000000264e-01	5.803439999999999988e-02	5.876517470000000021e-01	1.157286113999999921e+00
5.038962630000000109e-01	3.912521000000000401e-03	5.831502509999999528e-01	5.038962630000000109e-01	5.856052900000000005e-02	5.989658199999999821e-01	1.157282350000000015e+00
5.176626399999999517e-01	4.129200000000000405e-03	5.990797799999999507e-01	5.176626399999999517e-01	5.876100800000000346e-02	6.106853389999999937e-01	1.157278376999999914e+00
5.318051129999999960e-01	4.357876999999999584e-03	6.154443280000000405e-01	5.318051129999999960e-01	5.863116300000000003e-02	6.228571640000000187e-01	1.157274184000000039e+00
5.463339560000000095e-01	4.599217000000000062e-03	6.322557659999999968e-01	5.463339560000000095e-01	5.817119700000000088e-02	6.355298529999999779e-01	1.157269757999999982e+00
5.612597259999999588e-01	4.853922000000000098e-03	6.495262859999999527e-01	5.612597259999999588e-01	5.738661800000000035e-02	6.487528820000000307e-01	1.157265087999999942e+00
5.765932649999999660e-01	5.122729999999999818e-03	6.672684140000000319e-01	5.765932649999999660e-01	5.628852699999999792e-02	6.625757289999999466e-01	1.157260159000000010e+00
5.923457149999999949e-01	5.406422999999999611e-03	6.854950149999999853e-01	5.923457149999999949e-01	5.489375300000000346e-02	6.770468499999999779e-01	1.157254956999999917e+00
6.085285190000000455e-01	5.705823999999999965e-03	7.042193039999999904e-01	6.085285190000000455e-01	5.322477199999999659e-02	6.922125609999999485e-01	1.157249466999999976e+00
6.251534349999999796e-01	6.021804000000000393e-03	7.234548579999999784e-01	6.251534349999999796e-01	5.130940600000000185e-02	7.081158699999999806e-01	1.157243674000000055e+00
6.422325420000000173e-01	6.355279000000000136e-03	7.432156189999999940e-01	6.422325420000000173e-01	4.918023400000000322e-02	7.247952890000000092e-01	1.157237558999999916e+00
6.597782479999999561e-01	6.707219000000000375e-03	7.635159110000000471e-01	6.597782479999999561e-01	4.687372599999999750e-02	7.422837079999999865e-01	1.157231106000000009e+00
6.778032999999999975e-01	7.078646000000000070e-03	7.843704460000000545e-01	6.778032999999999975e-01	4.442905600000000149e-02	7.606073730000000310e-01	1.157224295000000014e+00
6.963207940000000207e-01	7.470636999999999590e-03	8.057943349999999727e-01	6.963207940000000207e-01	4.188660500000000037e-02	7.797850520000000341e-01	1.157217107999999994e+00
7.153441830000000223e-01	7.884330999999999631e-03	8.278031009999999856e-01	7.153441830000000223e-01	3.928615900000000105e-02	7.998274869999999481e-01	1.157209522000000046e+00
7.348872889999999991e-01	8.320930000000000687e-03	8.504126859999999732e-01	7.348872889999999991e-01	3.666483699999999873e-02	8.207372179999999906e-01	1.157201517000000068e+00
7.549643099999999718e-01	8.781700999999999396e-03	8.736394659999999757e-01	7.549643099999999718e-01	3.405479699999999776e-02	8.425088800000000155e-01	1.157193067999999991e+00
7.755898319999999790e-01	9.267981999999999262e-03	8.975002619999999931e-01	7.755898319999999790e-01	3.148081700000000122e-02	8.651300880000000193e-01	1.157184151000000050e+00
7.967788409999999599e-01	9.781184000000000059e-03	9.220123489999999533e-01	7.967788409999999599e-01	2.895787099999999961e-02	8.885829960000000138e-01	1.157174740999999951e+00
8.185467309999999719e-01	1.032279699999999988e-02	9.471934720000000363e-01	8.185467309999999719e-01	2.648886699999999927e-02	9.128466179999999985e-01	1.157164810000000044e+00
8.409093159999999623e-01	1.089439300000000048e-02	9.730618559999999473e-01	8.409093159999999623e-01	2.406276499999999985e-02	9.378999649999999466e-01	1.157154330000000009e+00
8.638828440000000386e-01	1.149763200000000068e-02	9.996362180000000208e-01	8.638828440000000386e-01	2.165334000000000009e-02	9.637259900000000323e-01	1.157143269000000085e+00
8.874840059999999919e-01	1.213426299999999930e-02	1.026935783999999963e+00	8.874840059999999919e-01	1.921888999999999889e-02	9.903162720000000530e-01	1.157131595999999929e+00
9.117299479999999567e-01	1.280613499999999974e-02	1.054980298000000039e+00	9.117299479999999567e-01	1.670321599999999990e-02	1.017676239000000038e+00	1.157119275999999974e+00
9.366382869999999583e-01	1.351519699999999963e-02	1.083790038999999927e+00	9.366382869999999583e-01	1.403819000000000074e-02	1.045830639999999923e+00	1.157106275000000073e+00
9.622271169999999652e-01	1.426350600000000045e-02	1.113385832999999936e+00	9.622271169999999652e-01	1.114815499999999987e-02	1.074828791999999922e+00	1.157092554000000106e+00
9.885150310000000440e-01	1.505323199999999972e-02	1.143789069000000103e+00	9.885150310000000440e-01	7.956299000000000010e-03	1.104748998000000038e+00	1.157078073999999956e+00
1.015521128000000051e+00	1.588666799999999962e-02	1.175021711999999940e+00	1.015521128000000051e+00	4.392917999999999996e-03	1.135701429000000040e+00	1.157062792999999923e+00
1.043265026999999900e+00	1.676622900000000055e-02	1.207106320000000066e+00	1.043265026999999900e+00	4.052440000000000252e-04	1.167828684000000061e+00	1.157046664999999974e+00
1.071766884999999947e+00	1.769446800000000139e-02	1.240066059999999970e+00	1.071766884999999947e+00	-4.031815000000000225e-03	1.201303317000000037e+00	1.157029646000000023e+00
1.101047410999999920e+00	1.867407499999999831e-02	1.273924719000000039e+00	1.101047410999999920e+00	-8.904982999999999996e-03	1.236321787000000061e+00	1.157011683999999985e+00
1.131127876999999948e+00	1.970789100000000169e-02	1.308706729000000069e+00	1.131127876999999948e+00	-1.415322100000000055e-02	1.273094589000000054e+00	1.156992728999999942e+00
1.162030136000000047e+00	2.079891299999999874e-02	1.344437172999999985e+00	1.162030136000000047e+00	-1.966101599999999991e-02	1.311832791999999914e+00	1.156972724999999924e+00
1.193776641999999999e+00	2.195030200000000140e-02	1.381141812000000080e+00	1.193776641999999999e+00	-2.525577999999999851e-02	1.352731676000000105e+00	1.156951614000000017e+00
1.226390456999999934e+00	2.316539700000000077e-02	1.418847095999999919e+00	1.226390456999999934e+00	-3.071060200000000004e-02	1.395952757000000100e+00	1.156929335000000059e+00
1.259895277999999896e+00	2.444771700000000075e-02	1.457580182999999918e+00	1.259895277999999896e+00	-3.575326200000000093e-02	1.441605926000000037e+00	1.156905823000000000e+00
1.294315445000000064e+00	2.580097799999999872e-02	1.497368961000000054e+00	1.294315445000000064e+00	-4.008191400000000321e-02	1.489733946999999947e+00	1.156881011000000070e+00
1.329675967000000014e+00	2.722909999999999914e-02	1.538242061000000049e+00	1.329675967000000014e+00	-4.338718099999999689e-02	1.540301874000000071e+00	1.156854826000000003e+00
1.366002533999999935e+00	2.873621800000000087e-02	1.580228878000000003e+00	1.366002533999999935e+00	-4.537951099999999738e-02	1.593194267000000108e+00	1.156827193999999892e+00
1.403321537999999924e+00	3.032669600000000021e-02	1.623359594000000072e+00	1.403321537999999924e+00	-4.581943499999999864e-02	1.648223207000000023e+00	1.156798033000000059e+00
1.441660090999999921e+00	3.200513800000000242e-02	1.667665192000000074e+00	1.441660090999999921e+00	-4.454672600000000177e-02	1.705149822999999953e+00	1.156767258999999992e+00
1.481046048999999920e+00	3.377640199999999704e-02	1.713177481000000002e+00	1.481046048999999920e+00	-4.150239399999999801e-02	1.763720948000000011e+00	1.156734783999999960e+00
1.521508026000000013e+00	3.564561399999999908e-02	1.759929113000000100e+00	1.521508026000000013e+00	-3.673531000000000019e-02	1.823720049999999926e+00	1.156700513000000097e+00
1.563075417999999939e+00	3.761817900000000159e-02	1.807953608000000045e+00	1.563075417999999939e+00	-3.038394599999999848e-02	1.885027224999999973e+00	1.156664346999999982e+00
1.605778426000000092e+00	3.969980299999999879e-02	1.857285370000000047e+00	1.605778426000000092e+00	-2.262468499999999855e-02	1.947676935999999914e+00	1.156626181999999892e+00
1.649648073999999909e+00	4.189650300000000160e-02	1.907959715000000056e+00	1.649648073999999909e+00	-1.358298099999999918e-02	2.011895637999999931e+00	1.156585908000000051e+00
1.694716235000000015e+00	4.421462999999999782e-02	1.960012888999999925e+00	1.694716235000000015e+00	-3.213085000000000073e-03	2.078096878000000203e+00	1.156543407000000023e+00
1.741015651999999969e+00	4.666088100000000127e-02	2.013482091999999835e+00	1.741015651999999969e+00	8.835037999999999919e-03	2.146812192000000064e+00	1.156498558000000010e+00
1.788579963000000106e+00	4.924232199999999809e-02	2.068405499999999897e+00	1.788579963000000106e+00	2.332990199999999958e-02	2.218543964000000202e+00	1.156451230999999913e+00
1.837443724999999972e+00	5.196640599999999971e-02	2.124822292000000168e+00	1.837443724999999972e+00	4.151261800000000113e-02	2.293540875999999784e+00	1.156401288999999943e+00
1.887642437000000006e+00	5.484099600000000296e-02	2.182772668000000138e+00	1.887642437000000006e+00	6.504568900000000375e-02	2.371515270000000175e+00	1.156348587999999955e+00
1.939212571999999968e+00	5.787438599999999989e-02	2.242297876999999939e+00	1.939212571999999968e+00	9.581195700000000315e-02	2.451344038999999864e+00	1.156292977000000111e+00
1.992191596000000064e+00	6.107532599999999923e-02	2.303440242999999832e+00	1.992191596000000064e+00	1.355259209999999936e-01	2.530825249999999915e+00	1.156234294000000107e+00
2.046617998999999966e+00	6.445304100000000258e-02	2.366243185000000082e+00	2.046617998999999966e+00	1.851456810000000064e-01	2.606607766999999853e+00	1.156172371000000032e+00
2.102531325000000173e+00	6.801726600000000678e-02	2.430751245000000171e+00	2.102531325000000173e+00	2.441493489999999877e-01	2.674460913999999967e+00	1.156107030000000035e+00
2.159972194999999928e+00	7.177826499999999388e-02	2.497010112999999976e+00	2.159972194999999928e+00	3.098942250000000231e-01	2.730049559999999875e+00	1.156038082000000022e+00
2.218982340999999803e+00	7.574686599999999603e-02	2.565066653000000141e+00	2.218982340999999803e+00	3.774709989999999737e-01	2.770216898000000150e+00	1.155965329000000041e+00
2.279604636999999823e+00	7.993448599999999904e-02	2.634968927000000072e+00	2.279604636999999823e+00	4.405064149999999845e-01	2.794383187999999851e+00	1.155888561999999897e+00
2.341883125999999926e+00	8.435316700000000667e-02	2.706766223999999887e+00	2.341883125999999926e+00	4.929789529999999975e-01	2.805233144999999872e+00	1.155807561000000039e+00
2.405863055000000195e+00	8.901560699999999660e-02	2.780509084000000186e+00	2.405863055000000195e+00	5.313098170000000176e-01	2.807897921999999991e+00	1.155722091999999979e+00
2.471590905999999865e+00	9.393519699999999806e-02	2.856249323000000118e+00	2.471590905999999865e+00	5.554027740000000435e-01	2.807668749999999935e+00	1.155631910999999956e+00
2.539114434000000031e+00	9.912605500000000458e-02	2.934040063999999948e+00	2.539114434000000031e+00	5.676509830000000534e-01	2.807409911000000147e+00	1.155536759000000080e+00
2.608482695000000184e+00	1.046030700000000063e-01	3.013935759000000214e+00	2.608482695000000184e+00	5.700795180000000073e-01	2.806339546999999879e+00	1.155436362999999966e+00
2.679746086999999832e+00	1.103819369999999994e-01	3.095992217000000046e+00	2.679746086999999832e+00	5.609875650000000213e-01	2.801434347999999908e+00	1.155330436000000072e+00
2.752956386000000144e+00	1.164792070000000013e-01	3.180266630000000205e+00	2.752956386000000144e+00	5.333140750000000541e-01	2.791605968999999909e+00	1.155218674999999973e+00
2.828166780000000102e+00	1.229123240000000034e-01	3.266817598999999905e+00	2.828166780000000102e+00	4.770592929999999954e-01	2.782819927999999887e+00	1.155100760999999920e+00
2.905431912000000061e+00	1.296996800000000116e-01	3.355705162000000019e+00	2.905431912000000061e+00	3.859657950000000004e-01	2.790142750999999866e+00	1.154976355999999926e+00
2.984807916999999922e+00	1.368606609999999946e-01	3.446990814999999930e+00	2.984807916999999922e+00	2.644067079999999903e-01	2.833648917000000100e+00	1.154845106000000010e+00
3.066352462999999862e+00	1.444157000000000080e-01	3.540737539999999850e+00	3.066352462999999862e+00	1.293069490000000044e-01	2.930497458000000055e+00	1.154706637000000091e+00
3.150124796000000060e+00	1.523863310000000137e-01	3.637009830999999860e+00	3.150124796000000060e+00	7.202425000000000146e-03	3.088576311999999824e+00	1.154560553999999906e+00
3.236185777000000208e+00	1.607952519999999996e-01	3.735873713000000151e+00	3.236185777000000208e+00	-6.897909800000000258e-02	3.302471827999999832e+00	1.154406443000000060e+00
3.324597932000000089e+00	1.696663770000000071e-01	3.837396770999999873e+00	3.324597932000000089e+00	-6.299480100000000304e-02	3.545989366000000143e+00	1.154243866000000063e+00
3.415425496000000116e+00	1.790249060000000114e-01	3.941648167999999952e+00	3.415425496000000116e+00	4.966983800000000088e-02	3.757687385000000102e+00	1.154072361999999963e+00
3.508734456000000002e+00	1.888973919999999973e-01	4.048698669000000194e+00	3.508734456000000002e+00	2.348373009999999983e-01	3.842998945999999805e+00	1.153891444000000099e+00
3.604592604000000033e+00	1.993118050000000085e-01	4.158620658000000248e+00	3.604592604000000033e+00	3.578580020000000084e-01	3.754789753999999924e+00	1.153700602000000019e+00
3.703069584000000081e+00	2.102976099999999959e-01	4.271488160999999728e+00	3.703069584000000081e+00	2.810430019999999862e-01	3.598283411999999792e+00	1.153499296999999979e+00
3.804236942000000177e+00	2.218858419999999998e-01	4.387376856999999575e+00	3.804236942000000177e+00	1.617706000000000005e-02	3.545045522000000116e+00	1.153286959999999972e+00
3.908168177999999937e+00	2.341091869999999964e-01	4.506364103000000121e+00	3.908168177999999937e+00	-3.243451729999999866e-01	3.680159818999999999e+00	1.153062994999999979e+00
4.014938800999999557e+00	2.470020629999999939e-01	4.628528936000000371e+00	4.014938800999999557e+00	-6.355541230000000263e-01	4.011858765999999576e+00	1.152826772000000055e+00
4.124626382999999841e+00	2.606007100000000132e-01	4.753952094999999822e+00	4.124626382999999841e+00	-8.190097929999999860e-01	4.527382710000000365e+00	1.152577629000000048e+00
4.237310615000000169e+00	2.749432820000000111e-01	4.882716022000000322e+00	4.237310615000000169e+00	-7.319239840000000275e-01	5.162892839999999595e+00	1.152314867999999937e+00
4.353073365000000194e+00	2.900699400000000261e-01	5.014904871999999791e+00	4.353073365000000194e+00	-2.526608610000000144e-01	5.655986282999999837e+00	1.152037755999999913e+00
4.471998736999999835e+00	3.060229520000000147e-01	5.150604516999999660e+00	4.471998736999999835e+00	3.375569319999999762e-01	5.627868022000000359e+00	1.151745521000000050e+00
4.594173135000000130e+00	3.228467990000000176e-01	5.289902544000000262e+00	4.594173135000000130e+00	4.899555259999999746e-01	5.280641000000000140e+00	1.151437350999999998e+00
4.719685319999999962e+00	3.405882800000000210e-01	5.432888250999999613e+00	4.719685319999999962e+00	2.514215630000000146e-01	5.138560100000000297e+00	1.151112391000000068e+00
4.848626481000000155e+00	3.592966280000000068e-01	5.579652642000000107e+00	4.848626481000000155e+00	-2.737021300000000087e-02	5.331253378999999626e+00	1.150769740999999957e+00
4.981090296999999723e+00	3.790236240000000034e-01	5.730288412000000164e+00	4.981090296999999723e+00	-1.033131469999999941e-01	5.734870364999999914e+00	1.150408459000000105e+00
5.117173006999999885e+00	3.998237199999999936e-01	5.884889931000000018e+00	5.117173006999999885e+00	1.225036520000000045e-01	6.089688830000000053e+00	1.150027549000000038e+00
5.256973477999999922e+00	4.217541650000000142e-01	6.043553224000000057e+00	5.256973477999999922e+00	4.505853349999999757e-01	6.115093043999999978e+00	1.149625968000000054e+00
5.400593278999999747e+00	4.448751369999999761e-01	6.206375938999999953e+00	5.400593278999999747e+00	5.048208459999999898e-01	5.903171480000000138e+00	1.149202618999999981e+00
5.548136752999999644e+00	4.692498749999999830e-01	6.373457316999999733e+00	5.548136752999999644e+00	2.451726270000000041e-01	5.801973056999999656e+00	1.148756348000000038e+00
5.699711094000000422e+00	4.949448249999999772e-01	6.544898147999999694e+00	5.699711094000000422e+00	-1.178243060000000036e-01	5.966026091999999892e+00	1.148285945999999891e+00
5.855426426000000184e+00	5.220297790000000271e-01	6.720800725000000142e+00	5.855426426000000184e+00	-3.935267760000000226e-01	6.370323607000000443e+00	1.147790140999999986e+00
6.015395879999999806e+00	5.505780270000000254e-01	6.901268788000000320e+00	6.015395879999999806e+00	-4.448832970000000109e-01	6.886408194000000371e+00	1.147267599000000082e+00
6.179735678000000121e+00	5.806665119999999680e-01	7.086407455999999883e+00	6.179735678000000121e+00	-2.870807209999999832e-01	7.281017216000000403e+00	1.146716918999999946e+00
6.348565215999999900e+00	6.123759859999999833e-01	7.276323157000000208e+00	6.348565215999999900e+00	-1.901420370000000137e-01	7.480832620000000155e+00	1.146136631999999933e+00
6.522007154999999834e+00	6.457911720000000244e-01	7.471123541999999951e+00	6.522007154999999834e+00	-2.569786780000000159e-01	7.768190761999999694e+00	1.145525198999999938e+00
6.700187503999999628e+00	6.810009329999999750e-01	7.670917389000000419e+00	6.700187503999999628e+00	-1.667987609999999898e-01	8.257625051999999855e+00	1.144881003000000064e+00
6.883235714999999644e+00	7.180984369999999783e-01	7.875814499999999718e+00	6.883235714999999644e+00	2.357131859999999912e-01	8.504079394999999764e+00	1.144202353000000061e+00
7.071284778999999965e+00	7.571813339999999837e-01	8.085925579999999613e+00	7.071284778999999965e+00	3.091474149999999810e-01	8.314733570999999657e+00	1.143487474999999920e+00
7.264471318000000011e+00	7.983519300000000429e-01	8.301362107999999296e+00	7.264471318000000011e+00	-1.618745550000000033e-01	8.432483101000000758e+00	1.142734514999999895e+00
7.462935685999999791e+00	8.417173650000000507e-01	8.522236185000000575e+00	7.462935685999999791e+00	-5.319395919999999611e-01	9.194012087000000832e+00	1.141941528999999900e+00
7.666822074999999792e+00	8.873897929999999823e-01	8.748660382000000624e+00	7.666822074999999792e+00	-2.383232630000000074e-01	1.014047190299999990e+01	1.141106484000000032e+00
7.876278611000000041e+00	9.354865610000000498e-01	8.980747555000000659e+00	7.876278611000000041e+00	3.905790740000000261e-01	1.055241232000000018e+01	1.140227257000000050e+00
8.091457472000000095e+00	9.861303919999999668e-01	9.218610658999999430e+00	8.091457472000000095e+00	7.125220199999999782e-01	1.070958865599999932e+01	1.139301627000000039e+00
8.312514990000000381e+00	1.039449566000000047e+00	9.462362528999999967e+00	8.312514990000000381e+00	9.623878249999999746e-01	1.103511870200000011e+01	1.138327273999999889e+00
8.539611769000000407e+00	1.095578095999999890e+00	9.712115657000000013e+00	8.539611769000000407e+00	1.443992058999999939e+00	1.130836449200000082e+01	1.137301778999999957e+00
8.772912802000000454e+00	1.154655903000000094e+00	9.967981936999999348e+00	8.772912802000000454e+00	1.845691463999999948e+00	1.118456513199999947e+01	1.136222615999999963e+00
9.012587587000000511e+00	1.216828994000000108e+00	1.023007239700000071e+01	9.012587587000000511e+00	1.767363988000000052e+00	1.115840777800000083e+01	1.135087154000000043e+00
9.258810254000000128e+00	1.282249621000000062e+00	1.049849690299999949e+01	9.258810254000000128e+00	1.891730058999999908e+00	1.156326904900000052e+01	1.133892651000000029e+00
9.511759690999999961e+00	1.351076444999999904e+00	1.077336385000000085e+01	9.511759690999999961e+00	2.331956948000000196e+00	1.155156890900000022e+01	1.132636251999999955e+00
9.771619673000000006e+00	1.423474684000000101e+00	1.105477981599999993e+01	9.771619673000000006e+00	2.269964861000000056e+00	1.135199851700000018e+01	1.131314989999999909e+00
1.003857899399999987e+01	1.499616255000000065e+00	1.134284920500000027e+01	1.003857899399999987e+01	2.034738683000000048e+00	1.136340665700000052e+01	1.129925781000000073e+00
1.031283160699999968e+01	1.579679899000000054e+00	1.163767385400000087e+01	1.031283160699999968e+01	1.481708706000000042e+00	1.160935186100000038e+01	1.128465419999999941e+00
1.059457676399999926e+01	1.663851293000000009e+00	1.193935262399999964e+01	1.059457676399999926e+01	1.089413001999999908e+00	1.256838662000000006e+01	1.126930588000000011e+00
1.088401916099999944e+01	1.752323143999999999e+00	1.224798095300000078e+01	1.088401916099999944e+01	1.341024044000000082e+00	1.368587330100000088e+01	1.125317842000000068e+00
1.118136908399999996e+01	1.845295263999999991e+00	1.256365039800000005e+01	1.118136908399999996e+01	2.335310851000000021e+00	1.471605693799999948e+01	1.123623618999999962e+00
1.148684256700000006e+01	1.942974618999999903e+00	1.288644813199999994e+01	1.148684256700000006e+01	3.671908340999999965e+00	1.438701930799999928e+01	1.121844236999999911e+00
1.180066154400000045e+01	2.045575353999999901e+00	1.321645642900000084e+01	1.180066154400000045e+01	3.851895883000000076e+00	1.368860352399999947e+01	1.119975890999999946e+00
1.212305401300000085e+01	2.153318785999999818e+00	1.355375211700000015e+01	1.212305401300000085e+01	3.361552376000000120e+00	1.328014788399999979e+01	1.118014660999999910e+00
1.245425420099999947e+01	2.266433365000000144e+00	1.389840600199999976e+01	1.245425420099999947e+01	2.697967486000000026e+00	1.380018055100000041e+01	1.115956506000000070e+00
1.279450273199999977e+01	2.385154599999999903e+00	1.425048227199999928e+01	1.279450273199999977e+01	2.505564242000000164e+00	1.451379198399999915e+01	1.113797275000000031e+00
1.314404680700000050e+01	2.509724938999999821e+00	1.461003787199999948e+01	1.314404680700000050e+01	2.620404171000000115e+00	1.543682927000000049e+01	1.111532702999999955e+00
1.350314037899999953e+01	2.640393607000000031e+00	1.497712186300000070e+01	1.350314037899999953e+01	2.729843143000000083e+00	1.608324426600000123e+01	1.109158421000000061e+00
1.387204433800000025e+01	2.777416397000000092e+00	1.535177475499999922e+01	1.387204433800000025e+01	3.128914052999999917e+00	1.733711207500000029e+01	1.106669960000000064e+00
1.425102670300000085e+01	2.921055400999999829e+00	1.573402782299999991e+01	1.425102670300000085e+01	4.309947520999999782e+00	1.869972045400000127e+01	1.104062756000000034e+00
1.464036281499999959e+01	3.071578693999999832e+00	1.612390241499999988e+01	1.464036281499999959e+01	6.937720038000000145e+00	1.849399630599999966e+01	1.101332160999999976e+00
1.504033553600000062e+01	3.229259938999999857e+00	1.652140923700000030e+01	1.504033553600000062e+01	8.073900118999999265e+00	1.652366341500000146e+01	1.098473448000000019e+00
1.545123545799999931e+01	3.394377942999999842e+00	1.692654764299999925e+01	1.545123545799999931e+01	6.968464264999999713e+00	1.489804120800000042e+01	1.095481826999999964e+00
1.587336110999999939e+01	3.567216133000000067e+00	1.733930492100000009e+01	1.587336110999999939e+01	5.716045876999999997e+00	1.468990138000000023e+01	1.092352451000000002e+00
1.630701917700000081e+01	3.748061954999999834e+00	1.775965557299999986e+01	1.630701917700000081e+01	4.450194132000000025e+00	1.531584769300000026e+01	1.089080437000000012e+00
1.675252472400000059e+01	3.937206202000000044e+00	1.818756062399999962e+01	1.675252472400000059e+01	3.632741681000000167e+00	1.668879733300000012e+01	1.085660872999999915e+00
1.721020142200000080e+01	4.134942255000000344e+00	1.862296692800000031e+01	1.721020142200000080e+01	3.517747595999999977e+00	1.835197290900000056e+01	1.082088842000000106e+00
1.768038178500000157e+01	4.341565239000000354e+00	1.906580652099999895e+01	1.768038178500000157e+01	5.117619919000000017e+00	2.029869262900000138e+01	1.078359435999999949e+00
1.816340741100000145e+01	4.557371096999999871e+00	1.951599599000000040e+01	1.816340741100000145e+01	6.986110023000000169e+00	2.029888440299999885e+01	1.074467776999999957e+00
1.865962923200000034e+01	4.782655570000000189e+00	1.997343589600000158e+01	1.865962923200000034e+01	7.679084376999999684e+00	1.909370959099999965e+01	1.070409044000000032e+00
1.916940776499999899e+01	5.017713089999999987e+00	2.043801025200000154e+01	1.916940776499999899e+01	7.314298703000000401e+00	1.838637831000000133e+01	1.066178491000000061e+00
1.969311337899999970e+01	5.262835588999999814e+00	2.090958606199999892e+01	1.969311337899999970e+01	6.436603361000000412e+00	1.834398276499999980e+01	1.061771476000000103e+00
2.023112655899999979e+01	5.518311212999999604e+00	2.138801293999999942e+01	2.023112655899999979e+01	5.958100982000000378e+00	1.920435580399999864e+01	1.057183487999999949e+00
2.078383818600000055e+01	5.784422958000000392e+00	2.187312281199999831e+01	2.078383818600000055e+01	5.894798104000000372e+00	2.054739432999999948e+01	1.052410175999999975e+00
2.135164981899999859e+01	6.061447227999999576e+00	2.236472972900000045e+01	2.135164981899999859e+01	6.515305351000000300e+00	2.135965412199999847e+01	1.047447382999999954e+00
2.193497398899999951e+01	6.349652314000000075e+00	2.286262978599999940e+01	2.193497398899999951e+01	7.011252567999999741e+00	2.166039603899999832e+01	1.042291174000000042e+00
2.253423449599999984e+01	6.649296812000000223e+00	2.336660116799999898e+01	2.253423449599999984e+01	6.971411027000000260e+00	2.194329068000000049e+01	1.036937871999999983e+00
2.314986671899999848e+01	6.960627985000000351e+00	2.387640434000000056e+01	2.314986671899999848e+01	6.842779874999999734e+00	2.275052389500000061e+01	1.031384094999999945e+00
2.378231793000000138e+01	7.283880079000000229e+00	2.439178237899999857e+01	2.378231793000000138e+01	7.192970801999999608e+00	2.390298620700000143e+01	1.025626788999999928e+00
2.443204762199999891e+01	7.619272611999999611e+00	2.491246147700000080e+01	2.443204762199999891e+01	8.108761653000000180e+00	2.480862357799999884e+01	1.019663266000000013e+00
2.509952784100000045e+01	7.967008643999999862e+00	2.543815160799999830e+01	2.509952784100000045e+01	9.059002439000000351e+00	2.520216431500000098e+01	1.013491241000000098e+00
2.578524352899999883e+01	8.327273055999999229e+00	2.596854738100000048e+01	2.578524352899999883e+01	9.786398824000000829e+00	2.550102736099999845e+01	1.007108866000000047e+00
2.648969287599999944e+01	8.700230846000000184e+00	2.650332907700000007e+01	2.648969287599999944e+01	1.069937104099999914e+01	2.580833109699999994e+01	1.000514773999999996e+00
2.721338768400000063e+01	9.086025472999999408e+00	2.704216388000000038e+01	2.721338768400000063e+01	1.177609771400000049e+01	2.549580949699999977e+01	9.937081039999999810e-01
2.795685373499999926e+01	9.484777269000000288e+00	2.758470730200000176e+01	2.795685373499999926e+01	1.199560970699999984e+01	2.460330411800000050e+01	9.866885439999999452e-01
2.872063117800000143e+01	9.896581937000000551e+00	2.813060480400000074e+01	2.872063117800000143e+01	1.127020342199999980e+01	2.430497602000000157e+01	9.794563579999999714e-01
2.950527491700000127e+01	1.032150917699999937e+01	2.867949360600000119e+01	2.950527491700000127e+01	1.083650840500000001e+01	2.489069269599999856e+01	9.720124180000000447e-01
3.031135501600000026e+01	1.075960144299999932e+01	2.923100468000000163e+01	3.031135501600000026e+01	1.096310904299999933e+01	2.537338553000000019e+01	9.643582299999999830e-01
3.113945711299999886e+01	1.121087287799999999e+01	2.978476492100000073e+01	3.113945711299999886e+01	1.082607310100000042e+01	2.546312641700000157e+01	9.564959600000000339e-01
3.199018284799999989e+01	1.167530844600000073e+01	3.034039947000000126e+01	3.199018284799999989e+01	9.841724508000000426e+00	2.586825467199999906e+01	9.484284480000000350e-01
3.286415029399999810e+01	1.215286327599999971e+01	3.089753418200000112e+01	3.286415029399999810e+01	9.017846266999999472e+00	2.757101717500000149e+01	9.401592279999999580e-01
3.376199441100000342e+01	1.264346225399999923e+01	3.145579820800000093e+01	3.376199441100000342e+01	9.638923738000000796e+00	2.992930653599999857e+01	9.316925360000000156e-01
3.468436750800000112e+01	1.314699989000000002e+01	3.201482667100000157e+01	3.468436750800000112e+01	1.120247112000000023e+01	3.046475311400000052e+01	9.230333139999999936e-01
3.563193971199999766e+01	1.366334044999999975e+01	3.257426339799999937e+01	3.563193971199999766e+01	1.118747111699999941e+01	3.125971768100000148e+01	9.141872060000000300e-01
3.660539946000000100e+01	1.419231839899999947e+01	3.313376368299999797e+01	3.660539946000000100e+01	1.178885923800000057e+01	3.238122254999999683e+01	9.051605550000000333e-01
3.760545399699999791e+01	1.473373915400000023e+01	3.369299703899999798e+01	3.760545399699999791e+01	1.298353654299999960e+01	3.399487209600000170e+01	8.959603849999999703e-01
3.863282988699999976e+01	1.528738013799999962e+01	3.425164989099999957e+01	3.863282988699999976e+01	1.409818483699999980e+01	3.451400669600000271e+01	8.865943809999999869e-01
3.968827354599999779e+01	1.585299216399999978e+01	3.480942819500000240e+01	3.968827354599999779e+01	1.621266991599999940e+01	3.525951022999999651e+01	8.770708600000000077e-01
4.077255178299999727e+01	1.643030112099999940e+01	3.536605990399999655e+01	4.077255178299999727e+01	1.796172539100000165e+01	3.483062629999999871e+01	8.673987370000000308e-01
4.188645235399999933e+01	1.701900995200000111e+01	3.592129727500000058e+01	4.188645235399999933e+01	1.854782396299999903e+01	3.356638926299999781e+01	8.575874839999999555e-01
4.303078453700000239e+01	1.761880092399999853e+01	3.647491894000000201e+01	4.303078453700000239e+01	1.830087060600000015e+01	3.242637469400000327e+01	8.476470820000000517e-01
4.420637972000000104e+01	1.822933814599999991e+01	3.702673173499999848e+01	4.420637972000000104e+01	1.739318147599999875e+01	3.217509820099999729e+01	8.375879670000000443e-01
4.541409200399999690e+01	1.885027031099999917e+01	3.757657222000000274e+01	4.541409200399999690e+01	1.642427548399999893e+01	3.292799898399999847e+01	8.274209740000000313e-01
4.665479882199999651e+01	1.948123363199999858e+01	3.812430787200000282e+01	4.665479882199999651e+01	1.592699405499999976e+01	3.432178040099999805e+01	8.171572660000000488e-01
4.792940158300000064e+01	2.012185492500000095e+01	3.866983791599999876e+01	4.792940158300000064e+01	1.604953342700000007e+01	3.590146300300000348e+01	8.068082770000000181e-01
4.923882631699999735e+01	2.077175478899999916e+01	3.921309377499999727e+01	4.923882631699999735e+01	1.657197174599999911e+01	3.726505431900000076e+01	7.963856310000000382e-01
5.058402435699999700e+01	2.143055084299999891e+01	3.975403911400000112e+01	5.058402435699999700e+01	1.712646131300000008e+01	3.850707583599999850e+01	7.859010749999999490e-01
5.196597302499999671e+01	2.209786096099999853e+01	4.029266946500000302e+01	5.196597302499999671e+01	1.785324150599999982e+01	3.999376516099999890e+01	7.753664009999999829e-01
5.338567634199999645e+01	2.277330644099999901e+01	4.082901144499999901e+01	5.338567634199999645e+01	1.927340673599999832e+01	4.150744680399999709e+01	7.647933719999999713e-01
5.484416576099999929e+01	2.345651507099999833e+01	4.136312154699999866e+01	5.484416576099999929e+01	2.130572318700000167e+01	4.212611368799999667e+01	7.541936500000000487e-01
5.634250091300000207e+01	2.414712402099999977e+01	4.189508454100000279e+01	5.634250091300000207e+01	2.309872730700000076e+01	4.189809662100000054e+01	7.435787170000000001e-01
5.788177037700000227e+01	2.484478250400000121e+01	4.242501147899999836e+01	5.788177037700000227e+01	2.409873758999999893e+01	4.075043165299999970e+01	7.329598109999999611e-01
5.946309247399999975e+01	2.554915417300000158e+01	4.295303735299999914e+01	5.946309247399999975e+01	2.346018648200000101e+01	4.026502614099999988e+01	7.223478559999999549e-01
6.108761607499999968e+01	2.625991917600000036e+01	4.347931842700000260e+01	6.108761607499999968e+01	2.318752038999999954e+01	4.041770144899999906e+01	7.117533999999999805e-01
6.275652144000000021e+01	2.697677585699999980e+01	4.400402928999999830e+01	6.275652144000000021e+01	2.269001511800000159e+01	4.149886716000000320e+01	7.011865579999999598e-01
6.447102107300000284e+01	2.769944203000000016e+01	4.452735967200000289e+01	6.447102107300000284e+01	2.252208075800000131e+01	4.220041981399999997e+01	6.906569639999999843e-01
6.623236060300000361e+01	2.842765582899999899e+01	4.504951107600000171e+01	6.623236060300000361e+01	2.183843512900000050e+01	4.383493629899999888e+01	6.801737199999999817e-01
6.804181968899999333e+01	2.916117607700000036e+01	4.557069329299999794e+01	6.804181968899999333e+01	2.270228206599999865e+01	4.585176484299999800e+01	6.697453639999999542e-01
6.990071295200000634e+01	2.989978217299999841e+01	4.609112083600000176e+01	6.990071295200000634e+01	2.377407560400000008e+01	4.800180932899999675e+01	6.593798389999999676e-01
7.181039092499999299e+01	3.064327348899999848e+01	4.661100938100000235e+01	7.181039092499999299e+01	2.584435884999999899e+01	4.925370096599999670e+01	6.490844679999999700e-01
7.377224104200000454e+01	3.139146825899999982e+01	4.713057225499999703e+01	7.377224104200000454e+01	2.780783446499999911e+01	4.985219897399999667e+01	6.388659420000000200e-01
7.578768863599999861e+01	3.214420197900000176e+01	4.765001705400000276e+01	7.578768863599999861e+01	2.940506025999999906e+01	4.978896838699999705e+01	6.287303109999999862e-01
7.785819798500000388e+01	3.290132532599999848e+01	4.816954243699999694e+01	7.785819798500000388e+01	3.032134981900000170e+01	4.901549718199999717e+01	6.186829860000000458e-01
7.998527336799999432e+01	3.366270162400000032e+01	4.868933515900000231e+01	7.998527336799999432e+01	3.019972168400000001e+01	4.862046879300000057e+01	6.087287460000000427e-01
8.217046016099999406e+01	3.442820386799999710e+01	4.920956740799999807e+01	8.217046016099999406e+01	2.915290806599999840e+01	4.975848325300000141e+01	5.988717519999999794e-01
8.441534595999999624e+01	3.519771136399999989e+01	4.973039449400000223e+01	8.441534595999999624e+01	2.939561045399999983e+01	5.130870859099999848e+01	5.891155679999999784e-01
8.672156173400000512e+01	3.597110601199999991e+01	5.025195293200000179e+01	8.672156173400000512e+01	3.081979351300000047e+01	5.364918562999999807e+01	5.794631909999999886e-01
8.909078300900000613e+01	3.674826827999999779e+01	5.077435897600000203e+01	8.909078300900000613e+01	3.285839236700000043e+01	5.463158960399999842e+01	5.699170810000000476e-01
9.152473108799999579e+01	3.752907293700000224e+01	5.129770762999999789e+01	9.152473108799999579e+01	3.424715167899999813e+01	5.409669939199999789e+01	5.604791949999999856e-01
9.402517429700000662e+01	3.831338457399999697e+01	5.182207217300000224e+01	9.402517429700000662e+01	3.411674702700000239e+01	5.373351276199999660e+01	5.511510349999999558e-01
9.659392927400000417e+01	3.910105300899999747e+01	5.234750421700000089e+01	9.659392927400000417e+01	3.338258353700000214e+01	5.497576565499999646e+01	5.419336869999999973e-01
9.923286228800000686e+01	3.989190861099999807e+01	5.287403431799999964e+01	9.923286228800000686e+01	3.378727717400000330e+01	5.766553691400000048e+01	5.328278669999999551e-01
1.019438905939999955e+02	4.068575762100000048e+01	5.340167315099999712e+01	1.019438905939999955e+02	3.610905108800000107e+01	6.005104827899999975e+01	5.238339720000000366e-01
1.047289838239999966e+02	4.148237754000000166e+01	5.393041324099999656e+01	1.047289838239999966e+02	3.927687795300000317e+01	6.085354414199999695e+01	5.149521299999999524e-01
1.075901654219999983e+02	4.228151264499999940e+01	5.446023124799999948e+01	1.075901654219999983e+02	4.138150848400000115e+01	5.951788219200000185e+01	5.061822430000000317e-01
