1.000000000000000000e+00	7.560329300000000197e-02	3.794410520000000009e-01	1.000000000000000000e+00	7.037308899999999978e-02	3.825155080000000041e-01	3.794410520000000009e-01
1.019438905999999978e+00	7.570656700000000239e-02	3.868126860000000167e-01	1.019438905999999978e+00	7.046737899999999666e-02	3.899697839999999860e-01	3.794368490000000205e-01
1.039255682999999930e+00	7.581388799999999595e-02	3.943273580000000167e-01	1.039255682999999930e+00	7.056595100000000176e-02	3.975699600000000000e-01	3.794324769999999902e-01
1.059457676000000070e+00	7.592541399999999663e-02	4.019878310000000177e-01	1.059457676000000070e+00	7.066901500000000169e-02	4.053189209999999987e-01	3.794279280000000254e-01
1.080052374999999953e+00	7.604130900000000137e-02	4.097969240000000068e-01	1.080052374999999953e+00	7.077679700000000240e-02	4.132196100000000150e-01	3.794231960000000181e-01
1.101047410999999920e+00	7.616174500000000291e-02	4.177575069999999724e-01	1.101047410999999920e+00	7.088953500000000352e-02	4.212750279999999958e-01	3.794182729999999726e-01
1.122450568000000093e+00	7.628689800000000576e-02	4.258725070000000112e-01	1.122450568000000093e+00	7.100747799999999887e-02	4.294882360000000232e-01	3.794131510000000040e-01
1.144269779000000042e+00	7.641695299999999580e-02	4.341449039999999981e-01	1.144269779000000042e+00	7.113089200000000112e-02	4.378623580000000071e-01	3.794078209999999785e-01
1.166513131999999953e+00	7.655210099999999740e-02	4.425777370000000266e-01	1.166513131999999953e+00	7.126005500000000270e-02	4.464005779999999923e-01	3.794022759999999828e-01
1.189188871000000036e+00	7.669254000000000349e-02	4.511741020000000213e-01	1.189188871000000036e+00	7.139526399999999995e-02	4.551061459999999892e-01	3.793965049999999950e-01
1.212305401000000060e+00	7.683847700000000225e-02	4.599371529999999875e-01	1.212305401000000060e+00	7.153682999999999570e-02	4.639823750000000024e-01	3.793905009999999911e-01
1.235871291999999899e+00	7.699012700000000542e-02	4.688701060000000087e-01	1.235871291999999899e+00	7.168508299999999667e-02	4.730326449999999738e-01	3.793842519999999774e-01
1.259895277999999896e+00	7.714771099999999382e-02	4.779762350000000271e-01	1.259895277999999896e+00	7.184037299999999904e-02	4.822604019999999769e-01	3.793777489999999863e-01
1.284386264000000111e+00	7.731145999999999852e-02	4.872588769999999792e-01	1.284386264000000111e+00	7.200306800000000340e-02	4.916691610000000212e-01	3.793709809999999960e-01
1.309353326999999956e+00	7.748161500000000368e-02	4.967214340000000172e-01	1.309353326999999956e+00	7.217355899999999824e-02	5.012625050000000249e-01	3.793639380000000116e-01
1.334805723999999971e+00	7.765842500000000315e-02	5.063673699999999833e-01	1.334805723999999971e+00	7.235225800000000262e-02	5.110440910000000336e-01	3.793566070000000123e-01
1.360752885999999995e+00	7.784214799999999990e-02	5.162002140000000461e-01	1.360752885999999995e+00	7.253960499999999312e-02	5.210176429999999748e-01	3.793489760000000044e-01
1.387204434000000042e+00	7.803305300000000500e-02	5.262235640000000325e-01	1.387204434000000042e+00	7.273606000000000515e-02	5.311869609999999575e-01	3.793410329999999941e-01
1.414170170000000004e+00	7.823141899999999649e-02	5.364410809999999863e-01	1.414170170000000004e+00	7.294211400000000234e-02	5.415559170000000533e-01	3.793327650000000162e-01
1.441660090999999921e+00	7.843753500000000267e-02	5.468565010000000504e-01	1.441660090999999921e+00	7.315828600000000292e-02	5.521284600000000431e-01	3.793241580000000224e-01
1.469684385999999954e+00	7.865170100000000442e-02	5.574736240000000009e-01	1.469684385999999954e+00	7.338512599999999497e-02	5.629086110000000032e-01	3.793151980000000201e-01
1.498253443000000074e+00	7.887423000000000350e-02	5.682963239999999638e-01	1.498253443000000074e+00	7.362321500000000574e-02	5.739004709999999676e-01	3.793058690000000177e-01
1.527377849999999926e+00	7.910544399999999698e-02	5.793285479999999987e-01	1.527377849999999926e+00	7.387317000000000189e-02	5.851082170000000415e-01	3.792961559999999954e-01
1.557068405000000100e+00	7.934567900000000229e-02	5.905743140000000446e-01	1.557068405000000100e+00	7.413564300000000107e-02	5.965361049999999832e-01	3.792860430000000171e-01
1.587336110999999939e+00	7.959528400000000226e-02	6.020377180000000550e-01	1.587336110999999939e+00	7.441132799999999881e-02	6.081884699999999810e-01	3.792755130000000086e-01
1.618192188000000087e+00	7.985461900000000168e-02	6.137229279999999454e-01	1.618192188000000087e+00	7.470095599999999891e-02	6.200697269999999595e-01	3.792645479999999791e-01
1.649648073999999909e+00	8.012405999999999695e-02	6.256341939999999768e-01	1.649648073999999909e+00	7.500530499999999434e-02	6.321843689999999683e-01	3.792531290000000221e-01
1.681715427999999957e+00	8.040399600000000535e-02	6.377758399999999828e-01	1.681715427999999957e+00	7.532519799999999599e-02	6.445369730000000130e-01	3.792412370000000088e-01
1.714406136000000025e+00	8.069482899999999570e-02	6.501522720000000310e-01	1.714406136000000025e+00	7.566150600000000337e-02	6.571321930000000311e-01	3.792288529999999769e-01
1.747732314999999925e+00	8.099697699999999778e-02	6.627679770000000081e-01	1.747732314999999925e+00	7.601515500000000092e-02	6.699747670000000266e-01	3.792159540000000217e-01
1.781706320000000066e+00	8.131087400000000520e-02	6.756275240000000348e-01	1.781706320000000066e+00	7.638712400000000069e-02	6.830695129999999615e-01	3.792025190000000157e-01
1.816340741000000092e+00	8.163696800000000420e-02	6.887355659999999657e-01	1.816340741000000092e+00	7.677844899999999861e-02	6.964213270000000344e-01	3.791885249999999985e-01
1.851648417999999907e+00	8.197572599999999876e-02	7.020968400000000553e-01	1.851648417999999907e+00	7.719023099999999804e-02	7.100351889999999555e-01	3.791739479999999829e-01
1.887642437000000006e+00	8.232762999999999887e-02	7.157161699999999849e-01	1.887642437000000006e+00	7.762363199999999797e-02	7.239161539999999784e-01	3.791587619999999825e-01
1.924336140999999945e+00	8.269317800000000607e-02	7.295984680000000555e-01	1.924336140999999945e+00	7.807988800000000007e-02	7.380693579999999532e-01	3.791429430000000100e-01
1.961743129999999891e+00	8.307288899999999698e-02	7.437487339999999669e-01	1.961743129999999891e+00	7.856030299999999800e-02	7.525000109999999687e-01	3.791264630000000246e-01
1.999877270999999901e+00	8.346729699999999585e-02	7.581720570000000103e-01	1.999877270999999901e+00	7.906625999999999932e-02	7.672134000000000453e-01	3.791092930000000139e-01
2.038752697000000058e+00	8.387695800000000146e-02	7.728736210000000106e-01	2.038752697000000058e+00	7.959922299999999673e-02	7.822148820000000002e-01	3.790914029999999935e-01
2.078383818999999910e+00	8.430244600000000310e-02	7.878586990000000512e-01	2.078383818999999910e+00	8.016073799999999527e-02	7.975098859999999457e-01	3.790727640000000065e-01
2.118785325999999802e+00	8.474435299999999449e-02	8.031326610000000255e-01	2.118785325999999802e+00	8.075244400000000655e-02	8.131039060000000429e-01	3.790533429999999870e-01
2.159972194999999928e+00	8.520329399999999886e-02	8.187009710000000551e-01	2.159972194999999928e+00	8.137607299999999322e-02	8.290024999999999755e-01	3.790331069999999802e-01
2.201959690999999886e+00	8.567990300000000170e-02	8.345691899999999608e-01	2.201959690999999886e+00	8.203345300000000617e-02	8.452112830000000354e-01	3.790120200000000050e-01
2.244763378000000031e+00	8.617483700000000413e-02	8.507429770000000113e-01	2.244763378000000031e+00	8.272651799999999889e-02	8.617359260000000409e-01	3.789900460000000249e-01
2.288399123000000035e+00	8.668877299999999675e-02	8.672280909999999787e-01	2.288399123000000035e+00	8.345730799999999394e-02	8.785821459999999528e-01	3.789671490000000031e-01
2.332883097999999933e+00	8.722241000000000022e-02	8.840303919999999982e-01	2.332883097999999933e+00	8.422797499999999660e-02	8.957557019999999870e-01	3.789432879999999892e-01
2.378231792999999872e+00	8.777647099999999480e-02	9.011558410000000130e-01	2.378231792999999872e+00	8.504078900000000552e-02	9.132623869999999533e-01	3.789184230000000042e-01
2.424462017000000191e+00	8.835170100000000470e-02	9.186105039999999944e-01	2.424462017000000191e+00	8.589814099999999730e-02	9.311080179999999817e-01	3.788925120000000146e-01
2.471590905999999865e+00	8.894886899999999985e-02	9.364005509999999699e-01	2.471590905999999865e+00	8.680254599999999432e-02	9.492984309999999981e-01	3.788655109999999882e-01
2.519635929000000107e+00	8.956876399999999516e-02	9.545322579999999668e-01	2.519635929000000107e+00	8.775665000000000548e-02	9.678394639999999827e-01	3.788373729999999773e-01
2.568614895000000065e+00	9.021220400000000417e-02	9.730120079999999838e-01	2.568614895000000065e+00	8.876323099999999799e-02	9.867369510000000288e-01	3.788080529999999779e-01
2.618545957999999896e+00	9.088002700000000211e-02	9.918462959999999606e-01	2.618545957999999896e+00	8.982520500000000518e-02	1.005996705000000047e+00	3.787775010000000164e-01
2.669447626999999823e+00	9.157309600000000660e-02	1.011041722999999948e+00	2.669447626999999823e+00	9.094562500000000216e-02	1.025624505999999991e+00	3.787456670000000081e-01
2.721338767999999853e+00	9.229229899999999431e-02	1.030605004000000102e+00	2.721338767999999853e+00	9.212768600000000030e-02	1.045626080999999985e+00	3.787124989999999802e-01
2.774238616999999962e+00	9.303854599999999975e-02	1.050542968000000021e+00	2.774238616999999962e+00	9.337472199999999334e-02	1.066007090000000046e+00	3.786779410000000179e-01
2.828166780000000102e+00	9.381277300000000208e-02	1.070862557999999964e+00	2.828166780000000102e+00	9.469020999999999688e-02	1.086773103999999934e+00	3.786419400000000102e-01
2.883143248000000103e+00	9.461593799999999665e-02	1.091570829999999992e+00	2.883143248000000103e+00	9.607776799999999395e-02	1.107929584999999939e+00	3.786044379999999876e-01
2.939188398999999841e+00	9.544902299999999395e-02	1.112674962999999906e+00	2.939188398999999841e+00	9.754114499999999577e-02	1.129481858999999977e+00	3.785653769999999807e-01
2.996323004999999817e+00	9.631303300000000622e-02	1.134182252000000002e+00	2.996323004999999817e+00	9.908422599999999747e-02	1.151435095000000075e+00	3.785246950000000221e-01
3.054568247000000181e+00	9.720899299999999355e-02	1.156100112999999929e+00	3.054568247000000181e+00	1.007110150000000010e-01	1.173794269999999917e+00	3.784823319999999769e-01
3.113945710999999950e+00	9.813795399999999947e-02	1.178436086000000049e+00	3.113945710999999950e+00	1.024256330000000020e-01	1.196564146000000051e+00	3.784382239999999897e-01
3.174477409000000083e+00	9.910098200000000412e-02	1.201197834000000020e+00	3.174477409000000083e+00	1.042322940000000031e-01	1.219749234000000015e+00	3.783923080000000105e-01
3.236185777000000208e+00	1.000991680000000023e-01	1.224393148999999958e+00	3.236185777000000208e+00	1.061353000000000019e-01	1.243353756999999948e+00	3.783445180000000185e-01
3.299093688000000135e+00	1.011336169999999951e-01	1.248029950000000055e+00	3.299093688000000135e+00	1.081390089999999943e-01	1.267381612999999962e+00	3.782947890000000202e-01
3.363224460000000082e+00	1.022054540000000011e-01	1.272116288000000095e+00	3.363224460000000082e+00	1.102478139999999995e-01	1.291836339999999916e+00	3.782430529999999957e-01
3.428601863999999999e+00	1.033158170000000042e-01	1.296660348000000074e+00	3.428601863999999999e+00	1.124661089999999947e-01	1.316721067000000023e+00	3.781892439999999800e-01
3.495250132999999870e+00	1.044658589999999942e-01	1.321670450000000052e+00	3.495250132999999870e+00	1.147982510000000039e-01	1.342038473999999981e+00	3.781332949999999804e-01
3.563193971000000015e+00	1.056567449999999964e-01	1.347155056000000073e+00	3.563193971000000015e+00	1.172485109999999997e-01	1.367790744999999974e+00	3.780751390000000045e-01
3.632458563999999779e+00	1.068896490000000032e-01	1.373122769000000076e+00	3.632458563999999779e+00	1.198210249999999977e-01	1.393979521999999971e+00	3.780147099999999760e-01
3.703069584000000081e+00	1.081657510000000044e-01	1.399582340999999897e+00	3.703069584000000081e+00	1.225197229999999970e-01	1.420605856999999972e+00	3.779519419999999852e-01
3.775053204999999856e+00	1.094862389999999991e-01	1.426542672999999928e+00	3.775053204999999856e+00	1.253482599999999891e-01	1.447670161000000011e+00	3.778867730000000091e-01
3.848436109000000105e+00	1.108522990000000014e-01	1.454012824000000093e+00	3.848436109000000105e+00	1.283099259999999908e-01	1.475172165000000035e+00	3.778191410000000250e-01
3.923245496999999915e+00	1.122651189999999966e-01	1.482002011000000063e+00	3.923245496999999915e+00	1.314075480000000129e-01	1.503110868000000044e+00	3.777489869999999805e-01
3.999509096999999791e+00	1.137258829999999998e-01	1.510519621999999895e+00	3.999509096999999791e+00	1.346433750000000096e-01	1.531484500999999998e+00	3.776762559999999880e-01
4.077255177999999702e+00	1.152357670000000028e-01	1.539575216000000024e+00	4.077255177999999702e+00	1.380189520000000003e-01	1.560290490000000085e+00	3.776008980000000181e-01
4.156512558000000190e+00	1.167959380000000019e-01	1.569178530999999932e+00	4.156512558000000190e+00	1.415349650000000126e-01	1.589525429000000045e+00	3.775228649999999853e-01
4.237310615000000169e+00	1.184075500000000003e-01	1.599339497999999971e+00	4.237310615000000169e+00	1.451910869999999965e-01	1.619185061999999897e+00	3.774421190000000204e-01
4.319679297000000417e+00	1.200717429999999947e-01	1.630068241999999890e+00	4.319679297000000417e+00	1.489857830000000105e-01	1.649264282999999942e+00	3.773586250000000031e-01
4.403649137000000380e+00	1.217896360000000067e-01	1.661375099000000022e+00	4.403649137000000380e+00	1.529161139999999919e-01	1.679757143000000008e+00	3.772723590000000016e-01
4.489251258000000355e+00	1.235623309999999975e-01	1.693270620000000060e+00	4.489251258000000355e+00	1.569775079999999878e-01	1.710656890999999957e+00	3.771833039999999970e-01
4.576517391000000323e+00	1.253909039999999975e-01	1.725765589999999960e+00	4.576517391000000323e+00	1.611635160000000067e-01	1.741956030000000100e+00	3.770914530000000209e-01
4.665479881999999634e+00	1.272764090000000070e-01	1.758871038000000109e+00	4.665479881999999634e+00	1.654655449999999917e-01	1.773646411999999950e+00	3.769968109999999872e-01
4.756171707000000026e+00	1.292198760000000113e-01	1.792598249999999949e+00	4.756171707000000026e+00	1.698725759999999974e-01	1.805719363999999993e+00	3.768993970000000249e-01
4.848626481000000155e+00	1.312223100000000087e-01	1.826958788000000000e+00	4.848626481000000155e+00	1.743708589999999892e-01	1.838165862999999955e+00	3.767992430000000059e-01
4.942878474999999661e+00	1.332846980000000070e-01	1.861964504999999992e+00	4.942878474999999661e+00	1.789436070000000045e-01	1.870976761000000099e+00	3.766963950000000172e-01
5.038962624999999917e+00	1.354080019999999995e-01	1.897627565000000072e+00	5.038962624999999917e+00	1.835706679999999924e-01	1.904143063000000025e+00	3.765909190000000240e-01
5.136914545999999859e+00	1.375931770000000109e-01	1.933960461000000075e+00	5.136914545999999859e+00	1.882282060000000090e-01	1.937656279999999898e+00	3.764828949999999841e-01
5.236770543999999639e+00	1.398411659999999890e-01	1.970976037000000014e+00	5.236770543999999639e+00	1.928883839999999961e-01	1.971508843999999927e+00	3.763724270000000094e-01
5.338567634000000339e+00	1.421529179999999892e-01	2.008687510000000120e+00	5.338567634000000339e+00	1.975190699999999910e-01	2.005694614999999903e+00	3.762596349999999812e-01
5.442343548000000197e+00	1.445293970000000039e-01	2.047108492000000002e+00	5.442343548000000197e+00	2.020835669999999917e-01	2.040209464000000139e+00	3.761446649999999892e-01
5.548136752999999644e+00	1.469715970000000094e-01	2.086253013999999961e+00	5.548136752999999644e+00	2.065403990000000134e-01	2.075051950000000200e+00	3.760276839999999732e-01
5.655986461000000354e+00	1.494805610000000118e-01	2.126135548999999791e+00	5.655986461000000354e+00	2.108431480000000080e-01	2.110224094999999966e+00	3.759088819999999997e-01
5.765932649999999882e+00	1.520574080000000050e-01	2.166771033999999929e+00	5.765932649999999882e+00	2.149403910000000084e-01	2.145732242999999873e+00	3.757884739999999835e-01
5.878016072000000314e+00	1.547033519999999884e-01	2.208174898999999858e+00	5.878016072000000314e+00	2.187757290000000021e-01	2.181588017999999796e+00	3.756667000000000201e-01
5.992278274000000238e+00	1.574197430000000009e-01	2.250363078999999988e+00	5.992278274000000238e+00	2.222879550000000093e-01	2.217809357999999786e+00	3.755438209999999999e-01
6.108761608000000010e+00	1.602080969999999938e-01	2.293352040999999897e+00	6.108761608000000010e+00	2.254113670000000014e-01	2.254421613999999963e+00	3.754201240000000217e-01
6.227509249999999774e+00	1.630701420000000013e-01	2.337158799000000009e+00	6.227509249999999774e+00	2.280762689999999981e-01	2.291458714000000008e+00	3.752959180000000061e-01
6.348565215999999900e+00	1.660078630000000055e-01	2.381800924000000208e+00	6.348565215999999900e+00	2.302096600000000104e-01	2.328964339000000106e+00	3.751715299999999753e-01
6.471974377999999639e+00	1.690235539999999925e-01	2.427296554000000217e+00	6.471974377999999639e+00	2.317361480000000029e-01	2.366993105999999791e+00	3.750473060000000247e-01
6.597782480000000227e+00	1.721198770000000045e-01	2.473664395000000127e+00	6.597782480000000227e+00	2.325790950000000135e-01	2.405611713999999957e+00	3.749236049999999931e-01
6.726036152999999906e+00	1.752999239999999959e-01	2.520923713000000177e+00	6.726036152999999906e+00	2.326620000000000077e-01	2.444900012000000178e+00	3.748007970000000189e-01
6.856782937000000189e+00	1.785672809999999944e-01	2.569094322000000208e+00	6.856782937000000189e+00	2.319101339999999900e-01	2.484951951000000214e+00	3.746792549999999888e-01
6.990071294999999907e+00	1.819260990000000078e-01	2.618196553000000204e+00	6.990071294999999907e+00	2.302524039999999939e-01	2.525876375999999812e+00	3.745593489999999859e-01
7.125950633999999617e+00	1.853811629999999877e-01	2.668251220000000146e+00	7.125950633999999617e+00	2.276234440000000081e-01	2.567797618000000170e+00	3.744414409999999860e-01
7.264471318000000011e+00	1.889379629999999866e-01	2.719279567000000064e+00	7.264471318000000011e+00	2.239659049999999929e-01	2.610855837999999984e+00	3.743258729999999757e-01
7.405684692000000346e+00	1.926027610000000112e-01	2.771303196999999940e+00	7.405684692000000346e+00	2.192329179999999988e-01	2.655207102999999957e+00	3.742129610000000106e-01
7.549643099999999940e+00	1.963826549999999893e-01	2.824343992999999831e+00	7.549643099999999940e+00	2.133906929999999924e-01	2.701023157999999924e+00	3.741029819999999728e-01
7.696399901999999571e+00	2.002856329999999907e-01	2.878424016999999946e+00	7.696399901999999571e+00	2.064212270000000127e-01	2.748490884000000190e+00	3.739961609999999936e-01
7.846009495999999750e+00	2.043206170000000099e-01	2.933565386999999802e+00	7.846009495999999750e+00	1.983250809999999864e-01	2.797811428000000156e+00	3.738926630000000140e-01
7.998527336999999626e+00	2.084974870000000091e-01	2.989790145999999815e+00	7.998527336999999626e+00	1.891242130000000132e-01	2.849199008999999894e+00	3.737925770000000147e-01
8.154009956999999531e+00	2.128270879999999976e-01	3.047120108000000105e+00	8.154009956999999531e+00	1.788648459999999940e-01	2.902879406999999912e+00	3.736959020000000242e-01
8.312514990000000381e+00	2.173212069999999885e-01	3.105576688000000196e+00	8.312514990000000381e+00	1.676203820000000122e-01	2.959088133999999926e+00	3.736025370000000123e-01
8.474101187000000479e+00	2.219925219999999977e-01	3.165180730999999970e+00	8.474101187000000479e+00	1.554943870000000117e-01	3.018068277999999882e+00	3.735122650000000100e-01
8.638828442999999524e+00	2.268545140000000071e-01	3.225952318000000041e+00	8.638828442999999524e+00	1.426236879999999985e-01	3.080068008000000024e+00	3.734247459999999741e-01
8.806757815999999295e+00	2.319213260000000110e-01	3.287910585000000108e+00	8.806757815999999295e+00	1.291816500000000090e-01	3.145337677000000109e+00	3.733395030000000170e-01
8.977951553000000473e+00	2.372075929999999944e-01	3.351073545999999848e+00	8.977951553000000473e+00	1.153817040000000016e-01	3.214126432000000033e+00	3.732559180000000199e-01
9.152473109000000662e+00	2.427282030000000035e-01	3.415457926000000199e+00	9.152473109000000662e+00	1.014812239999999949e-01	3.286678161999999848e+00	3.731732269999999962e-01
9.330387173000000089e+00	2.484980169999999877e-01	3.481079037999999848e+00	9.330387173000000089e+00	8.778581100000000526e-02	3.363226564000000085e+00	3.730905239999999790e-01
9.511759690999999961e+00	2.545315289999999786e-01	3.547950687000000158e+00	9.511759690999999961e+00	7.465402999999999623e-02	3.443988974999999897e+00	3.730067619999999917e-01
9.696657892999999362e+00	2.608424770000000170e-01	3.616085147999999805e+00	9.696657892999999362e+00	6.250256699999999499e-02	3.529158541000000149e+00	3.729207720000000115e-01
9.885150314000000549e+00	2.674434139999999904e-01	3.685493206999999938e+00	9.885150314000000549e+00	5.181165499999999813e-02	3.618894119000000131e+00	3.728312759999999892e-01
1.007730682100000053e+01	2.743452430000000164e-01	3.756184311000000164e+00	1.007730682100000053e+01	4.313041699999999729e-02	3.713307218000000187e+00	3.727369200000000271e-01
1.027319864000000038e+01	2.815567409999999993e-01	3.828166814999999890e+00	1.027319864000000038e+01	3.708149699999999799e-02	3.812445107999999916e+00	3.726363080000000272e-01
1.047289838200000034e+01	2.890840889999999885e-01	3.901448364000000169e+00	1.047289838200000034e+01	3.436390999999999751e-02	3.916269182000000182e+00	3.725280449999999743e-01
1.067648006900000013e+01	2.969304480000000135e-01	3.976036412000000020e+00	1.067648006900000013e+01	3.575246599999999664e-02	4.024627640000000284e+00	3.724107930000000177e-01
1.088401916099999944e+01	3.050955969999999962e-01	4.051938881999999964e+00	1.088401916099999944e+01	4.209132599999999835e-02	4.137221799999999838e+00	3.722833289999999962e-01
1.109559258500000034e+01	3.135757029999999834e-01	4.129164970999999795e+00	1.109559258500000034e+01	5.427829800000000260e-02	4.253565904000000231e+00	3.721446099999999868e-01
1.131127876599999915e+01	3.223632490000000184e-01	4.207726079000000396e+00	1.131127876599999915e+01	7.323538000000000270e-02	4.372941404999999726e+00	3.719938449999999897e-01
1.153115765000000081e+01	3.314471720000000121e-01	4.287636838000000061e+00	1.153115765000000081e+01	9.986008899999999910e-02	4.494348665000000409e+00	3.718305630000000028e-01
1.175531073900000045e+01	3.408132629999999774e-01	4.368916203000000387e+00	1.175531073900000045e+01	1.349516490000000069e-01	4.616462021000000249e+00	3.716546760000000171e-01
1.198382111799999983e+01	3.504448709999999911e-01	4.451588523999999936e+00	1.198382111799999983e+01	1.791069509999999865e-01	4.737598326999999720e+00	3.714665360000000138e-01
1.221677348999999957e+01	3.603239249999999894e-01	4.535684554999999563e+00	1.221677348999999957e+01	2.325843579999999911e-01	4.855714122000000188e+00	3.712669760000000263e-01
1.245425420099999947e+01	3.704323019999999911e-01	4.621242260999999907e+00	1.245425420099999947e+01	2.951402200000000087e-01	4.968451277999999860e+00	3.710573260000000206e-01
1.269635127699999977e+01	3.807535069999999910e-01	4.708307355999999722e+00	1.269635127699999977e+01	3.658541330000000258e-01	5.073253047999999765e+00	3.708394050000000108e-01
1.294315445500000017e+01	3.912746309999999839e-01	4.796933433999999608e+00	1.294315445500000017e+01	4.429738819999999855e-01	5.167568165999999685e+00	3.706154830000000233e-01
1.319475521700000087e+01	4.019884879999999772e-01	4.887181585999999633e+00	1.319475521700000087e+01	5.238259570000000087e-01	5.249146322999999725e+00	3.703881960000000029e-01
1.345124682199999988e+01	4.128958110000000015e-01	4.979119411000000106e+00	1.345124682199999988e+01	6.048452370000000355e-01	5.316402158999999905e+00	3.701604379999999805e-01
1.371272434399999973e+01	4.240073309999999873e-01	5.072819344000000008e+00	1.371272434399999973e+01	6.817682900000000545e-01	5.368791160999999867e+00	3.699351940000000227e-01
1.397928470299999937e+01	4.353455469999999994e-01	5.168356281000000330e+00	1.397928470299999937e+01	7.500022629999999468e-01	5.407111996000000254e+00	3.697153599999999929e-01
1.425102670300000085e+01	4.469459250000000217e-01	5.265804529999999595e+00	1.425102670300000085e+01	8.051294770000000378e-01	5.433643336000000268e+00	3.695035199999999742e-01
1.452805107100000015e+01	4.588573140000000161e-01	5.365234190999999875e+00	1.452805107100000015e+01	8.434547900000000098e-01	5.452052510999999768e+00	3.693017160000000021e-01
1.481046048900000045e+01	4.711413039999999830e-01	5.466707169000000199e+00	1.481046048900000045e+01	8.624753019999999992e-01	5.467074674000000023e+00	3.691112220000000166e-01
1.509835963699999972e+01	4.838703409999999816e-01	5.570273091999999870e+00	1.509835963699999972e+01	8.611686419999999842e-01	5.484030736000000239e+00	3.689323360000000274e-01
1.539185523000000089e+01	4.971244570000000196e-01	5.675965535999999645e+00	1.539185523000000089e+01	8.400531279999999823e-01	5.508297695999999632e+00	3.687642230000000021e-01
1.569105605600000075e+01	5.109865869999999921e-01	5.783799006999999825e+00	1.569105605600000075e+01	8.010441929999999600e-01	5.544845617000000004e+00	3.686048270000000238e-01
1.599607301900000067e+01	5.255365990000000487e-01	5.893767217999999808e+00	1.599607301900000067e+01	7.471847799999999928e-01	5.597915421999999808e+00	3.684508819999999796e-01
1.630701917700000081e+01	5.408443539999999716e-01	6.005843200000000159e+00	1.630701917700000081e+01	6.823447599999999946e-01	5.670853741000000170e+00	3.682980399999999932e-01
1.662400978899999870e+01	5.569623329999999761e-01	6.119981741000000142e+00	1.662400978899999870e+01	6.109679820000000205e-01	5.766070191999999928e+00	3.681411299999999831e-01
1.694716235199999943e+01	5.739186160000000481e-01	6.236124500999999931e+00	1.694716235199999943e+01	5.379101640000000240e-01	5.885052415999999731e+00	3.679745540000000092e-01
1.727659664700000164e+01	5.917111919999999969e-01	6.354207910000000403e+00	1.727659664700000164e+01	4.683713179999999809e-01	6.028364915000000046e+00	3.677928030000000015e-01
1.761243478400000129e+01	6.103047419999999557e-01	6.474173576000000097e+00	1.761243478400000129e+01	4.078894880000000223e-01	6.195562717999999691e+00	3.675910600000000250e-01
1.795480124699999891e+01	6.296310149999999606e-01	6.595980485000000115e+00	1.795480124699999891e+01	3.623265640000000176e-01	6.384965533999999998e+00	3.673658309999999760e-01
1.830382293899999979e+01	6.495937670000000441e-01	6.719617723999999903e+00	1.830382293899999979e+01	3.377364010000000194e-01	6.593266389000000061e+00	3.671155340000000211e-01
1.865962923200000034e+01	6.700787630000000217e-01	6.845116001000000061e+00	1.865962923200000034e+01	3.399609729999999996e-01	6.815007267999999563e+00	3.668409440000000021e-01
1.902235200899999867e+01	6.909687049999999608e-01	6.972555844000000391e+00	1.902235200899999867e+01	3.737734409999999841e-01	7.042067863999999844e+00	3.665454109999999877e-01
1.939212572099999932e+01	7.121620069999999858e-01	7.102070320000000159e+00	1.939212572099999932e+01	4.414392089999999991e-01	7.263495136000000407e+00	3.662347499999999978e-01
1.976908742799999885e+01	7.335933970000000359e-01	7.233840376999999933e+00	1.976908742799999885e+01	5.407988780000000384e-01	7.466197202000000033e+00	3.659167580000000086e-01
2.015337685900000153e+01	7.552533740000000329e-01	7.368081723000000416e+00	2.015337685900000153e+01	6.634564859999999564e-01	7.637041296999999673e+00	3.656003540000000163e-01
2.054513645600000160e+01	7.772029280000000151e-01	7.505023290999999652e+00	2.054513645600000160e+01	7.942146660000000136e-01	7.766424562000000087e+00	3.652944000000000191e-01
2.094451143199999876e+01	7.995797550000000031e-01	7.644878968999999636e+00	2.094451143199999876e+01	9.129720409999999564e-01	7.852330362000000008e+00	3.650063170000000246e-01
2.135164981899999859e+01	8.225927389999999617e-01	7.787815898999999931e+00	2.135164981899999859e+01	9.992755779999999977e-01	7.902869509000000292e+00	3.647407089999999963e-01
2.176670253200000005e+01	8.465026989999999696e-01	7.933924317999999865e+00	2.176670253200000005e+01	1.037920798999999894e+00	7.935537693999999753e+00	3.644982199999999839e-01
2.218982341499999933e+01	8.715895009999999887e-01	8.083195021999999952e+00	2.218982341499999933e+01	1.022991390000000056e+00	7.973268571000000193e+00	3.642748690000000011e-01
2.262116930499999867e+01	8.981083589999999672e-01	8.235510931000000312e+00	2.262116930499999867e+01	9.587413759999999785e-01	8.039347019999999233e+00	3.640621230000000152e-01
2.306090008700000027e+01	9.262413309999999456e-01	8.390658333999999385e+00	2.306090008700000027e+01	8.578725040000000357e-01	8.153524981000000338e+00	3.638478250000000136e-01
2.350917875500000065e+01	9.560531049999999587e-01	8.548360904999999121e+00	2.350917875500000065e+01	7.390927449999999954e-01	8.330250206000000546e+00	3.636180150000000166e-01
2.396617146899999895e+01	9.874622779999999711e-01	8.708335295999999559e+00	2.396617146899999895e+01	6.256068299999999471e-01	8.578260588999999214e+00	3.633594669999999915e-01
2.443204762199999891e+01	1.020239383999999916e+00	8.870361303999999336e+00	2.443204762199999891e+01	5.450790669999999727e-01	8.899926136999999571e+00	3.630625419999999881e-01
2.490697989699999937e+01	1.054039774000000040e+00	9.034353339999999122e+00	2.490697989699999937e+01	5.303200989999999893e-01	9.288561311000000487e+00	3.627237580000000072e-01
2.539114433700000006e+01	1.088472625000000082e+00	9.200415095000000321e+00	2.539114433700000006e+01	6.183462499999999862e-01	9.722298221000000851e+00	3.623473979999999872e-01
2.588472040299999932e+01	1.123197425999999943e+00	9.368858161000000351e+00	2.588472040299999932e+01	8.431639859999999764e-01	1.015498341800000048e+01	3.619455039999999735e-01
2.638789104800000018e+01	1.158028612000000068e+00	9.540169987000000518e+00	2.638789104800000018e+01	1.216399435999999890e+00	1.051045127699999959e+01	3.615359020000000201e-01
2.690084278000000140e+01	1.193020889999999889e+00	9.714927234999999328e+00	2.690084278000000140e+01	1.697303452000000101e+00	1.069621894099999970e+01	3.611383969999999999e-01
2.742376573299999976e+01	1.228505858999999978e+00	9.893665879000000274e+00	2.742376573299999976e+01	2.176994774999999827e+00	1.065050249199999932e+01	3.607697779999999854e-01
2.795685373499999926e+01	1.265057093000000021e+00	1.007673552700000030e+01	2.795685373499999926e+01	2.515345240999999898e+00	1.039782962399999988e+01	3.604388259999999899e-01
2.850030438499999974e+01	1.303376268999999921e+00	1.026417791599999951e+01	2.850030438499999974e+01	2.619211802000000144e+00	1.005015006500000041e+01	3.601427469999999853e-01
2.905431912099999892e+01	1.344115431000000083e+00	1.045567360399999934e+01	2.905431912099999892e+01	2.486151506000000122e+00	9.741531454000000423e+00	3.598664129999999961e-01
2.961910329799999886e+01	1.387675800000000015e+00	1.065059239700000049e+01	2.961910329799999886e+01	2.178841473999999945e+00	9.565777902000000665e+00	3.595852409999999999e-01
3.019486626100000137e+01	1.434044969999999974e+00	1.084815921600000088e+01	3.019486626100000137e+01	1.776702173000000107e+00	9.564019892999999328e+00	3.592716429999999739e-01
3.078182142600000049e+01	1.482741690999999973e+00	1.104770899700000086e+01	3.078182142600000049e+01	1.349399333000000034e+00	9.743713573000000849e+00	3.589036800000000027e-01
3.138018635699999948e+01	1.532919880999999984e+00	1.124896013200000056e+01	3.138018635699999948e+01	9.552835560000000337e-01	1.009787182100000003e+01	3.584733370000000030e-01
3.199018284799999989e+01	1.583635783000000075e+00	1.145220387400000028e+01	3.199018284799999989e+01	6.510866640000000372e-01	1.061139286599999920e+01	3.579911980000000105e-01
3.261203700299999753e+01	1.634213287999999986e+00	1.165830936100000059e+01	3.261203700299999753e+01	5.006610839999999785e-01	1.125233454299999991e+01	3.574848560000000175e-01
3.324597932300000025e+01	1.684579188000000061e+00	1.186849428400000050e+01	3.324597932300000025e+01	5.694932600000000011e-01	1.195003159500000045e+01	3.569903649999999762e-01
3.389224478799999929e+01	1.735416819000000110e+00	1.208390148099999983e+01	3.389224478799999929e+01	8.871890580000000304e-01	1.257602651000000016e+01	3.565388349999999984e-01
3.455107294599999790e+01	1.788026654999999909e+00	1.230511960900000012e+01	3.455107294599999790e+01	1.381334121000000081e+00	1.297381521099999979e+01	3.561429079999999803e-01
3.522270800300000104e+01	1.843884376999999963e+00	1.253184876299999928e+01	3.522270800300000104e+01	1.859693258999999932e+00	1.306810965899999921e+01	3.557889060000000159e-01
3.590739891100000136e+01	1.904023446999999925e+00	1.276290247400000055e+01	3.590739891100000136e+01	2.123674958000000057e+00	1.295353730299999917e+01	3.554393479999999883e-01
3.660539946000000100e+01	1.968492987999999944e+00	1.299663540899999958e+01	3.660539946000000100e+01	2.108619323000000101e+00	1.282789088600000049e+01	3.550469490000000006e-01
3.731696837700000202e+01	2.036187449999999899e+00	1.323169863400000068e+01	3.731696837700000202e+01	1.889029787999999987e+00	1.285493400999999913e+01	3.545759259999999857e-01
3.804236941500000313e+01	2.105244869999999935e+00	1.346781077600000032e+01	3.804236941500000313e+01	1.596930106000000071e+00	1.310816939300000072e+01	3.540213449999999873e-01
3.878187145599999752e+01	2.173948279999999844e+00	1.370611674000000058e+01	3.878187145599999752e+01	1.366340118999999964e+00	1.358423712799999983e+01	3.534155580000000185e-01
3.953574860700000215e+01	2.241739363000000207e+00	1.394881637599999991e+01	3.953574860700000215e+01	1.313341405999999933e+00	1.421557040399999927e+01	3.528152840000000068e-01
4.030428030600000255e+01	2.309768810000000006e+00	1.419810228599999924e+01	4.030428030600000255e+01	1.505840158000000040e+00	1.486813266699999936e+01	3.522728150000000169e-01
4.108775141899999994e+01	2.380538897000000098e+00	1.445488548299999998e+01	4.108775141899999994e+01	1.903330721999999975e+00	1.537265244900000027e+01	3.518052210000000013e-01
4.188645235399999933e+01	2.456642077999999785e+00	1.471804677699999964e+01	4.188645235399999933e+01	2.336587015000000100e+00	1.563470541000000047e+01	3.513796450000000182e-01
4.270067916200000013e+01	2.539174685999999959e+00	1.498482364900000086e+01	4.270067916200000013e+01	2.622225545000000047e+00	1.573176219099999962e+01	3.509270569999999867e-01
4.353073364699999814e+01	2.626799012000000211e+00	1.525237648300000082e+01	4.353073364699999814e+01	2.716208229999999890e+00	1.584777017000000043e+01	3.503817920000000252e-01
4.437692348400000242e+01	2.716293881999999993e+00	1.551975755099999965e+01	4.437692348400000242e+01	2.728423841000000127e+00	1.611782610599999899e+01	3.497258560000000016e-01
4.523956232500000141e+01	2.804595938999999927e+00	1.578893632199999963e+01	4.523956232500000141e+01	2.826009394999999813e+00	1.654208839100000006e+01	3.490072739999999785e-01
4.611896992199999801e+01	2.891152903000000052e+00	1.606384615099999991e+01	4.611896992199999801e+01	3.119873414000000178e+00	1.698405299499999899e+01	3.483132030000000157e-01
4.701547224000000114e+01	2.978811626000000157e+00	1.634772010300000034e+01	4.701547224000000114e+01	3.559182251000000186e+00	1.725113248799999965e+01	3.477093669999999914e-01
4.792940158300000064e+01	3.072186948000000140e+00	1.664045296200000124e+01	4.792940158300000064e+01	3.927958006999999974e+00	1.727453982200000127e+01	3.471867459999999905e-01
4.886109671199999838e+01	3.174254164999999794e+00	1.693815970200000010e+01	4.886109671199999838e+01	4.043470134999999743e+00	1.721681132100000156e+01	3.466594250000000210e-01
4.981090297499999764e+01	3.283619111999999785e+00	1.723585755999999947e+01	4.981090297499999764e+01	3.946998154000000092e+00	1.732267276299999992e+01	3.460257999999999945e-01
5.077917243200000286e+01	3.395086621999999998e+00	1.753170467300000013e+01	5.077917243200000286e+01	3.861957494999999962e+00	1.770230641499999891e+01	3.452538479999999743e-01
5.176626398799999862e+01	3.503878419999999938e+00	1.782922988300000000e+01	5.176626398799999862e+01	4.030370644999999641e+00	1.824230799000000047e+01	3.444179379999999790e-01
5.277254352500000323e+01	3.610314223000000045e+00	1.813486318700000055e+01	5.277254352500000323e+01	4.517076548000000358e+00	1.863491880799999834e+01	3.436420150000000229e-01
5.379838403400000146e+01	3.720382963000000043e+00	1.845212369800000118e+01	5.379838403400000146e+01	5.048523838000000374e+00	1.861738346199999938e+01	3.429865790000000136e-01
5.484416576099999929e+01	3.840687711000000171e+00	1.877762939200000147e+01	5.484416576099999929e+01	5.219949136000000323e+00	1.832261108899999869e+01	3.423815299999999895e-01
5.591027634099999943e+01	3.971740050999999827e+00	1.910353249899999994e+01	5.591027634099999943e+01	4.957762028000000321e+00	1.816822704799999855e+01	3.416819549999999817e-01
5.699711094300000269e+01	4.106510291000000201e+00	1.942532981800000158e+01	5.699711094300000269e+01	4.544068315999999719e+00	1.841360207299999985e+01	3.408125340000000003e-01
5.810507242199999922e+01	4.237255937999999666e+00	1.974748920400000074e+01	5.810507242199999922e+01	4.317277334999999994e+00	1.900151866499999898e+01	3.398582669999999917e-01
5.923457145900000143e+01	4.364550471000000265e+00	2.007963065799999924e+01	5.923457145900000143e+01	4.432124305000000319e+00	1.964248781299999891e+01	3.389849910000000133e-01
6.038602672199999688e+01	4.497961412999999631e+00	2.042575018300000167e+01	6.038602672199999688e+01	4.718408758999999897e+00	2.005855694599999950e+01	3.382529249999999821e-01
6.155986501499999974e+01	4.645681620999999595e+00	2.077841340000000159e+01	6.155986501499999974e+01	4.867274341999999976e+00	2.030898170000000036e+01	3.375318219999999814e-01
6.275652144000000021e+01	4.803922001000000108e+00	2.112651651199999847e+01	6.275652144000000021e+01	4.864049699999999810e+00	2.069351347199999935e+01	3.366425679999999754e-01
6.397643955699999907e+01	4.960225730000000333e+00	2.146950413500000110e+01	6.397643955699999907e+01	5.007964879000000202e+00	2.129618191899999857e+01	3.355845410000000140e-01
6.522007154800000706e+01	5.109481430999999851e+00	2.181970921199999935e+01	6.522007154800000706e+01	5.487677863000000045e+00	2.180957070399999864e+01	3.345551250000000088e-01
6.648787838399999828e+01	5.262394386999999618e+00	2.218667043800000016e+01	6.648787838399999828e+01	6.013550501000000104e+00	2.191562280799999840e+01	3.336949679999999807e-01
6.778032999799999914e+01	5.432240249000000354e+00	2.256273429899999883e+01	6.778032999799999914e+01	6.172373864999999959e+00	2.183956209799999826e+01	3.328802659999999802e-01
6.909790545699999598e+01	5.615295775999999961e+00	2.293206908100000163e+01	6.909790545699999598e+01	6.100956547000000008e+00	2.201991810199999833e+01	3.318779190000000212e-01
7.044109314199999972e+01	5.794317322000000381e+00	2.329424807999999913e+01	7.044109314199999972e+01	6.239992134000000412e+00	2.238392957499999980e+01	3.306911779999999745e-01
7.181039092499999299e+01	5.964725345999999817e+00	2.366709166000000053e+01	7.181039092499999299e+01	6.541511457000000362e+00	2.242446187399999857e+01	3.295775349999999770e-01
7.320630635999999924e+01	6.144152644000000052e+00	2.405936827200000039e+01	7.320630635999999924e+01	6.352647411000000410e+00	2.214629681699999963e+01	3.286515799999999987e-01
7.462935686299999816e+01	6.345345769999999774e+00	2.445440443000000030e+01	7.462935686299999816e+01	5.522303207000000214e+00	2.231272778299999970e+01	3.276780810000000099e-01
7.608006991099999539e+01	6.553003950999999994e+00	2.483607041300000162e+01	7.608006991099999539e+01	4.746049574999999798e+00	2.336918736599999846e+01	3.264464719999999875e-01
7.755898323399999583e+01	6.748189862000000261e+00	2.521838524300000017e+01	7.755898323399999583e+01	4.791897288000000366e+00	2.488314181000000147e+01	3.251510550000000221e-01
7.906664501299999870e+01	6.943853364999999833e+00	2.562285546400000058e+01	7.906664501299999870e+01	5.519904267000000253e+00	2.588492325500000035e+01	3.240665580000000046e-01
8.060361408900000413e+01	7.163909717000000121e+00	2.603746960300000168e+01	8.060361408900000413e+01	5.933125576000000123e+00	2.642196620600000045e+01	3.230310439999999894e-01
8.217046016099999406e+01	7.396869832000000144e+00	2.643629848100000146e+01	8.217046016099999406e+01	6.223025656999999988e+00	2.746182085199999889e+01	3.217250870000000207e-01
8.376776400699999670e+01	7.615230230999999961e+00	2.683122288599999905e+01	8.376776400699999670e+01	7.526680272000000116e+00	2.858395055600000134e+01	3.203048720000000182e-01
8.539611769200000424e+01	7.832269987000000100e+00	2.725111937799999851e+01	8.539611769200000424e+01	9.174703266999999940e+00	2.823163666399999983e+01	3.191142659999999798e-01
8.705612479100000201e+01	8.078027921000000333e+00	2.768048732800000167e+01	8.705612479100000201e+01	9.336413701999999759e+00	2.730367437800000019e+01	3.179614000000000051e-01
8.874840061199999752e+01	8.333788646000000355e+00	2.808885556699999952e+01	8.874840061199999752e+01	8.919710965000000158e+00	2.748202328400000027e+01	3.164998509999999987e-01
9.047357242299999314e+01	8.569918751999999529e+00	2.849949613300000095e+01	9.047357242299999314e+01	9.306474721000000727e+00	2.797619870999999847e+01	3.150035460000000231e-01
9.223227968800000554e+01	8.815429564000000440e+00	2.893975225899999870e+01	9.223227968800000554e+01	9.575956172999999794e+00	2.767203354100000112e+01	3.137703239999999894e-01
9.402517429700000662e+01	9.093536599000000109e+00	2.937431005299999853e+01	9.402517429700000662e+01	8.924376231000000104e+00	2.782309519700000067e+01	3.124089930000000237e-01
9.585292081599999392e+01	9.362783372000000881e+00	2.978693951800000050e+01	9.585292081599999392e+01	8.856294433000000410e+00	2.898436430499999972e+01	3.107567230000000125e-01
9.771619672699999626e+01	9.617465759999999975e+00	3.022408889800000154e+01	9.771619672699999626e+01	9.753209606000000420e+00	2.941192849200000126e+01	3.093048019999999898e-01
9.961569268399999544e+01	9.906389614000000066e+00	3.067781863400000120e+01	9.961569268399999544e+01	9.660453185999999803e+00	2.914739707500000065e+01	3.079617060000000017e-01
1.015521127629999967e+02	1.020574535799999971e+01	3.110174191899999840e+01	1.015521127629999967e+02	9.219826066999999625e+00	3.003868899000000070e+01	3.062638590000000272e-01
1.035261747309999976e+02	1.047865166499999923e+01	3.153614350300000169e+01	1.035261747309999976e+02	9.972701189000000355e+00	3.094013850199999993e+01	3.046200020000000008e-01
1.055386103040000023e+02	1.077912306200000003e+01	3.200045864100000159e+01	1.055386103040000023e+02	1.023081431299999977e+01	3.083374898499999972e+01	3.032109150000000253e-01
1.075901654219999983e+02	1.110225255199999950e+01	3.243443105699999762e+01	1.075901654219999983e+02	9.927035866000000652e+00	3.177537320800000131e+01	3.014627859999999826e-01
1.096816005270000005e+02	1.139412219599999965e+01	3.287100011300000091e+01	1.096816005270000005e+02	1.113467367199999991e+01	3.274905280600000168e+01	2.996947520000000087e-01
1.118136908430000034e+02	1.171242500399999997e+01	3.334241608800000023e+01	1.118136908430000034e+02	1.173601009699999942e+01	3.208979894299999813e+01	2.981961850000000025e-01
1.139872266619999976e+02	1.205459861900000007e+01	3.377932182299999653e+01	1.139872266619999976e+02	1.123640810700000081e+01	3.247207478899999700e+01	2.963430450000000271e-01
1.162030136390000052e+02	1.236198080499999996e+01	3.422399050199999948e+01	1.162030136390000052e+02	1.180520643700000072e+01	3.299775726400000053e+01	2.945189579999999974e-01
1.184618730899999974e+02	1.270632867399999988e+01	3.469944576700000027e+01	1.184618730899999974e+02	1.138445097600000011e+01	3.279361081799999766e+01	2.929165719999999862e-01
1.207646422979999983e+02	1.305973698200000044e+01	3.513196136199999842e+01	1.207646422979999983e+02	1.081687659900000043e+01	3.435396981899999957e+01	2.909126439999999980e-01
