1.000000000000000056e-01	4.584279999999999822e-04	2.245801709999999951e-01	1.000000000000000056e-01	-2.120800039999999886e-01	4.381239390000000178e-01	2.245801709999999840e+00
1.027319859999999974e-01	4.838180000000000085e-04	2.307156130000000138e-01	1.027319859999999974e-01	-2.079627709999999907e-01	4.492830070000000120e-01	2.245801149000000052e+00
1.055386100000000049e-01	5.106149999999999621e-04	2.370186699999999869e-01	1.055386100000000049e-01	-2.036256509999999909e-01	4.606773519999999844e-01	2.245800556999999920e+00
1.084219109999999958e-01	5.388949999999999557e-04	2.434939200000000026e-01	1.084219109999999958e-01	-1.990575069999999946e-01	4.723073729999999748e-01	2.245799932999999804e+00
1.113839830000000058e-01	5.687430000000000263e-04	2.501460670000000275e-01	1.113839830000000058e-01	-1.942467250000000090e-01	4.841729499999999908e-01	2.245799273999999901e+00
1.144269779999999986e-01	6.002429999999999788e-04	2.569799440000000157e-01	1.144269779999999986e-01	-1.891812019999999928e-01	4.962733859999999830e-01	2.245798578000000045e+00
1.175531070000000039e-01	6.334879999999999765e-04	2.640005149999999912e-01	1.175531070000000039e-01	-1.838483459999999958e-01	5.086073420000000178e-01	2.245797844000000154e+00
1.207646420000000054e-01	6.685740000000000129e-04	2.712128799999999895e-01	1.207646420000000054e-01	-1.782350709999999949e-01	5.211727619999999561e-01	2.245797068999999979e+00
1.240639159999999963e-01	7.056029999999999594e-04	2.786222769999999738e-01	1.240639159999999963e-01	-1.723277990000000037e-01	5.339667980000000203e-01	2.245796250999999799e+00
1.274533250000000062e-01	7.446829999999999986e-04	2.862340899999999966e-01	1.274533250000000062e-01	-1.661124639999999875e-01	5.469857230000000348e-01	2.245795387999999893e+00
1.309353329999999871e-01	7.859279999999999738e-04	2.940538469999999793e-01	1.309353329999999871e-01	-1.595745239999999954e-01	5.602248359999999483e-01	2.245794477000000011e+00
1.345124679999999961e-01	8.294570000000000241e-04	3.020872290000000127e-01	1.345124679999999961e-01	-1.526989770000000135e-01	5.736783640000000517e-01	2.245793515999999990e+00
1.381873309999999966e-01	8.753969999999999807e-04	3.103400709999999951e-01	1.381873309999999966e-01	-1.454703830000000087e-01	5.873393519999999812e-01	2.245792502000000024e+00
1.419625899999999996e-01	9.238820000000000018e-04	3.188183669999999914e-01	1.419625899999999996e-01	-1.378728979999999937e-01	6.011995430000000029e-01	2.245791430999999783e+00
1.458409880000000047e-01	9.750509999999999993e-04	3.275282769999999788e-01	1.458409880000000047e-01	-1.298903110000000083e-01	6.152492510000000525e-01	2.245790300999999989e+00
1.498253439999999992e-01	1.029055000000000074e-03	3.364761259999999865e-01	1.498253439999999992e-01	-1.215061040000000037e-01	6.294772239999999464e-01	2.245789107999999867e+00
1.539185519999999863e-01	1.086050000000000080e-03	3.456684150000000066e-01	1.539185519999999863e-01	-1.127035120000000057e-01	6.438704950000000427e-01	2.245787850000000141e+00
1.581235860000000104e-01	1.146200999999999904e-03	3.551118189999999952e-01	1.581235860000000104e-01	-1.034656090000000001e-01	6.584142240000000479e-01	2.245786520999999869e+00
1.624435009999999902e-01	1.209683999999999933e-03	3.648131969999999780e-01	1.624435009999999902e-01	-9.377540600000000559e-02	6.730915290000000217e-01	2.245785119000000218e+00
1.668814349999999946e-01	1.276683000000000028e-03	3.747795979999999916e-01	1.668814349999999946e-01	-8.361597299999999622e-02	6.878833060000000277e-01	2.245783639999999970e+00
1.714406139999999912e-01	1.347391999999999991e-03	3.850182569999999749e-01	1.714406139999999912e-01	-7.297058800000000289e-02	7.027680419999999817e-01	2.245782077999999959e+00
1.761243479999999861e-01	1.422017999999999937e-03	3.955366140000000086e-01	1.761243479999999861e-01	-6.182290399999999797e-02	7.177216140000000077e-01	2.245780429999999939e+00
1.809360409999999919e-01	1.500777000000000014e-03	4.063423050000000147e-01	1.809360409999999919e-01	-5.015716099999999872e-02	7.327170819999999640e-01	2.245778690999999938e+00
1.858791890000000002e-01	1.583896999999999909e-03	4.174431809999999965e-01	1.858791890000000002e-01	-3.795842600000000344e-02	7.477244750000000550e-01	2.245776854999999905e+00
1.909573830000000083e-01	1.671621999999999995e-03	4.288473019999999858e-01	1.909573830000000083e-01	-2.521287499999999918e-02	7.627105770000000007e-01	2.245774917999999953e+00
1.961743129999999891e-01	1.764205000000000027e-03	4.405629509999999804e-01	1.961743129999999891e-01	-1.190812500000000031e-02	7.776387009999999878e-01	2.245772872999999947e+00
2.015337690000000015e-01	1.861915000000000011e-03	4.525986359999999986e-01	2.015337690000000015e-01	1.966380000000000211e-03	7.924684779999999762e-01	2.245770714999999917e+00
2.070396439999999949e-01	1.965037000000000207e-03	4.649630969999999919e-01	2.070396439999999949e-01	1.641893100000000119e-02	8.071556479999999478e-01	2.245768437999999811e+00
2.126959390000000005e-01	2.073869999999999793e-03	4.776653149999999792e-01	2.126959390000000005e-01	3.145503999999999661e-02	8.216518640000000095e-01	2.245766034999999938e+00
2.185067629999999927e-01	2.188731000000000183e-03	4.907145119999999916e-01	2.185067629999999927e-01	4.707686199999999710e-02	8.359045250000000093e-01	2.245763498000000080e+00
2.244763379999999975e-01	2.309953999999999914e-03	5.041201650000000090e-01	2.244763379999999975e-01	6.328253500000000087e-02	8.498566389999999693e-01	2.245760821000000185e+00
2.306090010000000079e-01	2.437889999999999849e-03	5.178920080000000148e-01	2.306090010000000079e-01	8.006542799999999405e-02	8.634467359999999925e-01	2.245757996000000034e+00
2.369092070000000105e-01	2.572911000000000208e-03	5.320400400000000474e-01	2.369092070000000105e-01	9.741331000000000295e-02	8.766088389999999730e-01	2.245755014000000216e+00
2.433815350000000099e-01	2.715411000000000040e-03	5.465745360000000552e-01	2.433815350000000099e-01	1.153074109999999985e-01	8.892725219999999542e-01	2.245751867000000068e+00
2.500306849999999748e-01	2.865802000000000193e-03	5.615060480000000354e-01	2.500306849999999748e-01	1.337213899999999955e-01	9.013630660000000461e-01	2.245748546000000179e+00
2.568614900000000256e-01	3.024522999999999882e-03	5.768454160000000552e-01	2.568614900000000256e-01	1.526202020000000104e-01	9.128017459999999694e-01	2.245745040000000081e+00
2.638789100000000221e-01	3.192032999999999936e-03	5.926037779999999699e-01	2.638789100000000221e-01	1.719588740000000116e-01	9.235062769999999865e-01	2.245741341000000002e+00
2.710880460000000269e-01	3.368821000000000142e-03	6.087925749999999470e-01	2.710880460000000269e-01	1.916811890000000018e-01	9.333914479999999569e-01	2.245737436999999836e+00
2.784941349999999760e-01	3.555399999999999793e-03	6.254235569999999633e-01	2.784941349999999760e-01	2.117183059999999950e-01	9.423699890000000190e-01	2.245733315999999924e+00
2.861025569999999796e-01	3.752311999999999835e-03	6.425087999999999910e-01	2.861025569999999796e-01	2.319873239999999948e-01	9.503536959999999700e-01	2.245728967999999881e+00
2.939188400000000145e-01	3.960128999999999733e-03	6.600607040000000536e-01	2.939188400000000145e-01	2.523898459999999733e-01	9.572548730000000061e-01	2.245724377999999799e+00
3.019486630000000060e-01	4.179455999999999796e-03	6.780920099999999673e-01	3.019486630000000060e-01	2.728105579999999808e-01	9.629881160000000051e-01	2.245719535000000100e+00
3.101978590000000202e-01	4.410929000000000065e-03	6.966158059999999486e-01	3.101978590000000202e-01	2.931159170000000036e-01	9.674724839999999659e-01	2.245714422999999904e+00
3.186724220000000107e-01	4.655221000000000185e-03	7.156455360000000265e-01	3.186724220000000107e-01	3.131529929999999906e-01	9.706340940000000028e-01	2.245709027999999829e+00
3.273785100000000114e-01	4.913042000000000277e-03	7.351950109999999539e-01	3.273785100000000114e-01	3.327485729999999919e-01	9.724091500000000554e-01	2.245703333999999884e+00
3.363224459999999971e-01	5.185140999999999882e-03	7.552784169999999797e-01	3.363224459999999971e-01	3.517086340000000200e-01	9.727474210000000010e-01	2.245697325000000077e+00
3.455107290000000164e-01	5.472308999999999854e-03	7.759103299999999814e-01	3.455107290000000164e-01	3.698183039999999866e-01	9.716161549999999814e-01	2.245690982999999807e+00
3.549500360000000243e-01	5.775380999999999571e-03	7.971057190000000459e-01	3.549500360000000243e-01	3.868424440000000075e-01	9.690043760000000006e-01	2.245684289999999805e+00
3.646472219999999931e-01	6.095236000000000404e-03	8.188799629999999885e-01	3.646472219999999931e-01	4.025270060000000205e-01	9.649274939999999967e-01	2.245677226999999831e+00
3.746093349999999877e-01	6.432804000000000300e-03	8.412488590000000155e-01	3.746093349999999877e-01	4.166012960000000098e-01	9.594320939999999576e-01	2.245669771999999842e+00
3.848436109999999744e-01	6.789065999999999851e-03	8.642286359999999945e-01	3.848436109999999744e-01	4.287812730000000183e-01	9.526007539999999940e-01	2.245661903999999875e+00
3.953574859999999802e-01	7.165058000000000191e-03	8.878359620000000341e-01	3.953574859999999802e-01	4.387739950000000277e-01	9.445566570000000217e-01	2.245653600999999888e+00
4.061585990000000090e-01	7.561870000000000050e-03	9.120879610000000026e-01	4.061585990000000090e-01	4.462832440000000234e-01	9.354677369999999659e-01	2.245644836999999949e+00
4.172547970000000106e-01	7.980657000000000376e-03	9.370022209999999685e-01	4.172547970000000106e-01	4.510163549999999799e-01	9.255500690000000308e-01	2.245635588999999932e+00
4.286541409999999885e-01	8.422634999999999497e-03	9.625968099999999694e-01	4.286541409999999885e-01	4.526921360000000227e-01	9.150701500000000266e-01	2.245625828000000102e+00
4.403649139999999962e-01	8.889087999999999851e-03	9.888902880000000062e-01	4.403649139999999962e-01	4.510497119999999915e-01	9.043457740000000467e-01	2.245615527000000000e+00
4.523956230000000245e-01	9.381370999999999460e-03	1.015901718000000065e+00	4.523956230000000245e-01	4.458580120000000258e-01	8.937451730000000039e-01	2.245604655000000172e+00
4.647550100000000239e-01	9.900914000000000242e-03	1.043650681999999996e+00	4.647550100000000239e-01	4.369254980000000232e-01	8.836841989999999480e-01	2.245593181999999910e+00
4.774520540000000146e-01	1.044922600000000069e-02	1.072157295000000010e+00	4.774520540000000146e-01	4.241096939999999815e-01	8.746214009999999650e-01	2.245581072999999872e+00
4.904959790000000264e-01	1.102790099999999968e-02	1.101442218000000084e+00	4.904959790000000264e-01	4.073259630000000131e-01	8.670509809999999984e-01	2.245568292999999827e+00
5.038962630000000109e-01	1.163861799999999988e-02	1.131526674000000066e+00	5.038962630000000109e-01	3.865549910000000144e-01	8.614937719999999910e-01	2.245554805999999903e+00
5.176626399999999517e-01	1.228315100000000083e-02	1.162432460000000001e+00	5.176626399999999517e-01	3.618484670000000070e-01	8.584865440000000181e-01	2.245540571999999901e+00
5.318051129999999960e-01	1.296337300000000026e-02	1.194181968000000094e+00	5.318051129999999960e-01	3.333325229999999917e-01	8.585700859999999546e-01	2.245525549999999981e+00
5.463339560000000095e-01	1.368126000000000064e-02	1.226798196000000063e+00	5.463339560000000095e-01	3.012086339999999751e-01	8.622766680000000239e-01	2.245509696000000055e+00
5.612597259999999588e-01	1.443889500000000020e-02	1.260304765000000105e+00	5.612597259999999588e-01	2.657518770000000252e-01	8.701175359999999692e-01	2.245492963999999869e+00
5.765932649999999660e-01	1.523848000000000043e-02	1.294725938000000021e+00	5.765932649999999660e-01	2.273066169999999886e-01	8.825711410000000035e-01	2.245475305999999893e+00
5.923457149999999949e-01	1.608233599999999916e-02	1.330086636000000100e+00	5.923457149999999949e-01	1.862799330000000086e-01	9.000727360000000399e-01	2.245456669999999821e+00
6.085285190000000455e-01	1.697291299999999920e-02	1.366412452999999916e+00	6.085285190000000455e-01	1.431332319999999991e-01	9.230058899999999955e-01	2.245437002000000071e+00
6.251534349999999796e-01	1.791279800000000061e-02	1.403729680000000091e+00	6.251534349999999796e-01	9.837267399999999329e-02	9.516962810000000328e-01	2.245416246000000005e+00
6.422325420000000173e-01	1.890471900000000038e-02	1.442065315000000014e+00	6.422325420000000173e-01	5.253910800000000103e-02	9.864079610000000553e-01	2.245394339999999822e+00
6.597782479999999561e-01	1.995155599999999876e-02	1.481447090999999938e+00	6.597782479999999561e-01	6.198211999999999819e-03	1.027342055000000087e+00	2.245371222000000166e+00
6.778032999999999975e-01	2.105634799999999904e-02	1.521903486000000028e+00	6.778032999999999975e-01	-4.006847899999999713e-02	1.074637684999999898e+00	2.245346823000000214e+00
6.963207940000000207e-01	2.222230099999999986e-02	1.563463752999999956e+00	6.963207940000000207e-01	-8.567106900000000247e-02	1.128374715999999944e+00	2.245321074000000028e+00
7.153441830000000223e-01	2.345280199999999829e-02	1.606157931000000039e+00	7.153441830000000223e-01	-1.300168740000000045e-01	1.188577795999999909e+00	2.245293898999999982e+00
7.348872889999999991e-01	2.475141900000000020e-02	1.650016871000000052e+00	7.348872889999999991e-01	-1.725137499999999935e-01	1.255221077999999935e+00	2.245265220999999922e+00
7.549643099999999718e-01	2.612192400000000123e-02	1.695072257999999943e+00	7.549643099999999718e-01	-2.125709869999999890e-01	1.328232926000000091e+00	2.245234953999999838e+00
7.755898319999999790e-01	2.756829200000000119e-02	1.741356627999999906e+00	7.755898319999999790e-01	-2.495977490000000076e-01	1.407499899999999915e+00	2.245203012000000165e+00
7.967788409999999599e-01	2.909472000000000100e-02	1.788903394999999952e+00	7.967788409999999599e-01	-2.829991040000000013e-01	1.492869285000000046e+00	2.245169301999999867e+00
8.185467309999999719e-01	3.070563800000000038e-02	1.837746872000000087e+00	8.185467309999999719e-01	-3.121698640000000191e-01	1.584149360999999923e+00	2.245133726999999801e+00
8.409093159999999623e-01	3.240571800000000002e-02	1.887922295000000084e+00	8.409093159999999623e-01	-3.364864989999999945e-01	1.681106610999999917e+00	2.245096182000000162e+00
8.638828440000000386e-01	3.419989300000000204e-02	1.939465846000000049e+00	8.638828440000000386e-01	-3.552975700000000070e-01	1.783458910000000008e+00	2.245056559000000007e+00
8.874840059999999919e-01	3.609336600000000173e-02	1.992414678000000050e+00	8.874840059999999919e-01	-3.679132900000000039e-01	1.890863608000000085e+00	2.245014743000000035e+00
9.117299479999999567e-01	3.809162800000000237e-02	2.046806941999999907e+00	9.117299479999999567e-01	-3.735951319999999964e-01	2.002899202000000045e+00	2.244970613000000004e+00
9.366382869999999583e-01	4.020047399999999993e-02	2.102681807999999819e+00	9.366382869999999583e-01	-3.715468840000000217e-01	2.119039024000000104e+00	2.244924040999999981e+00
9.622271169999999652e-01	4.242601800000000284e-02	2.160079495999999821e+00	9.622271169999999652e-01	-3.609092990000000167e-01	2.238615085000000171e+00	2.244874891999999900e+00
9.885150310000000440e-01	4.477471300000000071e-02	2.219041300999999855e+00	9.885150310000000440e-01	-3.407617319999999839e-01	2.360770049000000093e+00	2.244823022999999917e+00
1.015521128000000051e+00	4.725336499999999856e-02	2.279609618999999920e+00	1.015521128000000051e+00	-3.101358739999999781e-01	2.484395388999999899e+00	2.244768284000000058e+00
1.043265026999999900e+00	4.986915900000000318e-02	2.341827976999999894e+00	1.043265026999999900e+00	-2.680493420000000238e-01	2.608054531000000065e+00	2.244710516000000045e+00
1.071766884999999947e+00	5.262967400000000129e-02	2.405741059999999987e+00	1.071766884999999947e+00	-2.135702869999999975e-01	2.729891888000000044e+00	2.244649552999999909e+00
1.101047410999999920e+00	5.554290700000000247e-02	2.471394741000000117e+00	1.101047410999999920e+00	-1.459283200000000003e-01	2.847533193999999934e+00	2.244585215999999939e+00
1.131127876999999948e+00	5.861729699999999876e-02	2.538836111000000173e+00	1.131127876999999948e+00	-6.469098600000000587e-02	2.957990983999999823e+00	2.244517321000000010e+00
1.162030136000000047e+00	6.186174800000000112e-02	2.608113508000000191e+00	1.162030136000000047e+00	2.997380599999999867e-02	3.057603351000000025e+00	2.244445670000000170e+00
1.193776641999999999e+00	6.528565399999999852e-02	2.679276547999999813e+00	1.193776641999999999e+00	1.369352759999999947e-01	3.142055193000000024e+00	2.244370056000000169e+00
1.226390456999999934e+00	6.889892599999999923e-02	2.752376157000000045e+00	1.226390456999999934e+00	2.536452650000000086e-01	3.206556942999999826e+00	2.244290259000000010e+00
1.259895277999999896e+00	7.271202300000000063e-02	2.827464604999999853e+00	1.259895277999999896e+00	3.756479850000000176e-01	3.246276189000000034e+00	2.244206049999999841e+00
1.294315445000000064e+00	7.673597699999999688e-02	2.904595533000000174e+00	1.294315445000000064e+00	4.961897049999999809e-01	3.257109170000000109e+00	2.244117183999999821e+00
1.329675967000000014e+00	8.098242799999999519e-02	2.983823992000000036e+00	1.329675967000000014e+00	6.061591120000000554e-01	3.236805422999999848e+00	2.244023405000000082e+00
1.366002533999999935e+00	8.546365899999999738e-02	3.065206471999999849e+00	1.366002533999999935e+00	6.946425760000000116e-01	3.186289801000000033e+00	2.243924440999999881e+00
1.403321537999999924e+00	9.019262399999999902e-02	3.148800940000000104e+00	1.403321537999999924e+00	7.502918979999999571e-01	3.110787859999999849e+00	2.243820004999999895e+00
1.441660090999999921e+00	9.518299299999999352e-02	3.234666869999999861e+00	1.441660090999999921e+00	7.633994320000000444e-01	3.020187781999999821e+00	2.243709797000000172e+00
1.481046048999999920e+00	1.004491839999999969e-01	3.322865284000000141e+00	1.481046048999999920e+00	7.281306760000000322e-01	2.928175911999999936e+00	2.243593496999999992e+00
1.521508026000000013e+00	1.060064099999999954e-01	3.413458782000000191e+00	1.521508026000000013e+00	6.440664320000000220e-01	2.850163189999999958e+00	2.243470770000000059e+00
1.563075417999999939e+00	1.118707169999999945e-01	3.506511580000000183e+00	1.563075417999999939e+00	5.163748139999999598e-01	2.800653907000000054e+00	2.243341260999999864e+00
1.605778426000000092e+00	1.180590319999999943e-01	3.602089546999999836e+00	1.605778426000000092e+00	3.545638489999999865e-01	2.791035774000000025e+00	2.243204597000000078e+00
1.649648073999999909e+00	1.245892100000000058e-01	3.700260241000000061e+00	1.649648073999999909e+00	1.704357549999999943e-01	2.828519510000000015e+00	2.243060382999999991e+00
1.694716235000000015e+00	1.314800859999999960e-01	3.801092945999999806e+00	1.694716235000000015e+00	-2.388467500000000104e-02	2.916335416999999985e+00	2.242908202999999823e+00
1.741015651999999969e+00	1.387515259999999861e-01	3.904658709000000005e+00	1.741015651999999969e+00	-2.172120399999999951e-01	3.054763128999999910e+00	2.242747619000000192e+00
1.788579963000000106e+00	1.464244819999999947e-01	4.011030376999999980e+00	1.788579963000000106e+00	-3.996498829999999836e-01	3.242395113000000162e+00	2.242578168000000094e+00
1.837443724999999972e+00	1.545210559999999900e-01	4.120282633999999611e+00	1.837443724999999972e+00	-5.621472170000000323e-01	3.477143797000000092e+00	2.242399360999999924e+00
1.887642437000000006e+00	1.630645549999999999e-01	4.232492040000000344e+00	1.887642437000000006e+00	-6.954991430000000419e-01	3.756673984999999938e+00	2.242210683999999787e+00
1.939212571999999968e+00	1.720795609999999920e-01	4.347737069999999981e+00	1.939212571999999968e+00	-7.890366920000000395e-01	4.078005952999999906e+00	2.242011594000000052e+00
1.992191596000000064e+00	1.815919980000000045e-01	4.466098145000000130e+00	1.992191596000000064e+00	-8.293361550000000193e-01	4.435940873999999923e+00	2.241801519000000020e+00
2.046617998999999966e+00	1.916292039999999974e-01	4.587657676000000073e+00	2.046617998999999966e+00	-7.996917409999999560e-01	4.819813202999999824e+00	2.241579853999999816e+00
2.102531325000000173e+00	2.022200070000000072e-01	4.712500097999999582e+00	2.102531325000000173e+00	-6.821189429999999776e-01	5.208329030999999887e+00	2.241345964000000190e+00
2.159972194999999928e+00	2.133948039999999935e-01	4.840711906000000120e+00	2.159972194999999928e+00	-4.650832750000000182e-01	5.564127306999999689e+00	2.241099176000000082e+00
2.218982340999999803e+00	2.251856469999999888e-01	4.972381689999999743e+00	2.218982340999999803e+00	-1.594041250000000076e-01	5.834766358000000430e+00	2.240838783000000056e+00
2.279604636999999823e+00	2.376263289999999972e-01	5.107600173999999882e+00	2.279604636999999823e+00	1.845921620000000041e-01	5.971878967000000316e+00	2.240564039000000118e+00
2.341883125999999926e+00	2.507524789999999726e-01	5.246460245999999827e+00	2.341883125999999926e+00	4.827896409999999916e-01	5.969045626999999854e+00	2.240274156999999988e+00
2.405863055000000195e+00	2.646016569999999901e-01	5.389056992999999629e+00	2.405863055000000195e+00	6.628397900000000398e-01	5.884389172999999751e+00	2.239968306999999825e+00
2.471590905999999865e+00	2.792134569999999982e-01	5.535487734000000160e+00	2.471590905999999865e+00	7.143715779999999516e-01	5.810455709000000191e+00	2.239645615000000145e+00
2.539114434000000031e+00	2.946296170000000103e-01	5.685852049000000186e+00	2.539114434000000031e+00	6.917275659999999604e-01	5.816718610999999761e+00	2.239305158000000073e+00
2.608482695000000184e+00	3.108941270000000201e-01	5.840251807999999656e+00	2.608482695000000184e+00	6.783214330000000292e-01	5.917207644000000322e+00	2.238945966000000176e+00
2.679746086999999832e+00	3.280533540000000192e-01	5.998791200000000323e+00	2.679746086999999832e+00	7.512858770000000463e-01	6.066171057000000033e+00	2.238567015000000104e+00
2.752956386000000144e+00	3.461561590000000188e-01	6.161576755999999655e+00	2.752956386000000144e+00	9.467857680000000276e-01	6.159286557999999800e+00	2.238167225000000204e+00
2.828166780000000102e+00	3.652540340000000052e-01	6.328717370999999758e+00	2.828166780000000102e+00	1.201934843999999947e+00	6.058860420000000246e+00	2.237745459000000103e+00
2.905431912000000061e+00	3.854012350000000087e-01	6.500324327000000402e+00	2.905431912000000061e+00	1.317775764999999932e+00	5.706294448999999602e+00	2.237300519999999793e+00
2.984807916999999922e+00	4.066549250000000004e-01	6.676511305000000007e+00	2.984807916999999922e+00	1.091159336000000035e+00	5.254370577000000431e+00	2.236831142999999855e+00
3.066352462999999862e+00	4.290753290000000053e-01	6.857394402999999805e+00	3.066352462999999862e+00	5.267453370000000357e-01	4.961859982000000002e+00	2.236336000000000102e+00
3.150124796000000060e+00	4.527258840000000228e-01	7.043092140999999806e+00	3.150124796000000060e+00	-2.095680639999999983e-01	4.962708217000000310e+00	2.235813688999999993e+00
3.236185777000000208e+00	4.776734109999999922e-01	7.233725470000000435e+00	3.236185777000000208e+00	-9.753996569999999755e-01	5.250967241999999757e+00	2.235262735000000056e+00
3.324597932000000089e+00	5.039882810000000379e-01	7.429417768999999616e+00	3.324597932000000089e+00	-1.705310988999999999e+00	5.791165355999999598e+00	2.234681582999999971e+00
3.415425496000000116e+00	5.317446000000000117e-01	7.630294842999999716e+00	3.415425496000000116e+00	-2.367084573000000081e+00	6.584506228999999600e+00	2.234068596000000184e+00
3.508734456000000002e+00	5.610203969999999485e-01	7.836484908000000082e+00	3.508734456000000002e+00	-2.895492517000000099e+00	7.683810782000000117e+00	2.233422051999999880e+00
3.604592604000000033e+00	5.918978160000000210e-01	8.048118581000000660e+00	3.604592604000000033e+00	-3.095319238000000084e+00	9.154020302999999359e+00	2.232740135999999875e+00
3.703069584000000081e+00	6.244633280000000397e-01	8.265328845999999174e+00	3.703069584000000081e+00	-2.551281783999999941e+00	1.084323380800000081e+01	2.232020937999999788e+00
3.804236942000000177e+00	6.588079399999999808e-01	8.488251031000000779e+00	3.804236942000000177e+00	-1.057152762000000079e+00	1.193798152099999932e+01	2.231262447999999843e+00
3.908168177999999937e+00	6.950274229999999775e-01	8.717022763999999313e+00	3.908168177999999937e+00	3.470302610000000065e-01	1.175171590999999971e+01	2.230462551000000015e+00
4.014938800999999557e+00	7.332225409999999499e-01	8.951783921000000532e+00	4.014938800999999557e+00	7.151657110000000372e-01	1.120847374599999924e+01	2.229619022000000061e+00
4.124626382999999841e+00	7.734992939999999484e-01	9.192676572999999962e+00	4.124626382999999841e+00	5.299973169999999678e-01	1.121378727699999978e+01	2.228729518999999826e+00
4.237310615000000169e+00	8.159691730000000476e-01	9.439844905999999369e+00	4.237310615000000169e+00	4.861920430000000182e-01	1.179009216699999918e+01	2.227791578999999800e+00
4.353073365000000194e+00	8.607494180000000439e-01	9.693435148000000723e+00	4.353073365000000194e+00	9.686757459999999487e-01	1.253218474700000051e+01	2.226802613999999902e+00
4.471998736999999835e+00	9.079632909999999502e-01	9.953595464999999365e+00	4.471998736999999835e+00	1.875003895999999948e+00	1.287363492599999937e+01	2.225759900999999985e+00
4.594173135000000130e+00	9.577403559999999594e-01	1.022047585800000036e+01	4.594173135000000130e+00	2.632291479000000045e+00	1.267644451399999994e+01	2.224660576999999861e+00
4.719685319999999962e+00	1.010216776000000038e+00	1.049422803300000062e+01	4.719685319999999962e+00	2.993030440000000070e+00	1.236272659399999974e+01	2.223501637000000031e+00
4.848626481000000155e+00	1.065535608000000023e+00	1.077500526300000061e+01	4.848626481000000155e+00	3.167158123000000103e+00	1.213192101299999948e+01	2.222279918999999992e+00
4.981090296999999723e+00	1.123847116000000090e+00	1.106296222199999946e+01	4.981090296999999723e+00	3.184307330999999852e+00	1.189668932600000062e+01	2.220992104000000023e+00
5.117173006999999885e+00	1.185309095999999895e+00	1.135825481600000053e+01	5.117173006999999885e+00	2.907054169999999882e+00	1.181197837799999917e+01	2.219634709000000150e+00
5.256973477999999922e+00	1.250087198999999982e+00	1.166103997499999956e+01	5.256973477999999922e+00	2.552116001999999995e+00	1.220470714700000059e+01	2.218204071999999805e+00
5.400593278999999747e+00	1.318355278999999936e+00	1.197147543300000017e+01	5.400593278999999747e+00	2.692896044999999905e+00	1.300715692700000048e+01	2.216696354999999841e+00
5.548136752999999644e+00	1.390295733999999950e+00	1.228971948400000080e+01	5.548136752999999644e+00	3.614366925000000119e+00	1.338318432900000055e+01	2.215107527999999881e+00
5.699711094000000422e+00	1.466099867000000057e+00	1.261593070600000033e+01	5.699711094000000422e+00	4.199389547000000000e+00	1.263699576800000024e+01	2.213433365000000208e+00
5.855426426000000184e+00	1.545968245000000074e+00	1.295026766299999998e+01	5.855426426000000184e+00	3.521125980999999960e+00	1.202065794399999987e+01	2.211669436000000211e+00
6.015395879999999806e+00	1.630111075999999937e+00	1.329288857599999929e+01	6.015395879999999806e+00	2.540802223000000026e+00	1.252041849000000084e+01	2.209811097999999863e+00
6.179735678000000121e+00	1.718748576999999944e+00	1.364395095999999974e+01	6.179735678000000121e+00	2.278966893000000216e+00	1.380903260200000027e+01	2.207853485999999865e+00
6.348565215999999900e+00	1.812111360000000060e+00	1.400361122800000047e+01	6.348565215999999900e+00	3.061197282999999825e+00	1.491287596499999957e+01	2.205791506000000179e+00
6.522007154999999834e+00	1.910440812000000044e+00	1.437202426300000013e+01	6.522007154999999834e+00	4.116043984000000044e+00	1.514289670299999990e+01	2.203619825000000088e+00
6.700187503999999628e+00	2.013989481999999942e+00	1.474934294400000034e+01	6.700187503999999628e+00	4.874344235999999775e+00	1.489643854900000086e+01	2.201332863999999834e+00
6.883235714999999644e+00	2.123021465999999968e+00	1.513571763799999914e+01	6.883235714999999644e+00	5.267235731000000420e+00	1.426549722699999911e+01	2.198924787999999797e+00
7.071284778999999965e+00	2.237812786000000109e+00	1.553129564700000032e+01	7.071284778999999965e+00	4.898649919000000352e+00	1.368313745500000067e+01	2.196389501000000077e+00
7.264471318000000011e+00	2.358651769999999814e+00	1.593622060500000082e+01	7.264471318000000011e+00	4.348925788999999931e+00	1.375783250199999941e+01	2.193720631000000143e+00
7.462935685999999791e+00	2.485839426000000074e+00	1.635063183899999828e+01	7.462935685999999791e+00	4.139429597000000349e+00	1.384218934599999962e+01	2.190911530000000162e+00
7.666822074999999792e+00	2.619689794000000127e+00	1.677466366199999825e+01	7.666822074999999792e+00	3.391100519000000091e+00	1.368960284999999999e+01	2.187955257000000042e+00
7.876278611000000041e+00	2.760530299000000021e+00	1.720844462999999891e+01	7.876278611000000041e+00	2.103647334000000146e+00	1.446181942499999984e+01	2.184844578999999953e+00
8.091457472000000095e+00	2.908702079999999857e+00	1.765209673300000048e+01	8.091457472000000095e+00	1.537120516000000103e+00	1.626154880600000041e+01	2.181571959999999866e+00
8.312514990000000381e+00	3.064560292999999991e+00	1.810573453299999969e+01	8.312514990000000381e+00	2.059056844000000108e+00	1.793069493999999864e+01	2.178129549999999970e+00
8.539611769000000407e+00	3.228474398999999995e+00	1.856946424099999859e+01	8.539611769000000407e+00	2.938326766999999951e+00	1.928027533199999866e+01	2.174509185999999872e+00
8.772912802000000454e+00	3.400828413999999800e+00	1.904338273100000123e+01	8.772912802000000454e+00	4.656644522999999758e+00	2.017773963499999823e+01	2.170702384000000151e+00
9.012587587000000511e+00	3.582021118000000115e+00	1.952757649200000145e+01	9.012587587000000511e+00	6.242915520999999579e+00	1.972956245900000027e+01	2.166700329000000202e+00
9.258810254000000128e+00	3.772466235000000001e+00	2.002212051400000092e+01	9.258810254000000128e+00	7.229479749000000233e+00	1.864933199600000080e+01	2.162493879999999979e+00
9.511759690999999961e+00	3.972592553000000137e+00	2.052707710299999988e+01	9.511759690999999961e+00	6.637329186999999742e+00	1.696321942100000157e+01	2.158073560000000057e+00
9.771619673000000006e+00	4.182843990000000289e+00	2.104249463800000086e+01	9.771619673000000006e+00	4.896219633000000293e+00	1.708317072399999859e+01	2.153429559000000104e+00
1.003857899399999987e+01	4.403679601000000332e+00	2.156840624799999873e+01	1.003857899399999987e+01	4.308181998000000235e+00	1.807122647799999982e+01	2.148551728000000161e+00
1.031283160699999968e+01	4.635573507000000149e+00	2.210482842600000097e+01	1.031283160699999968e+01	3.686986246000000023e+00	1.886453128300000159e+01	2.143429590000000218e+00
1.059457676399999926e+01	4.879014748000000345e+00	2.265175957699999998e+01	1.059457676399999926e+01	3.879561638000000201e+00	2.028574073500000097e+01	2.138052334000000165e+00
1.088401916099999944e+01	5.134507044000000242e+00	2.320917849499999974e+01	1.088401916099999944e+01	4.095566649000000226e+00	2.034294616200000050e+01	2.132408824000000092e+00
1.118136908399999996e+01	5.402568456000000019e+00	2.377704277799999844e+01	1.118136908399999996e+01	3.547245018999999999e+00	2.125609700200000063e+01	2.126487605999999975e+00
1.148684256700000006e+01	5.683730939000000149e+00	2.435528717900000117e+01	1.148684256700000006e+01	3.223179159999999932e+00	2.189835076600000008e+01	2.120276919999999787e+00
1.180066154400000045e+01	5.978539771000000336e+00	2.494382190299999991e+01	1.180066154400000045e+01	2.490935846000000176e+00	2.391718786499999894e+01	2.113764708000000159e+00
1.212305401300000085e+01	6.287552853000000219e+00	2.554253084400000162e+01	1.212305401300000085e+01	3.207300598999999863e+00	2.571012453399999842e+01	2.106938631999999867e+00
1.245425420099999947e+01	6.611339860000000179e+00	2.615126978800000046e+01	1.245425420099999947e+01	4.238860118999999926e+00	2.828950354199999850e+01	2.099786094999999797e+00
1.279450273199999977e+01	6.950481242000000393e+00	2.676986456099999856e+01	1.279450273199999977e+01	6.838088076000000015e+00	2.892483112400000067e+01	2.092294255000000103e+00
1.314404680700000050e+01	7.305567053999999949e+00	2.739810916500000104e+01	1.314404680700000050e+01	9.571604740999999805e+00	2.935019702800000019e+01	2.084450061000000076e+00
1.350314037899999953e+01	7.677195607999999893e+00	2.803576388000000108e+01	1.350314037899999953e+01	1.074997436900000025e+01	2.686350257999999869e+01	2.076240273999999886e+00
1.387204433800000025e+01	8.065971929999999901e+00	2.868255337500000124e+01	1.387204433800000025e+01	1.070560326700000076e+01	2.494774844999999885e+01	2.067651506999999889e+00
1.425102670300000085e+01	8.472506015000000446e+00	2.933816481299999879e+01	1.425102670300000085e+01	8.035681410000000469e+00	2.436191398300000088e+01	2.058670257999999809e+00
1.464036281499999959e+01	8.897410876000000357e+00	3.000224599499999911e+01	1.464036281499999959e+01	6.184714372000000182e+00	2.528377452399999825e+01	2.049282956999999961e+00
1.504033553600000062e+01	9.341300350999999225e+00	3.067440354100000022e+01	1.504033553600000062e+01	4.983726121000000120e+00	2.838250681199999903e+01	2.039476012000000171e+00
1.545123545799999931e+01	9.804786696000000745e+00	3.135420113400000020e+01	1.545123545799999931e+01	5.334710678000000428e+00	3.059845224500000072e+01	2.029235863999999889e+00
1.587336110999999939e+01	1.028847792700000063e+01	3.204115786199999860e+01	1.587336110999999939e+01	6.772465764999999749e+00	3.247757674700000052e+01	2.018549042000000071e+00
1.630701917700000081e+01	1.079297490999999987e+01	3.273474666100000263e+01	1.630701917700000081e+01	8.284718154000000112e+00	3.444268656300000231e+01	2.007402229999999843e+00
1.675252472400000059e+01	1.131886821600000026e+01	3.343439290199999903e+01	1.675252472400000059e+01	9.301441026999999195e+00	3.549178720900000172e+01	1.995782334000000047e+00
1.721020142200000080e+01	1.186673471399999968e+01	3.413947315800000126e+01	1.721020142200000080e+01	1.190962419699999941e+01	3.500380480199999766e+01	1.983676559999999922e+00
1.768038178500000157e+01	1.243713390699999977e+01	3.484931415799999854e+01	1.768038178500000157e+01	1.291163451100000081e+01	3.443746415100000036e+01	1.971072490999999927e+00
1.816340741100000145e+01	1.303060403899999997e+01	3.556319197700000245e+01	1.816340741100000145e+01	1.214159991900000080e+01	3.459147962600000170e+01	1.957958172000000108e+00
1.865962923200000034e+01	1.364765794999999926e+01	3.628033150299999932e+01	1.865962923200000034e+01	1.097756905700000019e+01	3.606868788599999931e+01	1.944322207999999996e+00
1.916940776499999899e+01	1.428877871899999974e+01	3.699990620100000172e+01	1.916940776499999899e+01	1.181765049900000086e+01	3.735693620499999668e+01	1.930153849999999949e+00
1.969311337899999970e+01	1.495441508500000083e+01	3.772103821900000042e+01	1.969311337899999970e+01	1.357431354799999923e+01	3.878008271200000223e+01	1.915443103999999952e+00
2.023112655899999979e+01	1.564497669800000068e+01	3.844279886300000015e+01	2.023112655899999979e+01	1.546742856400000043e+01	3.935495379299999996e+01	1.900180830000000043e+00
2.078383818600000055e+01	1.636082920000000129e+01	3.916420949900000181e+01	2.078383818600000055e+01	1.668324229099999911e+01	3.976839306600000157e+01	1.884358854000000028e+00
2.135164981899999859e+01	1.710228918900000039e+01	3.988424288400000250e+01	2.135164981899999859e+01	1.706482807300000104e+01	4.071427246199999672e+01	1.867970074000000036e+00
2.193497398899999951e+01	1.786961909000000048e+01	4.060182498999999723e+01	2.193497398899999951e+01	1.816678330399999908e+01	4.109762168000000315e+01	1.851008576999999988e+00
2.253423449599999984e+01	1.866302198600000040e+01	4.131583733000000080e+01	2.253423449599999984e+01	1.887852459799999849e+01	4.111890886599999817e+01	1.833469752000000064e+00
2.314986671899999848e+01	1.948263645300000135e+01	4.202511982299999715e+01	2.314986671899999848e+01	1.904938316100000151e+01	4.100531070899999975e+01	1.815350400999999891e+00
2.378231793000000138e+01	2.032853146000000066e+01	4.272847421600000217e+01	2.378231793000000138e+01	1.853941785399999986e+01	4.158298237199999647e+01	1.796648851999999907e+00
2.443204762199999891e+01	2.120070138799999881e+01	4.342466807899999992e+01	2.443204762199999891e+01	1.830816354399999923e+01	4.341585274999999911e+01	1.777365072000000046e+00
2.509952784100000045e+01	2.209906123300000047e+01	4.411243938599999836e+01	2.509952784100000045e+01	1.955626864299999923e+01	4.595154531200000037e+01	1.757500765000000076e+00
2.578524352899999883e+01	2.302344207699999856e+01	4.479050167999999843e+01	2.578524352899999883e+01	2.251133841200000063e+01	4.740358194099999878e+01	1.737059479000000017e+00
2.648969287599999944e+01	2.397358686999999833e+01	4.545754982300000080e+01	2.648969287599999944e+01	2.517740481099999883e+01	4.657411437999999748e+01	1.716046691999999929e+00
2.721338768400000063e+01	2.494914662900000124e+01	4.611226630600000220e+01	2.721338768400000063e+01	2.578521561799999873e+01	4.523437103399999870e+01	1.694469900000000084e+00
2.795685373499999926e+01	2.594967710799999949e+01	4.675332810199999756e+01	2.795685373499999926e+01	2.505617827100000028e+01	4.509249270600000159e+01	1.672338687999999962e+00
2.872063117800000143e+01	2.697463602099999846e+01	4.737941402199999885e+01	2.872063117800000143e+01	2.516690914999999862e+01	4.644456510399999871e+01	1.649664790999999964e+00
2.950527491700000127e+01	2.802338089399999888e+01	4.798921252699999940e+01	2.950527491700000127e+01	2.584418821799999932e+01	4.751119884300000251e+01	1.626462137999999946e+00
3.031135501600000026e+01	2.909516760500000032e+01	4.858142994800000025e+01	3.031135501600000026e+01	2.608769170000000059e+01	4.885983367800000110e+01	1.602746889000000063e+00
3.113945711299999886e+01	3.018914969500000112e+01	4.915479903300000331e+01	3.113945711299999886e+01	2.736170699999999911e+01	5.201188237000000214e+01	1.578537443999999956e+00
3.199018284799999989e+01	3.130437849100000136e+01	4.970808774300000010e+01	3.199018284799999989e+01	3.189764695999999944e+01	5.281733366200000290e+01	1.553854443000000085e+00
3.286415029399999810e+01	3.243980407899999818e+01	5.024010822099999984e+01	3.286415029399999810e+01	3.323080807699999895e+01	5.077415993299999997e+01	1.528720741999999966e+00
3.376199441100000342e+01	3.359427720499999737e+01	5.074972583200000287e+01	3.376199441100000342e+01	3.358267172800000111e+01	5.119209281500000230e+01	1.503161372000000107e+00
3.468436750800000112e+01	3.476655208399999708e+01	5.123586814899999808e+01	3.468436750800000112e+01	3.436840944299999734e+01	5.174201814300000279e+01	1.477203473000000100e+00
3.563193971199999766e+01	3.595529015599999667e+01	5.169753382799999741e+01	3.563193971199999766e+01	3.695735654700000339e+01	5.298694731399999824e+01	1.450876215000000080e+00
3.660539946000000100e+01	3.715906478600000185e+01	5.213380117799999880e+01	3.660539946000000100e+01	3.846304559899999731e+01	5.066428637500000320e+01	1.424210688999999919e+00
3.760545399699999791e+01	3.837636686799999808e+01	5.254383640999999727e+01	3.760545399699999791e+01	3.916142431299999771e+01	5.133171747400000129e+01	1.397239783999999929e+00
3.863282988699999976e+01	3.960561132899999848e+01	5.292690134400000090e+01	3.863282988699999976e+01	3.919401457099999675e+01	4.996427788300000117e+01	1.369998043000000054e+00
3.968827354599999779e+01	4.084514447099999757e+01	5.328236056899999795e+01	3.968827354599999779e+01	3.970269885999999815e+01	4.943204310600000184e+01	1.342521501000000006e+00
4.077255178299999727e+01	4.209325206700000166e+01	5.360968785800000092e+01	4.077255178299999727e+01	3.847751804600000014e+01	5.036478912900000182e+01	1.314847501999999890e+00
4.188645235399999933e+01	4.334816816800000083e+01	5.390847180400000127e+01	4.188645235399999933e+01	3.757220533699999976e+01	5.294501452800000152e+01	1.287014506000000003e+00
4.303078453700000239e+01	4.460808450199999697e+01	5.417842056700000342e+01	4.303078453700000239e+01	3.883956712599999861e+01	5.495637066399999782e+01	1.259061881999999910e+00
4.420637972000000104e+01	4.587116034999999670e+01	5.441936565200000331e+01	4.420637972000000104e+01	4.213776810299999909e+01	5.604468764300000316e+01	1.231029683999999902e+00
4.541409200399999690e+01	4.713553282200000183e+01	5.463126467699999722e+01	4.541409200399999690e+01	4.485924498199999988e+01	5.513607017799999710e+01	1.202958426999999997e+00
4.665479882199999651e+01	4.839932736200000107e+01	5.481420306599999748e+01	4.665479882199999651e+01	4.541408789500000154e+01	5.406756549600000028e+01	1.174888852999999900e+00
4.792940158300000064e+01	4.966066838999999788e+01	5.496839466000000129e+01	4.792940158300000064e+01	4.463346512799999743e+01	5.462568601800000323e+01	1.146861692999999960e+00
4.923882631699999735e+01	5.091768992899999802e+01	5.509418123199999684e+01	4.923882631699999735e+01	4.473429942399999959e+01	5.709157079500000265e+01	1.118917434999999960e+00
5.058402435699999700e+01	5.216854608900000301e+01	5.519203090599999939e+01	5.058402435699999700e+01	4.712218191600000239e+01	5.981208987600000171e+01	1.091096083999999911e+00
5.196597302499999671e+01	5.341142128199999917e+01	5.526253552400000046e+01	5.196597302499999671e+01	5.108532946700000110e+01	6.043563538400000112e+01	1.063436943999999995e+00
5.338567634199999645e+01	5.464454004200000270e+01	5.530640698999999927e+01	5.338567634199999645e+01	5.358732007900000127e+01	5.852703927700000008e+01	1.035978389000000055e+00
5.484416576099999929e+01	5.586617633800000249e+01	5.532447266700000199e+01	5.484416576099999929e+01	5.300305816099999845e+01	5.748171215100000353e+01	1.008757665999999942e+00
5.634250091300000207e+01	5.707466227199999764e+01	5.531766988999999768e+01	5.634250091300000207e+01	5.349476479399999818e+01	5.977167243299999910e+01	9.818106930000000121e-01
5.788177037700000227e+01	5.826839606699999763e+01	5.528703967999999946e+01	5.788177037700000227e+01	5.661839741099999657e+01	6.037183891400000135e+01	9.551718839999999711e-01
5.946309247399999975e+01	5.944584926600000330e+01	5.523371978299999796e+01	5.946309247399999975e+01	5.839538965500000245e+01	6.059867341500000038e+01	9.288739870000000121e-01
6.108761607499999968e+01	6.060557309400000037e+01	5.515893709200000217e+01	6.108761607499999968e+01	6.026402512800000011e+01	5.900296211599999907e+01	9.029479400000000044e-01
6.275652144000000021e+01	6.174620389900000106e+01	5.506399962900000133e+01	6.275652144000000021e+01	6.213265085999999826e+01	5.919490653799999791e+01	8.774227500000000290e-01
6.447102107300000284e+01	6.286646768100000315e+01	5.495028812399999651e+01	6.447102107300000284e+01	6.256232127399999854e+01	5.953878772800000263e+01	8.523253889999999888e-01
6.623236060300000361e+01	6.396518366200000116e+01	5.481924737599999986e+01	6.623236060300000361e+01	6.426367778799999542e+01	5.790192602199999783e+01	8.276807120000000406e-01
6.804181968899999333e+01	6.504126690600000416e+01	5.467237747200000086e+01	6.804181968899999333e+01	6.497790789299999403e+01	5.706517305799999917e+01	8.035113950000000171e-01
6.990071295200000634e+01	6.609373000499999762e+01	5.451122497400000100e+01	6.990071295200000634e+01	6.614998131299999784e+01	5.653912887199999915e+01	7.798378969999999466e-01
7.181039092499999299e+01	6.712168384899999296e+01	5.433737419500000243e+01	7.181039092499999299e+01	6.647796983000000637e+01	5.577665849099999917e+01	7.566784349999999826e-01
7.377224104200000454e+01	6.812433753199999842e+01	5.415243864100000337e+01	7.377224104200000454e+01	6.575666643099999931e+01	5.645634825500000176e+01	7.340489850000000427e-01
7.578768863599999861e+01	6.910099742399999911e+01	5.395805272799999841e+01	7.578768863599999861e+01	6.682951449600000160e+01	5.815854781800000239e+01	7.119632980000000222e-01
7.785819798500000388e+01	7.005106548000000544e+01	5.375586382699999888e+01	7.785819798500000388e+01	6.902568678500000487e+01	5.889780655900000284e+01	6.904329310000000275e-01
7.998527336799999432e+01	7.097403684399999690e+01	5.354752472799999907e+01	7.998527336799999432e+01	7.042207990800000061e+01	5.894609040800000344e+01	6.694672969999999612e-01
8.217046016099999406e+01	7.186949682799999550e+01	5.333468656800000218e+01	8.217046016099999406e+01	7.318934544399999709e+01	5.904365207600000076e+01	6.490737239999999630e-01
8.441534595999999624e+01	7.273711730899999850e+01	5.311899225799999869e+01	8.441534595999999624e+01	7.424791741299999615e+01	5.742486013199999917e+01	6.292575320000000083e-01
8.672156173400000512e+01	7.357665266899999779e+01	5.290207047999999901e+01	8.672156173400000512e+01	7.547102687500000684e+01	5.632976826899999878e+01	6.100221150000000314e-01
8.909078300900000613e+01	7.438793528600000116e+01	5.268553022900000116e+01	8.909078300900000613e+01	7.595058402799999442e+01	5.666857395099999906e+01	5.913690329999999884e-01
9.152473108799999579e+01	7.517087072200000364e+01	5.247095595300000070e+01	9.152473108799999579e+01	7.653210694700000261e+01	5.675716469099999983e+01	5.732981169999999960e-01
9.402517429700000662e+01	7.592543261800000209e+01	5.225990328999999690e+01	9.402517429700000662e+01	7.782488650099999461e+01	5.628638862399999709e+01	5.558075660000000306e-01
9.659392927400000417e+01	7.665165739500000086e+01	5.205389537799999999e+01	9.659392927400000417e+01	7.902984635800000035e+01	5.516208355599999891e+01	5.388940669999999766e-01
9.923286228800000686e+01	7.734963882799999624e+01	5.185441975500000211e+01	9.923286228800000686e+01	7.929340383699999961e+01	5.372061180600000085e+01	5.225528980000000434e-01
1.019438905939999955e+02	7.801952252700000656e+01	5.166292581399999762e+01	1.019438905939999955e+02	7.825119602700000598e+01	5.331075882500000063e+01	5.067780469999999537e-01
1.047289838239999966e+02	7.866150040600000182e+01	5.148082279700000186e+01	1.047289838239999966e+02	7.857137697299999957e+01	5.486270027500000168e+01	4.915623250000000222e-01
1.075901654219999983e+02	7.927580516899999452e+01	5.130947830200000226e+01	1.075901654219999983e+02	7.961211521799999957e+01	5.472770524100000245e+01	4.768974759999999868e-01
1.105295141130000047e+02	7.986270486799999446e+01	5.115021728300000348e+01	1.105295141130000047e+02	8.156478542399999299e+01	5.503367942900000287e+01	4.627742890000000053e-01
1.135491654100000005e+02	8.042249755100000641e+01	5.100432147699999774e+01	1.135491654100000005e+02	8.200522566499999755e+01	5.462356545699999799e+01	4.491827070000000144e-01
1.166513131699999946e+02	8.095550606199999777e+01	5.087302926699999972e+01	1.166513131699999946e+02	8.209904357599999969e+01	5.409597919899999852e+01	4.361119299999999810e-01
1.198382111850000058e+02	8.146207298199999514e+01	5.075753591499999828e+01	1.198382111850000058e+02	8.260910826699999632e+01	5.397670753300000257e+01	4.235505139999999891e-01
1.231121748200000070e+02	8.194255575399999714e+01	5.065899414199999740e+01	1.231121748200000070e+02	8.316681695200000490e+01	5.347817559300000312e+01	4.114864690000000214e-01
1.264755826969999930e+02	8.239732200400000295e+01	5.057851501100000036e+01	1.264755826969999930e+02	8.251283531400000015e+01	5.291870628600000259e+01	3.999073490000000231e-01
1.299308784199999991e+02	8.282674506600000086e+01	5.051716909099999953e+01	1.299308784199999991e+02	8.274690982299999575e+01	5.392602956799999703e+01	3.888003349999999969e-01
1.334805723519999958e+02	8.323119970300000148e+01	5.047598784699999896e+01	1.334805723519999958e+02	8.224061972399999831e+01	5.469902192100000349e+01	3.781523179999999873e-01
1.371272434400000009e+02	8.361105805699999394e+01	5.045596524999999843e+01	1.371272434400000009e+02	8.314672000900000626e+01	5.533122699199999772e+01	3.679499709999999868e-01
1.408735410859999888e+02	8.396668580099999701e+01	5.045805955800000220e+01	1.408735410859999888e+02	8.438524105800000541e+01	5.629840402899999674e+01	3.581798199999999821e-01
1.447221870740000043e+02	8.429843849300000613e+01	5.048319523499999661e+01	1.447221870740000043e+02	8.571456150900000637e+01	5.646003623600000054e+01	3.488283050000000052e-01
1.486759775479999917e+02	8.460665813900000387e+01	5.053226500499999929e+01	1.486759775479999917e+02	8.707132905599999617e+01	5.698870813999999996e+01	3.398818410000000179e-01
1.527377850389999878e+02	8.489166993499999592e+01	5.060613198699999771e+01	1.527377850389999878e+02	8.812592760100000078e+01	5.570427969499999676e+01	3.313268679999999966e-01
1.569105605590000039e+02	8.515377919700000575e+01	5.070563192000000186e+01	1.569105605590000039e+02	8.860225716499999749e+01	5.610850004800000335e+01	3.231498999999999899e-01
1.611973357390000103e+02	8.539326845499999763e+01	5.083157541700000337e+01	1.611973357390000103e+02	8.848611293899999453e+01	5.586632878199999652e+01	3.153375649999999863e-01
1.656012250340000094e+02	8.561039469700000382e+01	5.098475028099999662e+01	1.656012250340000094e+02	8.880407160000000033e+01	5.613574380899999738e+01	3.078766490000000022e-01
1.701254279849999875e+02	8.580538674800000365e+01	5.116592382000000327e+01	1.701254279849999875e+02	8.990387817500000267e+01	5.641499469099999686e+01	3.007541229999999843e-01
1.747732315460000052e+02	8.597844277599999430e+01	5.137584517700000220e+01	1.747732315460000052e+02	9.053664424400000144e+01	5.582991725099999769e+01	2.939571739999999878e-01
1.795480124690000139e+02	8.612972790300000270e+01	5.161524764800000042e+01	1.795480124690000139e+02	9.128343079299999374e+01	5.598159906000000063e+01	2.874732329999999947e-01
1.844532397570000057e+02	8.625937189299999375e+01	5.188485098400000339e+01	1.844532397570000057e+02	9.118849873499999603e+01	5.551021875099999647e+01	2.812899959999999866e-01
