0.010000000	0.000004669	0.021846389	0.010000000	-0.057614512	0.099082349	2.184638875
0.010400000	0.000005050	0.022720244	0.010400000	-0.055096895	0.102302558	2.184638866
0.010700000	0.000005346	0.023375636	0.010700000	-0.053159786	0.104662873	2.184638860
0.011100000	0.000005753	0.024249491	0.011100000	-0.050513981	0.107734815	2.184638850
0.011500000	0.000006175	0.025123347	0.011500000	-0.047798784	0.110718640	2.184638840
0.011900000	0.000006612	0.025997202	0.011900000	-0.045017115	0.113611990	2.184638830
0.012300000	0.000007064	0.026871057	0.012300000	-0.042171980	0.116412594	2.184638820
0.012700000	0.000007531	0.027744913	0.012700000	-0.039266471	0.119118277	2.184638809
0.013200000	0.000008136	0.028837232	0.013200000	-0.035554527	0.122363739	2.184638795
0.013700000	0.000008764	0.029929551	0.013700000	-0.031759592	0.125453806	2.184638780
0.014100000	0.000009283	0.030803407	0.014100000	-0.028668297	0.127811560	2.184638768
0.014600000	0.000009953	0.031895726	0.014600000	-0.024740644	0.130613069	2.184638753
0.015200000	0.000010788	0.033206509	0.015200000	-0.019943383	0.133757164	2.184638733
0.015700000	0.000011509	0.034298828	0.015700000	-0.015883884	0.136192552	2.184638717
0.016200000	0.000012254	0.035391147	0.016200000	-0.011775917	0.138457407	2.184638699
0.016800000	0.000013178	0.036701930	0.016800000	-0.006792751	0.140947130	2.184638678
0.017400000	0.000014137	0.038012713	0.017400000	-0.001763350	0.143185106	2.184638656
0.018000000	0.000015128	0.039323495	0.018000000	0.003299105	0.145168908	2.184638632
0.018700000	0.000016328	0.040852742	0.018700000	0.009229231	0.147159832	2.184638605
0.019300000	0.000017392	0.042163525	0.019300000	0.014317228	0.148587954	2.184638580
0.020000000	0.000018677	0.043692771	0.020000000	0.020239914	0.149929104	2.184638550
0.020700000	0.000020007	0.045222017	0.020700000	0.026127503	0.150921312	2.184638519
0.021400000	0.000021383	0.046751264	0.021400000	0.031958162	0.151567051	2.184638487
0.022200000	0.000023012	0.048498974	0.022200000	0.038524147	0.151885872	2.184638449
0.023000000	0.000024700	0.050246683	0.023000000	0.044955131	0.151765474	2.184638410
0.023800000	0.000026448	0.051994393	0.023800000	0.051219384	0.151216495	2.184638370
0.024600000	0.000028256	0.053742103	0.024600000	0.057285865	0.150252044	2.184638328
0.025500000	0.000030362	0.055708276	0.025500000	0.063836776	0.148689869	2.184638279
0.026400000	0.000032543	0.057674449	0.026400000	0.070058074	0.146647352	2.184638228
0.027300000	0.000034799	0.059640622	0.027300000	0.075910730	0.144153930	2.184638176
0.028300000	0.000037395	0.061825259	0.028300000	0.081937038	0.140894814	2.184638116
0.029300000	0.000040085	0.064009895	0.029300000	0.087417423	0.137169744	2.184638053
0.030300000	0.000042868	0.066194531	0.030300000	0.092311045	0.133033250	2.184637989
0.031400000	0.000046037	0.068597631	0.031400000	0.096974323	0.128077941	2.184637915
0.032500000	0.000049319	0.071000730	0.032500000	0.100846332	0.122778538	2.184637839
0.033600000	0.000052714	0.073403829	0.033600000	0.103897768	0.117221823	2.184637760
0.034800000	0.000056546	0.076025391	0.034800000	0.106268130	0.110971884	2.184637671
0.036000000	0.000060513	0.078646953	0.036000000	0.107627450	0.104641028	2.184637579
0.037300000	0.000064962	0.081486978	0.037300000	0.107963031	0.097829308	2.184637476
0.038600000	0.000069570	0.084327002	0.038600000	0.107139001	0.091211538	2.184637369
0.040000000	0.000074708	0.087385490	0.040000000	0.105003931	0.084467072	2.184637249
0.041400000	0.000080029	0.090443977	0.041400000	0.101650540	0.078285315	2.184637126
0.042900000	0.000085933	0.093720927	0.042900000	0.096819343	0.072464209	2.184636989
0.044400000	0.000092047	0.096997876	0.044400000	0.090852492	0.067640147	2.184636847
0.045900000	0.000098372	0.100274825	0.045900000	0.083920561	0.063958862	2.184636700
0.047600000	0.000105793	0.103988699	0.047600000	0.075136041	0.061315239	2.184636528
0.049200000	0.000113025	0.107484109	0.049200000	0.066219969	0.060416765	2.184636360
0.051000000	0.000121446	0.111416444	0.051000000	0.055761551	0.061326636	2.184636164
0.052800000	0.000130170	0.115348779	0.052800000	0.045203315	0.064295371	2.184635962
0.054600000	0.000139197	0.119281112	0.054600000	0.034905893	0.069288977	2.184635752
0.056600000	0.000149581	0.123650370	0.056600000	0.024188923	0.077098330	2.184635511
0.058600000	0.000160339	0.128019626	0.058600000	0.014656870	0.087089443	2.184635262
0.060600000	0.000171470	0.132388881	0.060600000	0.006699338	0.098988176	2.184635003
0.062800000	0.000184146	0.137195060	0.062800000	0.000159472	0.113879167	2.184634709
0.065000000	0.000197274	0.142001236	0.065000000	-0.003721962	0.130158511	2.184634404
0.067300000	0.000211482	0.147025873	0.067300000	-0.004667092	0.148044082	2.184634074
0.069600000	0.000226184	0.152050508	0.069600000	-0.002274693	0.166130537	2.184633733
0.072100000	0.000242725	0.157512064	0.072100000	0.004136367	0.185178916	2.184633349
0.074600000	0.000259849	0.162973618	0.074600000	0.014362811	0.202690980	2.184632951
0.077300000	0.000278999	0.168872093	0.077300000	0.029283791	0.218849321	2.184632507
0.080000000	0.000298829	0.174770564	0.080000000	0.047545132	0.231141108	2.184632047
0.082800000	0.000320113	0.180887493	0.082800000	0.068990484	0.238866919	2.184631552
0.085700000	0.000342929	0.187222879	0.085700000	0.092495850	0.240717544	2.184631023
0.088700000	0.000367359	0.193776721	0.088700000	0.116400828	0.235602674	2.184630456
0.091900000	0.000394343	0.200767481	0.091900000	0.139161174	0.222345802	2.184629829
0.095100000	0.000422283	0.207758235	0.095100000	0.156679483	0.201855825	2.184629181
0.098500000	0.000453017	0.215185904	0.098500000	0.167103702	0.173976638	2.184628467
0.102000000	0.000485783	0.222832026	0.102000000	0.167035557	0.141593897	2.184627707
0.106000000	0.000524631	0.231570441	0.106000000	0.152355800	0.104683683	2.184626805
0.109000000	0.000554747	0.238124246	0.109000000	0.131452501	0.080351362	2.184626106
0.113000000	0.000596209	0.246862641	0.113000000	0.092424999	0.056494954	2.184625143
0.117000000	0.000639165	0.255601025	0.117000000	0.044418549	0.045960332	2.184624146
0.121000000	0.000683616	0.264339397	0.121000000	-0.007571501	0.050860548	2.184623114
0.126000000	0.000741280	0.275262344	0.126000000	-0.070320578	0.078890131	2.184621775
0.130000000	0.000789092	0.284000687	0.130000000	-0.113117155	0.116943043	2.184620665
0.135000000	0.000850958	0.294923596	0.135000000	-0.151469478	0.179393796	2.184619229
0.139000000	0.000902131	0.303661908	0.139000000	-0.167101859	0.236830357	2.184618041
0.144000000	0.000968200	0.314584777	0.144000000	-0.165848652	0.311313279	2.184616508
0.149000000	0.001036602	0.325507623	0.149000000	-0.141581905	0.381081142	2.184614920
0.155000000	0.001121767	0.338615006	0.155000000	-0.085992869	0.447272406	2.184612943
0.160000000	0.001195305	0.349537798	0.160000000	-0.024363425	0.479632220	2.184611235
0.166000000	0.001286632	0.362645113	0.166000000	0.054855543	0.484399294	2.184609115
0.171000000	0.001365306	0.373567846	0.171000000	0.112643923	0.459647500	2.184607289
0.177000000	0.001462797	0.386675090	0.177000000	0.156648927	0.403114833	2.184605026
0.184000000	0.001580784	0.401966821	0.184000000	0.159321388	0.322468218	2.184602287
0.190000000	0.001685557	0.415073972	0.190000000	0.120480605	0.264302394	2.184599855
0.197000000	0.001812041	0.430365593	0.197000000	0.043632293	0.231140454	2.184596918
0.204000000	0.001943101	0.445657151	0.204000000	-0.041813950	0.243463303	2.184593876
0.211000000	0.002078736	0.460948643	0.211000000	-0.112287477	0.294918081	2.184590727
0.219000000	0.002239349	0.478424553	0.219000000	-0.156184909	0.381832906	2.184586999
0.226000000	0.002384787	0.493715899	0.226000000	-0.157810306	0.462154918	2.184583622
0.234000000	0.002556605	0.511191634	0.234000000	-0.124156459	0.536803932	2.184579634
0.242000000	0.002734398	0.528667273	0.242000000	-0.070228724	0.577364463	2.184575506
0.251000000	0.002941558	0.548327245	0.251000000	-0.015346811	0.578821614	2.184570697
0.260000000	0.003156281	0.567987085	0.260000000	0.006695099	0.551863949	2.184565713
0.269000000	0.003378566	0.587646789	0.269000000	-0.009816903	0.527502090	2.184560552
0.278000000	0.003608413	0.607306350	0.278000000	-0.047674954	0.528081990	2.184555217
0.288000000	0.003872668	0.629150136	0.288000000	-0.085437780	0.559209662	2.184549082
0.298000000	0.004146259	0.650993734	0.298000000	-0.100936707	0.601398994	2.184542731
0.309000000	0.004457993	0.675021468	0.309000000	-0.101298690	0.630705841	2.184535494
0.320000000	0.004781022	0.699048959	0.320000000	-0.118897458	0.634807119	2.184527995
0.331000000	0.005115347	0.723076198	0.331000000	-0.181672088	0.645867181	2.184520234
0.343000000	0.005492947	0.749287434	0.343000000	-0.284157002	0.721984143	2.184511468
0.355000000	0.005883990	0.775498349	0.355000000	-0.356474219	0.889699860	2.184502391
0.367000000	0.006288475	0.801708931	0.367000000	-0.326662697	1.118535239	2.184493001
0.380000000	0.006741835	0.830103341	0.380000000	-0.125940537	1.343289061	2.184482476
0.394000000	0.007247710	0.860681469	0.394000000	0.257413132	1.380129566	2.184470733
0.408000000	0.007771879	0.891259094	0.408000000	0.558456037	1.059530525	2.184458565
0.422000000	0.008314342	0.921836200	0.422000000	0.447764116	0.613661409	2.184445972
0.437000000	0.008915852	0.954596787	0.437000000	0.011136760	0.451153174	2.184432008
0.452000000	0.009538360	0.987356736	0.452000000	-0.366829918	0.649485306	2.184417557
0.468000000	0.010225513	1.022299951	0.468000000	-0.520834176	1.049775506	2.184401605
0.485000000	0.010981789	1.059426264	0.485000000	-0.356293960	1.481834914	2.184384049
0.502000000	0.011765032	1.096551665	0.502000000	0.128966951	1.652023061	2.184365866
0.520000000	0.012623740	1.135859885	0.520000000	0.577385381	1.201385073	2.184345932
0.538000000	0.013512678	1.175167009	0.538000000	0.250283419	0.573673331	2.184325296
0.557000000	0.014483796	1.216656633	0.557000000	-0.473042363	0.587348847	2.184302752
0.577000000	0.015542408	1.260328508	0.577000000	-0.918355150	1.120777885	2.184278177
0.597000000	0.016638334	1.303998883	0.597000000	-0.904576009	1.777076409	2.184252736
0.618000000	0.017829212	1.349851106	0.618000000	-0.427459326	2.199881017	2.184225090
0.640000000	0.019120914	1.397884867	0.640000000	-0.018696981	1.962760264	2.184195104
0.662000000	0.020457755	1.445916615	0.662000000	-0.314464195	1.766561424	2.184164071
0.686000000	0.021967601	1.498312508	0.686000000	-0.699931746	2.247277004	2.184129020
0.710000000	0.023531155	1.550705834	0.710000000	-0.502299994	3.163723955	2.184092724
0.735000000	0.025216961	1.605279388	0.735000000	0.810028923	3.730150405	2.184053589
0.761000000	0.027032005	1.662032716	0.761000000	1.768356563	2.478090986	2.184011454
0.788000000	0.028983550	1.720965326	0.788000000	1.088115067	1.878714163	2.183966150
0.815000000	0.031003035	1.779894204	0.815000000	0.951994449	2.228439116	2.183919269
0.844000000	0.033247776	1.843183882	0.844000000	1.568313807	2.073864658	2.183867159
0.874000000	0.035652377	1.908651110	0.874000000	1.316585418	1.170795672	2.183811338
0.905000000	0.038225207	1.976295209	0.905000000	0.557465778	1.239918864	2.183751612
0.937000000	0.040974914	2.046115449	0.937000000	0.432705914	1.621993115	2.183687779
0.970000000	0.043910419	2.118111045	0.970000000	0.447347288	1.633230765	2.183619634
1.000000000	0.046667041	2.183555641	1.000000000	0.196736397	1.703831494	2.183555641
1.040000000	0.050472848	2.270805984	1.040000000	0.109321834	2.177981046	2.183467292
1.080000000	0.054427547	2.358045526	1.080000000	0.408632705	2.422883827	2.183375487
1.110000000	0.057491257	2.423467845	1.110000000	0.607723647	2.433202582	2.183304365
1.150000000	0.061706418	2.510687491	1.150000000	0.816558434	2.328765829	2.183206514
1.190000000	0.066070355	2.597895198	1.190000000	0.869003862	2.045115640	2.183105208
1.240000000	0.071734423	2.706887415	1.240000000	0.594053761	1.859847947	2.182973722
1.280000000	0.076432938	2.794066751	1.280000000	0.352576786	1.884903451	2.182864649
1.320000000	0.081280076	2.881232808	1.320000000	0.173878063	1.968259504	2.182752127
1.370000000	0.087547924	2.990171076	1.370000000	-0.055388527	2.115820816	2.182606625
1.420000000	0.094047817	3.099087144	1.420000000	-0.296738508	2.386938992	2.182455735
1.470000000	0.100779649	3.207980209	1.470000000	-0.394652479	2.827997999	2.182299462
1.520000000	0.107743312	3.316849466	1.520000000	-0.145759522	3.287713202	2.182137807
1.580000000	0.116405565	3.447460018	1.580000000	0.521468735	3.252285081	2.181936720
1.630000000	0.123878855	3.556274073	1.630000000	0.566069992	2.634071359	2.181763235
1.690000000	0.133152316	3.686816054	1.690000000	-0.163083512	2.341106219	2.181547961
1.750000000	0.142758861	3.817318670	1.750000000	-0.848580885	2.710548548	2.181324954
1.810000000	0.152698267	3.947780540	1.810000000	-1.226326969	3.365632996	2.181094221
1.870000000	0.162970302	4.078200284	1.870000000	-1.290974166	4.118918877	2.180855767
1.940000000	0.175374433	4.230301567	1.940000000	-0.915382535	4.937241840	2.180567818
2.010000000	0.188230594	4.382341447	2.010000000	-0.180903458	5.205614638	2.180269377
2.080000000	0.201538379	4.534317739	2.080000000	0.184231943	4.883594635	2.179960451
2.150000000	0.215297368	4.686228263	2.150000000	-0.134796661	4.784181776	2.179641053
2.230000000	0.231573866	4.859756966	2.230000000	-0.488190309	5.237271347	2.179263214
2.310000000	0.248438456	5.033193681	2.310000000	-0.278391111	6.138781255	2.178871723
2.390000000	0.265890443	5.206535169	2.390000000	0.670130349	6.807525582	2.178466598
2.470000000	0.283929111	5.379778201	2.470000000	1.752954107	6.253551037	2.178047855
2.560000000	0.304922955	5.574554910	2.560000000	1.799128704	5.220847879	2.177560512
2.650000000	0.326657287	5.769198349	2.650000000	1.317546912	4.819550233	2.177055981
2.740000000	0.349130979	5.963703949	2.740000000	0.871087600	4.706200254	2.176534288
2.840000000	0.374967479	6.179654077	2.840000000	0.266488606	4.679113166	2.175934534
2.940000000	0.401713675	6.395422175	2.940000000	-0.481444503	5.004676518	2.175313665
3.040000000	0.429367857	6.611002029	3.040000000	-1.099170886	5.762175134	2.174671720
3.150000000	0.460834071	6.847915057	3.150000000	-1.283313103	6.952503959	2.173941288
3.260000000	0.493394381	7.084584602	3.260000000	-0.751073026	7.997729662	2.173185461
3.380000000	0.530159577	7.342482256	3.380000000	0.041984449	8.418697298	2.172332028
3.500000000	0.568220479	7.600069828	3.500000000	0.637369601	8.532158065	2.171448522
3.620000000	0.607573600	7.857336787	3.620000000	1.115438359	8.243274383	2.170535024
3.750000000	0.651660209	8.135668697	3.750000000	0.834610326	7.800820188	2.169511653
3.880000000	0.697254435	8.413598766	3.880000000	0.294076900	8.060326271	2.168453290
4.010000000	0.744351403	8.691113805	4.010000000	0.116480232	8.503513153	2.167360051
4.160000000	0.800554793	9.010790615	4.160000000	-0.303295551	8.868841341	2.166055436
4.300000000	0.854803282	9.308623690	4.300000000	-0.834261914	9.895310360	2.164796207
4.450000000	0.914838873	9.627141815	4.450000000	-0.405259824	11.477156346	2.163402655
4.610000000	0.981047836	9.966201415	4.610000000	0.669866517	12.281611666	2.161865817
4.770000000	1.049487424	10.304522307	4.770000000	1.999387162	12.561709013	2.160277213
4.940000000	1.124636332	10.663152469	4.940000000	2.694024994	11.897281569	2.158532888
5.120000000	1.206921938	11.041909382	5.120000000	2.538459447	11.608931435	2.156622926
5.300000000	1.291985047	11.419637117	5.300000000	2.480449190	11.800087104	2.154648513
5.480000000	1.379808574	11.796303053	5.480000000	2.670327957	12.016756606	2.152610046
5.680000000	1.480606392	12.213536206	5.680000000	2.725787113	11.873607076	2.150270459
5.880000000	1.584765578	12.629374930	5.880000000	2.201789914	11.933127644	2.147852879
6.090000000	1.697722415	13.064457609	6.090000000	1.599099917	12.779801945	2.145231134
6.300000000	1.814326523	13.497906054	6.300000000	1.761663350	14.167408980	2.142524771
6.520000000	1.940361021	13.950189187	6.520000000	3.005546115	15.027753883	2.139599569
6.750000000	2.076327453	14.420996307	6.750000000	3.931950331	14.562548781	2.136443897
6.990000000	2.222739960	14.909990389	6.990000000	3.788513635	14.231908042	2.133045835
7.240000000	2.380123582	15.416806835	7.240000000	3.586853923	14.489009590	2.129393209
7.490000000	2.542419282	15.920943606	7.490000000	3.577237694	14.670166101	2.125626650
7.760000000	2.723146476	16.462315530	7.760000000	3.173294351	15.008346123	2.121432414
8.030000000	2.909455278	17.000383121	8.030000000	2.673989628	15.860292970	2.117108732
8.310000000	3.108474907	17.554793328	8.310000000	3.136499906	17.007986894	2.112490172
8.610000000	3.328173454	18.144643804	8.610000000	3.966603233	17.698056116	2.107391847
8.910000000	3.554446582	18.730077088	8.910000000	4.487175794	17.509987361	2.102141087
9.220000000	3.795045401	19.330265171	9.220000000	4.260888589	17.389451976	2.096558045
9.550000000	4.058597115	19.963726484	9.550000000	4.126315784	17.342461898	2.090442564
9.890000000	4.337982770	20.610363170	9.890000000	2.882614257	17.262000295	2.083959876
10.200000000	4.599508045	21.194496366	10.200000000	1.251690723	18.389269636	2.077891801
10.600000000	4.946301163	21.940363093	10.600000000	-0.469079511	21.455852961	2.069845575
11.000000000	5.303340349	22.677181633	11.000000000	-0.050091335	26.232371436	2.061561967
11.400000000	5.670319391	23.404748478	11.400000000	4.297289548	29.805275856	2.053048112
11.800000000	6.046927983	24.122872663	11.800000000	8.442354221	28.839639597	2.044311243
12.200000000	6.432852315	24.831375778	12.200000000	9.602403711	27.435668654	2.035358670
12.600000000	6.827775657	25.530091967	12.600000000	10.451363421	27.053873253	2.026197775
13.000000000	7.231378931	26.218867885	13.000000000	11.389504118	26.016253894	2.016835991
13.500000000	7.747600240	27.065645796	13.500000000	10.479808212	24.547242884	2.004862652
14.000000000	8.276253257	27.896424680	14.000000000	8.627788297	25.411753847	1.992601763
14.500000000	8.816707346	28.710986198	14.500000000	8.479355699	28.015676537	1.980068014
15.000000000	9.368332049	29.509141304	15.000000000	10.616781274	29.287904256	1.967276087
15.500000000	9.930498593	30.290729681	15.500000000	11.283595340	28.742571626	1.954240625
16.100000000	10.618133060	31.206583413	16.100000000	10.829462454	28.695842299	1.938297106
16.600000000	11.201295765	31.951298050	16.600000000	10.006780994	30.023839449	1.924776991
17.200000000	11.912333155	32.822650174	17.200000000	10.737592492	32.447338575	1.908293615
17.800000000	12.634646256	33.669597784	17.800000000	12.533806231	33.944386934	1.891550437
18.400000000	13.367205511	34.492114028	18.400000000	13.700013352	34.077721793	1.874571415
19.100000000	14.233462608	35.420869210	19.100000000	14.850236462	34.733046437	1.854495770
19.800000000	15.110729007	36.316515052	19.800000000	15.760507567	35.265470997	1.834167427
20.500000000	15.997486680	37.179244468	20.500000000	16.485062205	35.928764535	1.813621681
21.200000000	16.892267206	38.009324540	21.200000000	17.464976752	35.934332174	1.792892667
21.900000000	17.793654909	38.807090849	21.900000000	17.423475564	36.205101502	1.772013281
22.700000000	18.830160253	39.679769627	22.700000000	16.955653493	37.506161273	1.748007473
23.500000000	19.871581789	40.511450441	23.500000000	17.700407037	39.962263278	1.723891508
24.300000000	20.916081539	41.302905545	24.300000000	19.944890718	41.814128188	1.699708047
25.200000000	22.092666484	42.146269345	25.200000000	22.618721989	42.121183249	1.672471006
26.100000000	23.268639674	42.941105332	26.100000000	24.381194940	41.794743881	1.645253078
27.000000000	24.441852730	43.688809083	27.000000000	25.834770927	41.101629106	1.618104040
28.000000000	25.739777906	44.466099468	28.000000000	25.894815456	39.543659619	1.588074981
28.900000000	26.900844721	45.119189733	28.900000000	24.199059337	39.310000815	1.561217638
30.000000000	28.308355599	45.859994674	30.000000000	22.490672615	41.420305375	1.528666489
31.000000000	29.574741024	46.480953461	31.000000000	22.085828369	44.683271213	1.499385596
32.100000000	30.951063441	47.108991044	32.100000000	23.211909201	48.545932862	1.467569814
33.200000000	32.307859372	47.682259894	33.200000000	26.871043732	52.696788089	1.436212647
34.400000000	33.763609070	48.248633945	34.400000000	32.455370617	52.571901827	1.402576568
35.600000000	35.191981379	48.757089169	35.600000000	35.151849123	51.850723115	1.369581156
36.900000000	36.706597493	49.246823099	36.900000000	36.723806412	50.003930915	1.334602252
38.200000000	38.185503240	49.677444610	38.200000000	36.830494606	49.519921486	1.300456665
39.500000000	39.627431029	50.053330180	39.500000000	38.379323268	51.426592750	1.267172916
40.900000000	41.137878706	50.401719728	40.900000000	40.851426601	50.293756998	1.232315886
42.400000000	42.706615687	50.715590683	42.400000000	41.073538467	48.785206994	1.196122422
43.900000000	44.223606391	50.973644353	43.900000000	39.579811639	49.322987519	1.161130851
45.400000000	45.688803780	51.181277200	45.400000000	39.267319283	52.271252834	1.127340907
47.000000000	47.194931016	51.352831599	47.000000000	42.037306139	55.537015291	1.092613438
48.700000000	48.731795447	51.484809145	48.700000000	46.295397503	55.798857959	1.057182939
50.400000000	50.204543210	51.571032491	50.400000000	47.833008663	54.341141008	1.023234772
52.200000000	51.695725670	51.618718857	52.200000000	47.780169870	55.071632194	0.988864346
54.000000000	53.118798533	51.627485756	54.000000000	49.709801745	57.365243000	0.956064551
55.900000000	54.549556652	51.600520351	55.900000000	53.345277748	57.954500684	0.923086232
57.900000000	55.979498571	51.538102746	57.900000000	55.605075252	57.240721715	0.890122673
59.900000000	57.334746426	51.446566166	59.900000000	57.520811009	58.159007199	0.858874226
62.000000000	58.681180780	51.324772205	62.000000000	61.827194745	56.986512292	0.827818907
64.200000000	60.011915288	51.174561228	64.200000000	63.559906801	53.710055712	0.797111546
66.500000000	61.320686626	50.998327333	66.500000000	62.311258647	52.269876843	0.766892140
68.800000000	62.550166765	50.807485357	68.800000000	62.154895232	52.952078048	0.738480892
71.300000000	63.802311660	50.588520271	71.300000000	62.742306964	53.701491033	0.709516413
73.800000000	64.972503393	50.362088418	73.800000000	63.848271792	55.409264028	0.682413122
76.400000000	66.108623960	50.122858169	76.400000000	67.110485617	56.942109016	0.656058353
79.100000000	67.207447453	49.874199374	79.100000000	70.681135636	55.632336144	0.630520852
81.900000000	68.266350373	49.619550290	81.900000000	72.183765137	53.517326571	0.605855315
84.700000000	69.249492358	49.371080052	84.700000000	72.493217286	52.261673841	0.582893507
87.700000000	70.225477665	49.114348914	87.700000000	72.515051998	52.041890806	0.560026784
90.800000000	71.156786743	48.861653303	90.800000000	73.849096690	52.502687481	0.538123935
94.000000000	72.042813337	48.616141133	94.000000000	75.411684078	52.265965634	0.517192991
97.300000000	72.883337049	48.380784524	97.300000000	76.946107087	51.474595619	0.497233140
101.000000000	73.745397392	48.139735724	101.000000000	77.838067084	50.662396100	0.476631047
104.000000000	74.387513345	47.962632927	104.000000000	78.543960141	50.362229006	0.461179163
108.000000000	75.171806610	47.752509178	108.000000000	79.142073254	49.606884168	0.442152863
112.000000000	75.881642588	47.572222587	112.000000000	80.257928253	49.120920592	0.424751987
116.000000000	76.524455670	47.421528453	116.000000000	80.308951426	48.335980133	0.408806280
120.000000000	77.106803986	47.299898506	120.000000000	79.850836881	48.177424619	0.394165821
124.000000000	77.634480018	47.206604282	124.000000000	80.418445669	48.927459267	0.380698422
128.000000000	78.112607391	47.140780481	128.000000000	81.228142794	48.718209392	0.368287348
133.000000000	78.647454301	47.095671967	133.000000000	81.602808402	48.349844047	0.354102797
138.000000000	79.119696699	47.090019511	138.000000000	81.462963654	49.255400773	0.341232025
143.000000000	79.536036356	47.121801032	143.000000000	82.302848073	50.160706278	0.329523084
148.000000000	79.902277032	47.188999487	148.000000000	83.705508309	50.368539155	0.318844591
153.000000000	80.223458899	47.289640174	153.000000000	84.689464168	50.496429656	0.309082616
158.000000000	80.503971255	47.421815118	158.000000000	85.140201976	50.283184257	0.300138070
