1.000000000000000021e-02	2.800160000000000106e-04	1.394475599999999982e-01	1.000000000000000021e-02	-1.677576080000000025e-01	2.292917140000000076e-01	1.394475598900000080e+01
1.035261699999999972e-02	3.001120000000000025e-04	1.443646719999999994e-01	1.035261699999999972e-02	-1.639953449999999868e-01	2.360367359999999970e-01	1.394475096400000069e+01
1.071766900000000085e-02	3.216490000000000234e-04	1.494551650000000009e-01	1.071766900000000085e-02	-1.600078080000000014e-01	2.428795609999999938e-01	1.394474557899999922e+01
1.109559300000000082e-02	3.447330000000000077e-04	1.547251520000000047e-01	1.109559300000000082e-02	-1.557853839999999990e-01	2.498096099999999875e-01	1.394473980599999940e+01
1.148684300000000005e-02	3.694729999999999911e-04	1.601809600000000111e-01	1.148684300000000005e-02	-1.513187149999999925e-01	2.568146550000000028e-01	1.394473361999999916e+01
1.189188899999999924e-02	3.959890000000000198e-04	1.658291410000000132e-01	1.189188899999999924e-02	-1.465988530000000012e-01	2.638806639999999870e-01	1.394472698999999949e+01
1.231121699999999930e-02	4.244070000000000177e-04	1.716764789999999929e-01	1.231121699999999930e-02	-1.416174420000000100e-01	2.709916499999999728e-01	1.394471988399999951e+01
1.274533299999999932e-02	4.548649999999999894e-04	1.777299950000000017e-01	1.274533299999999932e-02	-1.363669259999999994e-01	2.781295169999999928e-01	1.394471226799999997e+01
1.319475500000000072e-02	4.875090000000000109e-04	1.839969569999999888e-01	1.319475500000000072e-02	-1.308408030000000055e-01	2.852738980000000257e-01	1.394470410499999957e+01
1.366002499999999925e-02	5.224960000000000064e-04	1.904848919999999890e-01	1.366002499999999925e-02	-1.250339169999999944e-01	2.924019999999999953e-01	1.394469535700000051e+01
1.414170200000000079e-02	5.599929999999999491e-04	1.972015890000000105e-01	1.414170200000000079e-02	-1.189427970000000029e-01	2.994884540000000150e-01	1.394468598099999923e+01
1.464036299999999999e-02	6.001819999999999941e-04	2.041551149999999981e-01	1.464036299999999999e-02	-1.125660510000000003e-01	3.065051779999999892e-01	1.394467593200000088e+01
1.515660800000000023e-02	6.432540000000000046e-04	2.113538179999999989e-01	1.515660800000000023e-02	-1.059048179999999978e-01	3.134212530000000108e-01	1.394466516099999964e+01
1.569105599999999837e-02	6.894180000000000186e-04	2.188063419999999870e-01	1.569105599999999837e-02	-9.896328499999999806e-02	3.202028310000000211e-01	1.394465361800000025e+01
1.624435000000000115e-02	7.388940000000000308e-04	2.265216349999999990e-01	1.624435000000000115e-02	-9.174927800000000355e-02	3.268130759999999801e-01	1.394464124699999985e+01
1.681715400000000082e-02	7.919210000000000095e-04	2.345089599999999885e-01	1.681715400000000082e-02	-8.427492999999999790e-02	3.332121510000000120e-01	1.394462798700000050e+01
1.741015699999999902e-02	8.487539999999999581e-04	2.427779089999999862e-01	1.741015699999999902e-02	-7.655742899999999629e-02	3.393572799999999834e-01	1.394461377600000063e+01
1.802406900000000020e-02	9.096650000000000395e-04	2.513384069999999859e-01	1.802406900000000020e-02	-6.861985900000000527e-02	3.452028730000000212e-01	1.394459854599999993e+01
1.865962900000000049e-02	9.749469999999999881e-04	2.602007339999999891e-01	1.865962900000000049e-02	-6.049213199999999707e-02	3.507007779999999908e-01	1.394458222199999931e+01
1.931760000000000074e-02	1.044914000000000086e-03	2.693755290000000024e-01	1.931760000000000074e-02	-5.221200200000000041e-02	3.558006380000000024e-01	1.394456472699999949e+01
1.999877300000000094e-02	1.119902000000000094e-03	2.788738049999999746e-01	1.999877300000000094e-02	-4.382618499999999667e-02	3.604504290000000166e-01	1.394454597600000056e+01
2.070396399999999831e-02	1.200270999999999933e-03	2.887069669999999810e-01	2.070396399999999831e-02	-3.539154299999999753e-02	3.645971709999999977e-01	1.394452588000000048e+01
2.143402200000000049e-02	1.286407999999999953e-03	2.988868179999999986e-01	2.143402200000000049e-02	-2.697635099999999911e-02	3.681878809999999946e-01	1.394450434200000011e+01
2.218982300000000088e-02	1.378726000000000040e-03	3.094255770000000072e-01	2.218982300000000088e-02	-1.866160000000000041e-02	3.711707949999999978e-01	1.394448125799999971e+01
2.297227500000000033e-02	1.477669999999999938e-03	3.203358949999999816e-01	2.297227500000000033e-02	-1.054233100000000027e-02	3.734969069999999891e-01	1.394445651700000077e+01
2.378231800000000021e-02	1.583713000000000048e-03	3.316308680000000231e-01	2.378231800000000021e-02	-2.728926000000000008e-03	3.751218800000000186e-01	1.394443000200000071e+01
2.462092399999999889e-02	1.697366000000000066e-03	3.433240519999999907e-01	2.462092399999999889e-02	4.651665999999999614e-03	3.760083619999999849e-01	1.394440158299999943e+01
2.548910100000000012e-02	1.819174999999999915e-03	3.554294809999999916e-01	2.548910100000000012e-02	1.145487499999999978e-02	3.761287750000000263e-01	1.394437112499999998e+01
2.638789100000000012e-02	1.949725000000000026e-03	3.679616849999999828e-01	2.638789100000000012e-02	1.751770399999999853e-02	3.754686010000000129e-01	1.394433848199999915e+01
2.731837399999999944e-02	2.089642999999999969e-03	3.809357010000000154e-01	2.731837399999999944e-02	2.265828799999999865e-02	3.740302010000000066e-01	1.394430349599999985e+01
2.828166799999999939e-02	2.239601999999999826e-03	3.943670989999999987e-01	2.828166799999999939e-02	2.667597099999999971e-02	3.718371799999999894e-01	1.394426599900000063e+01
2.927892899999999868e-02	2.400320999999999965e-03	4.082719949999999987e-01	2.927892899999999868e-02	2.935205000000000106e-02	3.689392870000000046e-01	1.394422581200000089e+01
3.031135500000000163e-02	2.572574000000000215e-03	4.226670730000000042e-01	3.031135500000000163e-02	3.045138000000000011e-02	3.654177920000000190e-01	1.394418274200000063e+01
3.138018599999999741e-02	2.757186000000000012e-03	4.375696040000000009e-01	3.138018599999999741e-02	2.972502999999999951e-02	3.613912670000000160e-01	1.394413658000000034e+01
3.248670699999999661e-02	2.955045999999999801e-03	4.529974660000000153e-01	3.248670699999999661e-02	2.691421299999999933e-02	3.570216010000000217e-01	1.394408710699999965e+01
3.363224499999999811e-02	3.167103000000000106e-03	4.689691650000000211e-01	3.363224499999999811e-02	2.175568099999999894e-02	3.525200560000000261e-01	1.394403408400000011e+01
3.481817599999999929e-02	3.394377000000000071e-03	4.855038589999999821e-01	3.481817599999999929e-02	1.398876400000000075e-02	3.481530729999999796e-01	1.394397725600000015e+01
3.604592599999999897e-02	3.637958000000000164e-03	5.026213779999999520e-01	3.604592599999999897e-02	3.364198000000000102e-03	3.442474640000000030e-01	1.394391635000000029e+01
3.731696799999999897e-02	3.899016999999999847e-03	5.203422500000000062e-01	3.731696799999999897e-02	-1.034520599999999915e-02	3.411945769999999989e-01	1.394385107499999954e+01
3.863282999999999995e-02	4.178806999999999661e-03	5.386877239999999789e-01	3.863282999999999995e-02	-2.733207099999999945e-02	3.394529319999999850e-01	1.394378111700000034e+01
3.999509100000000344e-02	4.478672999999999856e-03	5.576797949999999782e-01	3.999509100000000344e-02	-4.774031599999999792e-02	3.395488309999999954e-01	1.394370613799999958e+01
4.140538800000000130e-02	4.800053999999999779e-03	5.773412319999999820e-01	4.140538800000000130e-02	-7.164965399999999318e-02	3.420744050000000258e-01	1.394362578099999972e+01
4.286541399999999752e-02	5.144494000000000324e-03	5.976956009999999653e-01	4.286541399999999752e-02	-9.905918099999999615e-02	3.476826630000000029e-01	1.394353965800000061e+01
4.437692299999999868e-02	5.513645999999999651e-03	6.187672960000000222e-01	4.437692299999999868e-02	-1.298706430000000078e-01	3.570791509999999835e-01	1.394344735700000015e+01
4.594173099999999954e-02	5.909283000000000417e-03	6.405815679999999901e-01	4.594173099999999954e-02	-1.638720780000000043e-01	3.710100319999999896e-01	1.394334843400000068e+01
4.756171700000000335e-02	6.333306000000000352e-03	6.631645510000000465e-01	4.756171700000000335e-02	-2.007225770000000131e-01	3.902465660000000169e-01	1.394324241400000020e+01
4.923882599999999943e-02	6.787747999999999698e-03	6.865432970000000523e-01	4.923882599999999943e-02	-2.399388779999999943e-01	4.155661829999999779e-01	1.394312878899999930e+01
5.097507300000000269e-02	7.274792999999999885e-03	7.107458049999999528e-01	5.097507300000000269e-02	-2.808844039999999764e-01	4.477305710000000216e-01	1.394300701200000070e+01
5.277254399999999762e-02	7.796779000000000209e-03	7.358010569999999806e-01	5.277254399999999762e-02	-3.227611249999999821e-01	4.874613139999999789e-01	1.394287650000000056e+01
5.463339600000000074e-02	8.356209999999999333e-03	7.617390459999999752e-01	5.463339600000000074e-02	-3.646043299999999765e-01	5.354136849999999725e-01	1.394273662700000038e+01
5.655986500000000083e-02	8.955772000000000732e-03	7.885908169999999995e-01	5.655986500000000083e-02	-4.052800590000000258e-01	5.921490959999999859e-01	1.394258672099999963e+01
5.855426400000000170e-02	9.598341999999999291e-03	8.163884999999999614e-01	5.855426400000000170e-02	-4.434845969999999804e-01	6.581064110000000023e-01	1.394242606199999912e+01
6.061898999999999760e-02	1.028700400000000063e-02	8.451653479999999830e-01	6.061898999999999760e-02	-4.777451639999999999e-01	7.335718119999999898e-01	1.394225388099999918e+01
6.275652099999999567e-02	1.102506200000000040e-02	8.749557740000000194e-01	6.275652099999999567e-02	-5.064208470000000073e-01	8.186461830000000273e-01	1.394206935100000067e+01
6.496942599999999679e-02	1.181605800000000081e-02	9.057953949999999477e-01	6.496942599999999679e-02	-5.277029619999999976e-01	9.132079709999999517e-01	1.394187158799999970e+01
6.726036200000000409e-02	1.266378500000000032e-02	9.377210679999999909e-01	6.726036200000000409e-02	-5.396146360000000364e-01	1.016868281000000040e+00	1.394165964199999941e+01
6.963207899999999950e-02	1.357231000000000062e-02	9.707709350000000015e-01	6.963207899999999950e-02	-5.400105549999999477e-01	1.128913534999999913e+00	1.394143249799999928e+01
7.208742799999999507e-02	1.454599099999999944e-02	1.004984466000000021e+00	7.208742799999999507e-02	-5.265799060000000420e-01	1.248229449000000102e+00	1.394118906699999982e+01
7.462935699999999339e-02	1.558949500000000009e-02	1.040402504000000006e+00	7.462935699999999339e-02	-4.968589330000000026e-01	1.373198611999999930e+00	1.394092818300000047e+01
7.726091799999999787e-02	1.670782700000000148e-02	1.077067312999999915e+00	7.726091799999999787e-02	-4.482649000000000217e-01	1.501562915999999914e+00	1.394064859400000067e+01
7.998527299999999562e-02	1.790634699999999954e-02	1.115022622999999991e+00	7.998527299999999562e-02	-3.781714970000000231e-01	1.630242621999999919e+00	1.394034896199999984e+01
8.280569399999999913e-02	1.919080000000000091e-02	1.154313678999999926e+00	8.280569399999999913e-02	-2.840577169999999874e-01	1.755107935999999924e+00	1.394002785099999997e+01
8.572556700000000252e-02	2.056733999999999993e-02	1.194987295000000005e+00	8.572556700000000252e-02	-1.637784519999999910e-01	1.870710606999999914e+00	1.393968372400000000e+01
8.874840100000000453e-02	2.204256300000000113e-02	1.237091906000000074e+00	8.874840100000000453e-02	-1.602365899999999913e-02	1.970008889999999901e+00	1.393931493200000027e+01
9.187782399999999683e-02	2.362353500000000106e-02	1.280677615999999963e+00	9.187782399999999683e-02	1.589537209999999923e-01	2.044169067999999978e+00	1.393891971100000049e+01
9.511759699999999818e-02	2.531782600000000161e-02	1.325796259999999949e+00	9.511759699999999818e-02	3.582729190000000230e-01	2.082610263999999933e+00	1.393849617000000052e+01
9.847161000000000108e-02	2.713354800000000039e-02	1.372501457999999896e+00	9.847161000000000108e-02	5.750332500000000513e-01	2.073574403999999927e+00	1.393804228299999970e+01
1.019438909999999948e-01	2.907939199999999905e-02	1.420848671999999979e+00	1.019438909999999948e-01	7.968086410000000397e-01	2.005607121000000159e+00	1.393755587799999951e+01
1.055386100000000049e-01	3.116466799999999954e-02	1.470895266999999951e+00	1.055386100000000049e-01	1.004615967000000110e+00	1.870300526999999935e+00	1.393703463199999959e+01
1.092600860000000063e-01	3.339935100000000073e-02	1.522700573999999918e+00	1.092600860000000063e-01	1.173398724999999976e+00	1.666250664999999964e+00	1.393647605299999981e+01
1.131127880000000058e-01	3.579412800000000144e-02	1.576325948999999893e+00	1.131127880000000058e-01	1.275217739999999988e+00	1.403247426999999936e+00	1.393587747299999968e+01
1.171013419999999972e-01	3.836044400000000049e-02	1.631834843000000035e+00	1.171013419999999972e-01	1.285537734999999904e+00	1.104536281999999980e+00	1.393523603400000077e+01
1.212305399999999977e-01	4.111056300000000274e-02	1.689292862000000062e+00	1.212305399999999977e-01	1.190988589000000042e+00	8.046801810000000499e-01	1.393454867500000027e+01
1.255053409999999925e-01	4.405762099999999820e-02	1.748767839000000102e+00	1.255053409999999925e-01	9.949420429999999982e-01	5.423390089999999830e-01	1.393381211800000052e+01
1.299308779999999997e-01	4.721568699999999924e-02	1.810329897999999993e+00	1.299308779999999997e-01	7.174698779999999498e-01	3.506162970000000212e-01	1.393302285200000057e+01
1.345124679999999961e-01	5.059983199999999737e-02	1.874051531000000104e+00	1.345124679999999961e-01	3.894493849999999813e-01	2.496088539999999911e-01	1.393217711500000000e+01
1.392556130000000003e-01	5.422619699999999682e-02	1.940007664999999992e+00	1.392556130000000003e-01	4.413484699999999789e-02	2.442659050000000054e-01	1.393127088099999966e+01
1.441660090000000116e-01	5.811206900000000231e-02	2.008275733000000063e+00	1.441660090000000116e-01	-2.897486260000000091e-01	3.271237269999999753e-01	1.393029983699999974e+01
1.492495550000000060e-01	6.227596099999999774e-02	2.078935754999999830e+00	1.492495550000000060e-01	-5.914034809999999531e-01	4.831856460000000242e-01	1.392925936700000022e+01
1.545123549999999901e-01	6.673769899999999755e-02	2.152070405999999991e+00	1.545123549999999901e-01	-8.483018770000000375e-01	6.943791249999999859e-01	1.392814452600000052e+01
1.599607299999999954e-01	7.151851200000000630e-02	2.227765095000000084e+00	1.599607299999999954e-01	-1.055026103000000104e+00	9.424623739999999916e-01	1.392695002199999976e+01
1.656012249999999908e-01	7.664113399999999965e-02	2.306108043000000052e+00	1.656012249999999908e-01	-1.211997640000000098e+00	1.210549936999999909e+00	1.392567018799999978e+01
1.714406139999999912e-01	8.212990100000000515e-02	2.387190357000000152e+00	1.714406139999999912e-01	-1.324784350000000055e+00	1.484097342000000097e+00	1.392429895999999978e+01
1.774859089999999973e-01	8.801087100000000440e-02	2.471106112999999826e+00	1.774859089999999973e-01	-1.403860118999999962e+00	1.752337648999999997e+00	1.392282984600000084e+01
1.837443719999999892e-01	9.431193899999999741e-02	2.557952429000000194e+00	1.837443719999999892e-01	-1.463846398999999909e+00	2.010825408000000092e+00	1.392125589699999999e+01
1.902235200000000070e-01	1.010629620000000062e-01	2.647829542999999841e+00	1.902235200000000070e-01	-1.520670935000000057e+00	2.264680166000000217e+00	1.391956968000000039e+01
1.969311340000000077e-01	1.082959010000000000e-01	2.740840894000000194e+00	1.969311340000000077e-01	-1.585615017000000071e+00	2.530474663000000124e+00	1.391776323799999915e+01
2.038752699999999973e-01	1.160449570000000041e-01	2.837093198999999899e+00	2.038752699999999973e-01	-1.657477574000000065e+00	2.833993050000000125e+00	1.391582806099999914e+01
2.110642679999999993e-01	1.243467340000000004e-01	2.936696522000000087e+00	2.110642679999999993e-01	-1.716214153999999992e+00	3.203140982999999942e+00	1.391375504400000018e+01
2.185067629999999927e-01	1.332403950000000115e-01	3.039764357000000139e+00	2.185067629999999927e-01	-1.719870175000000057e+00	3.658410640000000047e+00	1.391153444699999930e+01
2.262116929999999915e-01	1.427678410000000064e-01	3.146413695000000121e+00	2.262116929999999915e-01	-1.601990609000000010e+00	4.201804755000000391e+00	1.390915585599999993e+01
2.341883130000000091e-01	1.529738939999999991e-01	3.256765092999999833e+00	2.341883130000000091e-01	-1.266396284000000039e+00	4.795486856000000131e+00	1.390660813500000081e+01
2.424462019999999995e-01	1.639064980000000116e-01	3.370942744000000157e+00	2.424462019999999995e-01	-5.947221689999999672e-01	5.306451307999999756e+00	1.390387937700000087e+01
2.509952779999999883e-01	1.756169230000000081e-01	3.489074535999999949e+00	2.509952779999999883e-01	4.478943479999999977e-01	5.408276179999999655e+00	1.390095685600000053e+01
2.598458100000000104e-01	1.881599939999999971e-01	3.611292113999999831e+00	2.598458100000000104e-01	1.464785929000000042e+00	4.659297428000000352e+00	1.389782697200000072e+01
2.690084280000000216e-01	2.015943219999999925e-01	3.737730925999999787e+00	2.690084280000000216e-01	1.554687281000000088e+00	3.261713390000000157e+00	1.389447519099999973e+01
2.784941349999999760e-01	2.159825589999999906e-01	3.868530278000000155e+00	2.784941349999999760e-01	5.477884520000000368e-01	2.298282534999999793e+00	1.389088598999999924e+01
2.883143249999999824e-01	2.313916580000000001e-01	4.003833366000000282e+00	2.883143249999999824e-01	-7.493148800000000165e-01	2.256281169000000197e+00	1.388704279000000064e+01
2.984807919999999948e-01	2.478931620000000002e-01	4.143787307000000197e+00	2.984807919999999948e-01	-1.798564019999999930e+00	2.859182464999999951e+00	1.388292788799999933e+01
3.090057460000000256e-01	2.655634929999999838e-01	4.288543162999999936e+00	3.090057460000000256e-01	-2.486335067999999815e+00	3.814997517000000116e+00	1.387852238900000046e+01
3.199018279999999992e-01	2.844842730000000097e-01	4.438255948000000117e+00	3.199018279999999992e-01	-2.784924365000000179e+00	4.981942258000000123e+00	1.387380612599999985e+01
3.311821260000000211e-01	3.047426509999999755e-01	4.593084623000000200e+00	3.311821260000000211e-01	-2.593850874999999778e+00	6.227594127999999785e+00	1.386875759099999961e+01
3.428601860000000112e-01	3.264316540000000155e-01	4.753192080999999902e+00	3.428601860000000112e-01	-1.836668691000000075e+00	7.199855086000000348e+00	1.386335384100000034e+01
3.549500360000000243e-01	3.496505560000000012e-01	4.918745115000000112e+00	3.549500360000000243e-01	-9.623248170000000545e-01	7.438837850999999723e+00	1.385757042200000022e+01
3.674661940000000238e-01	3.745052649999999761e-01	5.089914358999999777e+00	3.674661940000000238e-01	-7.508511740000000101e-01	7.351349084999999839e+00	1.385138127299999944e+01
3.804236939999999789e-01	4.011087249999999993e-01	5.266874224000000382e+00	3.804236939999999789e-01	-9.721184339999999757e-01	7.834989203000000124e+00	1.384475863499999981e+01
3.938380980000000253e-01	4.295813479999999740e-01	5.449802799999999614e+00	3.938380980000000253e-01	-7.753709340000000116e-01	9.047681636000000083e+00	1.383767294999999997e+01
4.077255180000000090e-01	4.600514520000000274e-01	5.638881733999999923e+00	4.077255180000000090e-01	6.371470679999999831e-01	1.032945072000000053e+01	1.383009276399999976e+01
4.221026319999999776e-01	4.926557309999999856e-01	5.834296088000000324e+00	4.221026319999999776e-01	2.912313102000000153e+00	1.001944766499999950e+01	1.382198462000000028e+01
4.369867080000000015e-01	5.275397349999999541e-01	6.036234156999999989e+00	4.369867080000000015e-01	3.669370033999999947e+00	8.366552567999999468e+00	1.381331294900000017e+01
4.523956230000000245e-01	5.648583750000000236e-01	6.244887260999999690e+00	4.523956230000000245e-01	3.285294573999999912e+00	7.620386388000000011e+00	1.380403996000000078e+01
4.683478830000000204e-01	6.047764420000000252e-01	6.460449493999999682e+00	4.683478830000000204e-01	3.224309417000000177e+00	7.446490430999999965e+00	1.379412552600000019e+01
4.848626480000000072e-01	6.474691430000000247e-01	6.683117435999999856e+00	4.848626480000000072e-01	3.143589219999999962e+00	7.069200616999999909e+00	1.378352707099999996e+01
5.019597519999999813e-01	6.931226579999999471e-01	6.913089822999999967e+00	5.019597519999999813e-01	2.732134584999999838e+00	7.143385619000000020e+00	1.377219944700000021e+01
5.196597299999999864e-01	7.419347050000000277e-01	7.150567162999999837e+00	5.196597299999999864e-01	3.155300967000000067e+00	7.717575294000000419e+00	1.376009482199999923e+01
5.379838399999999909e-01	7.941151210000000349e-01	7.395751308000000357e+00	5.379838399999999909e-01	4.357019191000000014e+00	6.690346755000000201e+00	1.374716256099999967e+01
5.569540910000000400e-01	8.498864489999999883e-01	7.648844963000000163e+00	5.569540910000000400e-01	2.952576339000000161e+00	4.838421148000000116e+00	1.373334910800000053e+01
5.765932649999999660e-01	9.094845339999999556e-01	7.910051138000000037e+00	5.765932649999999660e-01	7.530339849999999613e-01	5.547667494999999782e+00	1.371859787300000022e+01
5.969249509999999814e-01	9.731591250000000137e-01	8.179572540000000558e+00	5.969249509999999814e-01	1.253012239999999888e-01	7.639887566999999713e+00	1.370284912099999985e+01
6.179735680000000286e-01	1.041174467000000048e+00	8.457610887999999605e+00	6.179735680000000286e-01	1.677586317999999910e+00	9.188803212999999914e+00	1.368603987100000019e+01
6.397643960000000130e-01	1.113809892999999995e+00	8.744366162000000386e+00	6.397643960000000130e-01	3.267961984999999903e+00	8.020603437000000113e+00	1.366810379300000022e+01
6.623236059999999537e-01	1.191360401000000069e+00	9.040035771999999525e+00	6.623236059999999537e-01	2.419965001000000004e+00	6.432233244999999933e+00	1.364897112100000065e+01
6.856782940000000215e-01	1.274137218999999988e+00	9.344813649000000666e+00	6.856782940000000215e-01	3.902685599999999866e-01	6.413127659999999786e+00	1.362856857999999960e+01
7.098565079999999972e-01	1.362468330000000005e+00	9.658889249999999649e+00	7.098565079999999972e-01	-1.173833421999999960e+00	8.194073322999999576e+00	1.360681931599999928e+01
7.348872889999999991e-01	1.456698979000000005e+00	9.982446477999999956e+00	7.348872889999999991e-01	-7.290411270000000110e-01	1.075566870799999997e+01	1.358364285799999926e+01
7.608006990000000247e-01	1.557192125999999899e+00	1.031566250800000084e+01	7.608006990000000247e-01	1.012629221999999940e+00	1.108213892400000056e+01	1.355895508499999913e+01
7.876278610000000402e-01	1.664328849999999971e+00	1.065870652899999982e+01	7.876278610000000402e-01	8.141678660000000178e-01	1.093550497600000071e+01	1.353266822400000002e+01
8.154009960000000445e-01	1.778508690000000003e+00	1.101173838799999949e+01	8.154009960000000445e-01	5.396012730000000479e-01	1.180840221100000065e+01	1.350469087699999982e+01
8.441534600000000221e-01	1.900149906000000000e+00	1.137490715000000030e+01	8.441534600000000221e-01	1.096216532999999993e+00	1.348231369500000021e+01	1.347492807299999917e+01
8.739197859999999762e-01	2.029689660999999923e+00	1.174834955699999917e+01	8.739197859999999762e-01	2.997997092999999946e+00	1.313958416000000007e+01	1.344328135299999971e+01
9.047357240000000189e-01	2.167584091999999796e+00	1.213218841199999964e+01	9.047357240000000189e-01	1.712132420000000099e+00	1.313140415900000058e+01	1.340964890300000079e+01
9.366382869999999583e-01	2.314308274000000054e+00	1.252653087400000054e+01	9.366382869999999583e-01	2.654752032999999845e+00	1.595604211999999933e+01	1.337392572100000088e+01
9.696657890000000002e-01	2.470356052000000080e+00	1.293146668400000010e+01	9.696657890000000002e-01	6.887457215000000410e+00	1.623938586599999923e+01	1.333600383399999956e+01
1.003857898999999998e+00	2.636239735999999834e+00	1.334706631799999954e+01	1.003857898999999998e+00	8.022423601999999931e+00	1.121742573699999923e+01	1.329577256600000013e+01
1.039255682999999930e+00	2.812489633999999850e+00	1.377337909300000085e+01	1.039255682999999930e+00	5.114027411000000356e+00	1.025871895000000045e+01	1.325311886100000081e+01
1.075901653999999930e+00	2.999653422999999819e+00	1.421043122700000083e+01	1.075901653999999930e+00	3.136171528999999847e+00	1.035592312200000009e+01	1.320792766799999995e+01
1.113839825999999977e+00	3.198295333999999990e+00	1.465822387599999921e+01	1.113839825999999977e+00	1.867485214000000004e+00	1.236234993699999940e+01	1.316008238200000058e+01
1.153115764999999904e+00	3.408995153999999861e+00	1.511673116799999939e+01	1.153115764999999904e+00	1.958817733999999922e+00	1.399887838100000081e+01	1.310946535200000085e+01
1.193776641999999999e+00	3.632347020000000093e+00	1.558589824499999921e+01	1.193776641999999999e+00	3.735345782000000003e+00	1.430626211899999944e+01	1.305595845999999938e+01
1.235871291999999899e+00	3.868958017000000194e+00	1.606563935400000176e+01	1.235871291999999899e+00	3.092239580999999848e+00	1.334238129699999931e+01	1.299944375900000004e+01
1.279450272999999916e+00	4.119446563000000339e+00	1.655583599299999875e+01	1.279450272999999916e+00	6.458844649999999632e-01	1.295380835099999928e+01	1.293980417999999943e+01
1.324565924999999922e+00	4.384440592999999886e+00	1.705633515999999972e+01	1.324565924999999922e+00	-1.739948599000000096e+00	1.507382656400000087e+01	1.287692430599999938e+01
1.371272433999999985e+00	4.664575537000000161e+00	1.756694771000000088e+01	1.371272433999999985e+00	-4.051174054999999719e+00	1.922959044099999915e+01	1.281069120199999922e+01
1.419625896000000109e+00	4.960492117000000256e+00	1.808744687400000117e+01	1.419625896000000109e+00	-4.506870788999999711e+00	2.558540610600000065e+01	1.274099529899999972e+01
1.469684385999999954e+00	5.272833961999999985e+00	1.861756694500000009e+01	1.469684385999999954e+00	1.616230550999999904e+00	3.306822798799999674e+01	1.266773133100000059e+01
1.521508026000000013e+00	5.602245074999999908e+00	1.915700218099999930e+01	1.521508026000000013e+00	1.382137267300000083e+01	3.289754135199999752e+01	1.259079929900000039e+01
1.575159057000000029e+00	5.949367177000000062e+00	1.970540592800000113e+01	1.575159057000000029e+00	1.921171562099999974e+01	2.422617157199999838e+01	1.251010546500000054e+01
1.630701917999999973e+00	6.314836953999999558e+00	2.026238999299999932e+01	1.630701917999999973e+00	1.586003769999999946e+01	1.863936029199999922e+01	1.242556335599999962e+01
1.688203316999999926e+00	6.699283249999999690e+00	2.082752428799999933e+01	1.688203316999999926e+00	1.179957406499999983e+01	1.900786321400000034e+01	1.233709475799999922e+01
1.747732314999999925e+00	7.103324250000000006e+00	2.140033674300000044e+01	1.747732314999999925e+00	1.121671231200000030e+01	2.219476270199999846e+01	1.224463068700000079e+01
1.809360410999999891e+00	7.527564686999999921e+00	2.198031348800000018e+01	1.809360410999999891e+00	1.502696251799999949e+01	2.278681079300000079e+01	1.214811231500000055e+01
1.873161620000000083e+00	7.972593137999999691e+00	2.256689930699999991e+01	1.873161620000000083e+00	1.526309562399999997e+01	1.922644839499999847e+01	1.204749182499999982e+01
1.939212571999999968e+00	8.438979436000000334e+00	2.315949833100000177e+01	1.939212571999999968e+00	1.341680247999999942e+01	1.893030637300000052e+01	1.194273318199999956e+01
2.007592595999999840e+00	8.927272251999999853e+00	2.375747494499999846e+01	2.007592595999999840e+00	1.363621870000000058e+01	1.896474947200000116e+01	1.183381279399999997e+01
2.078383818999999910e+00	9.437996884000000364e+00	2.436015487699999937e+01	2.078383818999999910e+00	1.243330904900000000e+01	1.783209021600000099e+01	1.172072004199999995e+01
2.151671263999999972e+00	9.971653284000000284e+00	2.496682639599999831e+01	2.151671263999999972e+00	9.884968111999999252e+00	1.945733771400000123e+01	1.160345765599999979e+01
2.227542951999999854e+00	1.052871434200000067e+01	2.557674159300000127e+01	2.227542951999999854e+00	9.987312677000000249e+00	2.214941716299999896e+01	1.148204193800000006e+01
2.306090009000000052e+00	1.110962443800000088e+01	2.618911763399999870e+01	2.306090009000000052e+00	1.251440861899999923e+01	2.456055818999999829e+01	1.135650279699999921e+01
2.387406771999999844e+00	1.171479824600000086e+01	2.680313796100000090e+01	2.387406771999999844e+00	1.583976887200000050e+01	2.353371306300000043e+01	1.122688361099999987e+01
2.471590905999999865e+00	1.234461977099999963e+01	2.741795332099999882e+01	2.471590905999999865e+00	1.482900029099999983e+01	2.033454367599999912e+01	1.109324089699999938e+01
2.558743520000000160e+00	1.299944157500000053e+01	2.803268259100000037e+01	2.558743520000000160e+00	1.258949880599999993e+01	2.017711453200000093e+01	1.095564380299999918e+01
2.648969287999999978e+00	1.367958411699999921e+01	2.864641330299999922e+01	2.648969287999999978e+00	1.074306274899999991e+01	2.169187707500000073e+01	1.081417343600000081e+01
2.742376573000000040e+00	1.438533513800000030e+01	2.925820184499999854e+01	2.742376573000000040e+00	1.040650029699999912e+01	2.483277808200000081e+01	1.066892203299999942e+01
2.839077563000000026e+00	1.511694898100000017e+01	2.986707327599999928e+01	2.839077563000000026e+00	1.220920492499999988e+01	2.616357870299999888e+01	1.051999200899999920e+01
2.939188398999999841e+00	1.587464573699999981e+01	3.047202075999999948e+01	2.939188398999999841e+00	1.314770254399999949e+01	2.683865308000000027e+01	1.036749490899999948e+01
3.042829316999999811e+00	1.665861008399999932e+01	3.107200462300000154e+01	3.042829316999999811e+00	1.297064245400000004e+01	2.707311064099999953e+01	1.021155029800000058e+01
3.150124796000000060e+00	1.746898970399999840e+01	3.166595107099999851e+01	3.150124796000000060e+00	1.377188532999999993e+01	2.794359649000000090e+01	1.005228463099999914e+01
3.261203699999999817e+00	1.830589313700000176e+01	3.225275064299999883e+01	3.261203699999999817e+00	1.381078783699999946e+01	2.850492220799999998e+01	9.889830139000000742e+00
3.376199440999999801e+00	1.916938696100000072e+01	3.283125651000000289e+01	3.376199440999999801e+00	1.203707514000000067e+01	2.980953206699999924e+01	9.724323780000000639e+00
3.495250132999999870e+00	2.005949218900000020e+01	3.340028274000000152e+01	3.495250132999999870e+00	1.084950756099999936e+01	3.398756354599999696e+01	9.555906292999999607e+00
3.618498760000000036e+00	2.097617981499999829e+01	3.395860271800000163e+01	3.618498760000000036e+00	1.400040560599999928e+01	3.978718522500000176e+01	9.384721391999999440e+00
3.746093349000000128e+00	2.191936544500000039e+01	3.450494789199999701e+01	3.746093349000000128e+00	2.133510442400000073e+01	4.148867128799999904e+01	9.210915126999999814e+00
3.878187146000000141e+00	2.288890302200000093e+01	3.503800706900000250e+01	3.878187146000000141e+00	2.682455551400000004e+01	3.897714039600000291e+01	9.034635449999999679e+00
4.014938800999999557e+00	2.388457766100000157e+01	3.555642648300000275e+01	4.014938800999999557e+00	3.014690242100000006e+01	3.378176318799999933e+01	8.856031996000000461e+00
4.156512558000000190e+00	2.490609769399999962e+01	3.605881086200000141e+01	4.156512558000000190e+00	2.692950816300000128e+01	2.771883772800000045e+01	8.675256084999999118e+00
4.303078454000000441e+00	2.595308604599999924e+01	3.654372571799999747e+01	4.303078454000000441e+00	2.207188664799999955e+01	2.809215832599999985e+01	8.492460945999999566e+00
4.454812518999999860e+00	2.702507111999999978e+01	3.700970105900000107e+01	4.454812518999999860e+00	1.932995435799999839e+01	3.204396269400000108e+01	8.307802157999999437e+00
4.611896992000000139e+00	2.812147744600000010e+01	3.745523671299999791e+01	4.611896992000000139e+00	2.000388102300000170e+01	3.552234344200000038e+01	8.121438266000000183e+00
4.774520539000000063e+00	2.924161633299999963e+01	3.787880937999999986e+01	4.774520539000000063e+00	2.239408996099999882e+01	3.819088822999999877e+01	7.933531560999999677e+00
4.942878474999999661e+00	3.038467687600000033e+01	3.827888152900000307e+01	4.942878474999999661e+00	2.525890835999999950e+01	3.817925213400000217e+01	7.744248967999999955e+00
5.117173006999999885e+00	3.154971762499999954e+01	3.865391214299999945e+01	5.117173006999999885e+00	2.421332454299999881e+01	3.728996384500000261e+01	7.553763003000000253e+00
5.297613468999999853e+00	3.273565929400000130e+01	3.900236929700000132e+01	5.297613468999999853e+00	2.286279888400000004e+01	3.985004875599999963e+01	7.362252744000000071e+00
5.484416576000000099e+00	3.394127886199999722e+01	3.932274445699999887e+01	5.484416576000000099e+00	2.501077325299999998e+01	4.460569272600000090e+01	7.169904748999999633e+00
5.677806688000000435e+00	3.516520542300000329e+01	3.961356832100000247e+01	5.677806688000000435e+00	2.999371065600000108e+01	4.621023368299999845e+01	6.976913886000000176e+00
5.878016072000000314e+00	3.640591809800000078e+01	3.987342797099999814e+01	5.878016072000000314e+00	3.253849033899999910e+01	4.488982103899999743e+01	6.783483999000000431e+00
6.085285189999999567e+00	3.766174630799999790e+01	4.010098499000000061e+01	6.085285189999999567e+00	3.337356040800000301e+01	4.536559490900000213e+01	6.589828371000000296e+00
6.299862978000000169e+00	3.893087264199999709e+01	4.029499420799999854e+01	6.299862978000000169e+00	3.539781898599999721e+01	4.634466811200000080e+01	6.396169940000000054e+00
6.522007154999999834e+00	4.021133845500000348e+01	4.045432261999999923e+01	6.522007154999999834e+00	3.825716090499999922e+01	4.625913285000000030e+01	6.202741221000000138e+00
6.751984522999999960e+00	4.150105232699999647e+01	4.057796802899999733e+01	6.751984522999999960e+00	3.753442132400000020e+01	4.580215976699999914e+01	6.009783921999999556e+00
6.990071294999999907e+00	4.279780133999999947e+01	4.066507694300000253e+01	6.990071294999999907e+00	3.947963741000000226e+01	4.904283528599999897e+01	5.817548236999999567e+00
7.236553423000000151e+00	4.409926510900000096e+01	4.071496121500000243e+01	7.236553423000000151e+00	4.602919166800000284e+01	4.949217453899999697e+01	5.626291804000000063e+00
7.491726940999999584e+00	4.540303238500000305e+01	4.072711298299999783e+01	7.491726940999999584e+00	4.799631907700000255e+01	4.561321787100000336e+01	5.436278351000000342e+00
7.755898323000000261e+00	4.670661994099999959e+01	4.070121745899999866e+01	7.755898323000000261e+00	4.820994585599999738e+01	4.506593643200000088e+01	5.247776048999999610e+00
8.029384849999999574e+00	4.800749342200000314e+01	4.063716317800000155e+01	8.029384849999999574e+00	5.152275373599999853e+01	4.485756841199999911e+01	5.061055601999999709e+00
8.312514990000000381e+00	4.930308971400000217e+01	4.053504941300000297e+01	8.312514990000000381e+00	5.039461611400000152e+01	4.103388804099999732e+01	4.876388128000000322e+00
8.605628792999999277e+00	5.059084038400000338e+01	4.039519047900000004e+01	8.605628792999999277e+00	4.902355103299999683e+01	4.232694182899999902e+01	4.694042869999999645e+00
8.909078300999999200e+00	5.186819565999999782e+01	4.021811681599999844e+01	8.909078300999999200e+00	5.033912143799999939e+01	4.653833496899999744e+01	4.514284807000000121e+00
9.223227968999999860e+00	5.313264843799999682e+01	4.000457277099999942e+01	9.223227968999999860e+00	5.459363793600000037e+01	4.670681654500000235e+01	4.337372219999999778e+00
9.548455103000000221e+00	5.438175778299999763e+01	3.975551112800000197e+01	9.548455103000000221e+00	5.722949921800000084e+01	4.452045257700000036e+01	4.163554281999999773e+00
9.885150314000000549e+00	5.561317141499999650e+01	3.947208452800000344e+01	9.885150314000000549e+00	5.753376478700000263e+01	4.234080156699999975e+01	3.993068721999999848e+00
1.023371798600000027e+01	5.682464671000000322e+01	3.915563400199999933e+01	1.023371798600000027e+01	5.779439258099999677e+01	4.322077353600000293e+01	3.826139635000000094e+00
1.059457676399999926e+01	5.801406980699999849e+01	3.880767489800000192e+01	1.059457676399999926e+01	5.868530147900000316e+01	4.506382312499999898e+01	3.662975478999999979e+00
1.096816005300000008e+01	5.917947245799999934e+01	3.842988059700000036e+01	1.096816005300000008e+01	6.195476300800000047e+01	4.583739333300000141e+01	3.503767305999999859e+00
1.135491654099999970e+01	6.031904636000000153e+01	3.802406439199999966e+01	1.135491654099999970e+01	6.613483261400000401e+01	4.386495846100000051e+01	3.348687262999999970e+00
1.175531073900000045e+01	6.143115476300000211e+01	3.759216000199999996e+01	1.175531073900000045e+01	6.763096043900000609e+01	4.052118449799999667e+01	3.197887392000000162e+00
1.216982353600000089e+01	6.251434125400000141e+01	3.713620115199999816e+01	1.216982353600000089e+01	6.817728967399999362e+01	3.962196569099999977e+01	3.051498737000000183e+00
1.259895277799999924e+01	6.356733567999999934e+01	3.665830068199999658e+01	1.259895277799999924e+01	6.875435634800000173e+01	3.816693303600000320e+01	2.909630770999999783e+00
1.304321386700000041e+01	6.458905726199999719e+01	3.616062962499999855e+01	1.304321386700000041e+01	6.913965013899999690e+01	3.666607120599999803e+01	2.772371134000000126e+00
1.350314037899999953e+01	6.557861501600000054e+01	3.564539664699999832e+01	1.350314037899999953e+01	6.926686418200000617e+01	3.589366228000000092e+01	2.639785682999999938e+00
1.397928470299999937e+01	6.653530564599999764e+01	3.511482821599999937e+01	1.397928470299999937e+01	6.994564146199999755e+01	3.642503918100000249e+01	2.511918811999999779e+00
1.447221870699999968e+01	6.745860914799999364e+01	3.457114983299999977e+01	1.447221870699999968e+01	7.181837631999999871e+01	3.485245083000000221e+01	2.388794042999999867e+00
1.498253442699999916e+01	6.834818237499999327e+01	3.401656855699999937e+01	1.498253442699999916e+01	7.185852411899999481e+01	3.279554992399999946e+01	2.270414843999999821e+00
1.551084477000000028e+01	6.920385083600000087e+01	3.345325706199999871e+01	1.551084477000000028e+01	7.146874811799999350e+01	3.211911694300000164e+01	2.156765640999999789e+00
1.605778425800000164e+01	7.002559905100000037e+01	3.288333935299999666e+01	1.605778425800000164e+01	7.179540155700000525e+01	3.275809017099999920e+01	2.047813000000000105e+00
1.662400978899999870e+01	7.081355974000000231e+01	3.230887824799999919e+01	1.662400978899999870e+01	7.164452531000000590e+01	3.220592827899999833e+01	1.943506930999999938e+00
1.721020142200000080e+01	7.156800214099999380e+01	3.173186467100000030e+01	1.721020142200000080e+01	7.267452946400000258e+01	3.233482662099999771e+01	1.843782295000000016e+00
1.781706319499999935e+01	7.228931975400000454e+01	3.115420875699999925e+01	1.781706319499999935e+01	7.364755302499999345e+01	3.342723203799999965e+01	1.748560265999999919e+00
1.844532397600000095e+01	7.297801774699999555e+01	3.057773272300000045e+01	1.844532397600000095e+01	7.527273993299999688e+01	3.275883804699999757e+01	1.657749831999999923e+00
1.909573832899999957e+01	7.363470027200000345e+01	3.000416544000000130e+01	1.909573832899999957e+01	7.655207124700000065e+01	3.153607711200000097e+01	1.571249297999999905e+00
1.976908742799999885e+01	7.426005790199999979e+01	2.943513860799999904e+01	1.976908742799999885e+01	7.755201150099999552e+01	3.109520663500000026e+01	1.488947768000000060e+00
2.046617999400000087e+01	7.485485535600000162e+01	2.887218440599999880e+01	2.046617999400000087e+01	7.926167555199999981e+01	3.003197065299999835e+01	1.410726595000000083e+00
2.118785326100000077e+01	7.541991966700000205e+01	2.831673449499999862e+01	2.118785326100000077e+01	7.983720370300000013e+01	2.826948944900000171e+01	1.336460761000000108e+00
2.193497398899999951e+01	7.595612891099999331e+01	2.777012022599999952e+01	2.193497398899999951e+01	8.015486650399999746e+01	2.585570225400000055e+01	1.266020203000000066e+00
2.270843949900000069e+01	7.646440159899999855e+01	2.723357390400000000e+01	2.270843949900000069e+01	7.851283416399999737e+01	2.471388739000000001e+01	1.199271041999999898e+00
2.350917875500000065e+01	7.694568678100000625e+01	2.670823096999999890e+01	2.350917875500000065e+01	7.723165481399999521e+01	2.512130270200000126e+01	1.136076732000000034e+00
2.433815347499999859e+01	7.740095492300000046e+01	2.619513296299999894e+01	2.433815347499999859e+01	7.763968401099999994e+01	2.682283678599999988e+01	1.076299112000000058e+00
2.519635929300000043e+01	7.783118957000000648e+01	2.569523111000000171e+01	2.519635929300000043e+01	8.002399184399999399e+01	2.679373365600000056e+01	1.019799361000000015e+00
2.608482694799999990e+01	7.823737980900000366e+01	2.520939043499999954e+01	2.608482694799999990e+01	8.117396119400000032e+01	2.507366615700000168e+01	9.664388609999999824e-01
2.700462352399999943e+01	7.862051351499999896e+01	2.473839426600000024e+01	2.700462352399999943e+01	8.088907571599999358e+01	2.387887644499999951e+01	9.160799539999999741e-01
2.795685373499999926e+01	7.898157136400000411e+01	2.428294902700000080e+01	2.795685373499999926e+01	8.027842721700000084e+01	2.386846898499999980e+01	8.685866180000000325e-01
2.894266124700000020e+01	7.932152158300000622e+01	2.384368923199999912e+01	2.894266124700000020e+01	8.056575903499999924e+01	2.438730041000000170e+01	8.238250459999999498e-01
2.996323005500000036e+01	7.964131539299999929e+01	2.342118258900000072e+01	2.996323005500000036e+01	8.139962089200000150e+01	2.413356389500000176e+01	7.816641450000000324e-01
3.101978590099999877e+01	7.994188311400000657e+01	2.301593514900000059e+01	3.101978590099999877e+01	8.193726721999999540e+01	2.406369976199999883e+01	7.419759510000000224e-01
3.211359775300000052e+01	8.022413086000000249e+01	2.262839643199999884e+01	3.211359775300000052e+01	8.265759670299999584e+01	2.351470837600000152e+01	7.046359800000000506e-01
3.324597932300000025e+01	8.048893781300000683e+01	2.225896448399999983e+01	3.324597932300000025e+01	8.329681359900000359e+01	2.295044295800000000e+01	6.695235010000000209e-01
3.441829064499999902e+01	8.073715397899999857e+01	2.190799082699999900e+01	3.441829064499999902e+01	8.411937989999999843e+01	2.231030369899999855e+01	6.365217570000000213e-01
3.563193971199999766e+01	8.096959842600000457e+01	2.157578525299999939e+01	3.563193971199999766e+01	8.447761936099999502e+01	2.144290070599999964e+01	6.055181229999999637e-01
3.688838416699999811e+01	8.118705790799999988e+01	2.126262045200000017e+01	3.688838416699999811e+01	8.456629005800000698e+01	2.032931178899999836e+01	5.764042240000000206e-01
3.818913304800000219e+01	8.139028586599999926e+01	2.096873645200000169e+01	3.818913304800000219e+01	8.427209578400000112e+01	1.974432669600000168e+01	5.490760009999999802e-01
3.953574860700000215e+01	8.158000174199999321e+01	2.069434484599999990e+01	3.953574860700000215e+01	8.357009669100000337e+01	1.935923174599999896e+01	5.234337420000000352e-01
4.092984818499999733e+01	8.175689056299999891e+01	2.043963281299999935e+01	4.092984818499999733e+01	8.332648631300000375e+01	1.974607280000000031e+01	4.993820820000000049e-01
4.237310614900000161e+01	8.192160276299999566e+01	2.020476691600000052e+01	4.237310614900000161e+01	8.348968105800000217e+01	2.017254264299999988e+01	4.768299699999999919e-01
4.386725590999999724e+01	8.207475421099999835e+01	1.998989668899999828e+01	4.386725590999999724e+01	8.418471491500000070e+01	2.014417008599999903e+01	4.556906119999999949e-01
4.541409200399999690e+01	8.221692639500000155e+01	1.979515800000000070e+01	4.541409200399999690e+01	8.499099853799999948e+01	1.985397514599999980e+01	4.358813999999999744e-01
4.701547224000000114e+01	8.234866674699999578e+01	1.962067620799999901e+01	4.701547224000000114e+01	8.506919160699999338e+01	1.927839880799999861e+01	4.173238140000000151e-01
4.867331994199999912e+01	8.247048907500000325e+01	1.946656911799999889e+01	4.867331994199999912e+01	8.523316151299999888e+01	1.899487757600000037e+01	3.999433190000000193e-01
5.038962625100000281e+01	8.258287407699999960e+01	1.933294973599999977e+01	5.038962625100000281e+01	8.516600568200000509e+01	1.867009963199999945e+01	3.836692429999999931e-01
5.216645251900000346e+01	8.268626991499999690e+01	1.921992883900000137e+01	5.216645251900000346e+01	8.507511135699999727e+01	1.877955167200000020e+01	3.684346530000000008e-01
5.400593278499999883e+01	8.278109283199999879e+01	1.912761736899999931e+01	5.400593278499999883e+01	8.547381301400000098e+01	1.900687359999999870e+01	3.541762239999999839e-01
5.591027634099999943e+01	8.286772779000000355e+01	1.905612866199999900e+01	5.591027634099999943e+01	8.609845749299999795e+01	1.871594142600000055e+01	3.408340990000000015e-01
5.788177037700000227e+01	8.294652910899999654e+01	1.900558051899999867e+01	5.788177037700000227e+01	8.617047616899999696e+01	1.817494148100000118e+01	3.283517490000000261e-01
5.992278273800000221e+01	8.301782110999999986e+01	1.897609714000000025e+01	5.992278273800000221e+01	8.615118412399999670e+01	1.797414085200000144e+01	3.166758330000000177e-01
6.203576476100000292e+01	8.308189872900000239e+01	1.896781091500000116e+01	6.203576476100000292e+01	8.593223886100000186e+01	1.805576797000000155e+01	3.057560579999999972e-01
6.422325422199999423e+01	8.313902810199999749e+01	1.898086410299999827e+01	6.422325422199999423e+01	8.611390297100000168e+01	1.806050655199999966e+01	2.955450379999999821e-01
6.648787838399999828e+01	8.318944710799999598e+01	1.901541039399999988e+01	6.648787838399999828e+01	8.647463268299999584e+01	1.801740504800000053e+01	2.859981529999999772e-01
6.883235715099999652e+01	8.323336586899999645e+01	1.907161637000000098e+01	6.883235715099999652e+01	8.683605537200000413e+01	1.801223743899999974e+01	2.770734169999999885e-01
7.125950633600000117e+01	8.327096718100000317e+01	1.914966288000000105e+01	7.125950633600000117e+01	8.695051159499999471e+01	1.741057490700000088e+01	2.687313439999999831e-01
7.377224104200000454e+01	8.330240689000000032e+01	1.924974632099999994e+01	7.377224104200000454e+01	8.686608958600000108e+01	1.731825691399999911e+01	2.609348180000000128e-01
7.637357916400000590e+01	8.332781419500000197e+01	1.937207985999999948e+01	7.637357916400000590e+01	8.675426798200000178e+01	1.725929660799999965e+01	2.536489719999999726e-01
7.906664501299999870e+01	8.334729187000000650e+01	1.951689458399999921e+01	7.906664501299999870e+01	8.667378720899999678e+01	1.726179662199999854e+01	2.468410610000000005e-01
8.185467307099999346e+01	8.336091640799999425e+01	1.968444059000000124e+01	8.185467307099999346e+01	8.667445981699999891e+01	1.724417024699999956e+01	2.404803520000000083e-01
8.474101186900000471e+01	8.336873807899999633e+01	1.987498803600000130e+01	8.474101186900000471e+01	8.658500469199999827e+01	1.741159235900000013e+01	2.345380069999999928e-01
8.772912801600000421e+01	8.337078088799999875e+01	2.008882813700000014e+01	8.772912801600000421e+01	8.655847410500000194e+01	1.761157892700000005e+01	2.289869810000000061e-01
9.082261035999999876e+01	8.336704244199999891e+01	2.032627414099999896e+01	9.082261035999999876e+01	8.682788237600000514e+01	1.759419475300000002e+01	2.238019149999999902e-01
9.402517429700000662e+01	8.335749371400000030e+01	2.058766226099999841e+01	9.402517429700000662e+01	8.691697311299999740e+01	1.742754880200000045e+01	2.189590439999999916e-01
9.734066623399999685e+01	8.334207869600000151e+01	2.087335259399999998e+01	9.734066623399999685e+01	8.653632172999999739e+01	1.708069011599999953e+01	2.144360969999999922e-01
1.007730682090000016e+02	8.332071394000000453e+01	2.118373001699999847e+01	1.007730682090000016e+02	8.623108039699999949e+01	1.703754984300000075e+01	2.102122160000000073e-01
1.043265026760000040e+02	8.329328798500000630e+01	2.151920507299999841e+01	1.043265026760000040e+02	8.575071760699999857e+01	1.744562962699999886e+01	2.062678659999999942e-01
1.080052374520000029e+02	8.325966065199999377e+01	2.188021485000000155e+01	1.080052374520000029e+02	8.547983654499999773e+01	1.759164390100000119e+01	2.025847580000000037e-01
1.118136908430000034e+02	8.321966221300000655e+01	2.226722385100000068e+01	1.118136908430000034e+02	8.496259493799999518e+01	1.779409399100000044e+01	1.991457729999999982e-01
1.157564369549999981e+02	8.317309241899999961e+01	2.268072487399999915e+01	1.157564369549999981e+02	8.425902974199999562e+01	1.835367593000000142e+01	1.959348909999999999e-01
1.198382111850000058e+02	8.311971938899999657e+01	2.312123988900000171e+01	1.198382111850000058e+02	8.362874857600000666e+01	1.921562957500000124e+01	1.929371249999999871e-01
1.240639159060000054e+02	8.305927833500000190e+01	2.358932092799999936e+01	1.240639159060000054e+02	8.349867083399999501e+01	2.051114696000000137e+01	1.901384520000000133e-01
1.284386263590000112e+02	8.299147013300000708e+01	2.408555098600000122e+01	1.284386263590000112e+02	8.370636835700000233e+01	2.163244861200000102e+01	1.875257600000000135e-01
1.329675967469999875e+02	8.291595971600000325e+01	2.461054493900000040e+01	1.329675967469999875e+02	8.435593429600000093e+01	2.228848852300000161e+01	1.850867850000000037e-01
1.376562665440000046e+02	8.283237428500000021e+01	2.516495047700000143e+01	1.376562665440000046e+02	8.467592150299999787e+01	2.256766692900000137e+01	1.828100609999999959e-01
1.425102670299999943e+02	8.274030132800000104e+01	2.574944906300000014e+01	1.425102670299999943e+02	8.448855149300000278e+01	2.291553419799999958e+01	1.806848699999999974e-01
1.475354280560000007e+02	8.263928641900000116e+01	2.636475692000000137e+01	1.475354280560000007e+02	8.422300171000000546e+01	2.364090321700000175e+01	1.787011920000000087e-01
1.527377850389999878e+02	8.252883080700000562e+01	2.701162603099999870e+01	1.527377850389999878e+02	8.431082846399999653e+01	2.476277898400000055e+01	1.768496639999999898e-01
1.581235862199999929e+02	8.240838875100000394e+01	2.769084518900000091e+01	1.581235862199999929e+02	8.481321428100000048e+01	2.569726553599999974e+01	1.751215349999999948e-01
