1.000000000000000021e-02	7.227599999999999715e-05	8.458430100000000063e-02	1.000000000000000021e-02	1.390103600000000030e-02	1.071682300000000032e-02	8.458430079999999407e+00
1.035261699999999972e-02	7.746300000000000017e-05	8.756688599999999656e-02	1.035261699999999972e-02	1.294763699999999969e-02	1.136328500000000075e-02	8.458429626999999229e+00
1.071766900000000085e-02	8.302200000000000573e-05	9.065464299999999309e-02	1.071766900000000085e-02	1.193773499999999967e-02	1.205833499999999989e-02	8.458429141999999956e+00
1.109559300000000082e-02	8.898000000000000527e-05	9.385127799999999632e-02	1.109559300000000082e-02	1.086885299999999950e-02	1.280586799999999977e-02	8.458428621999999564e+00
1.148684300000000005e-02	9.536599999999999461e-05	9.716063199999999678e-02	1.148684300000000005e-02	9.738520000000000509e-03	1.361004000000000033e-02	8.458428064999999663e+00
1.189188899999999924e-02	1.022099999999999989e-04	1.005866779999999988e-01	1.189188899999999924e-02	8.544302999999999620e-03	1.447528300000000025e-02	8.458427468000000005e+00
1.231121699999999930e-02	1.095449999999999956e-04	1.041335320000000009e-01	1.231121699999999930e-02	7.283821000000000219e-03	1.540629599999999988e-02	8.458426828000000341e+00
1.274533299999999932e-02	1.174069999999999958e-04	1.078054539999999950e-01	1.274533299999999932e-02	5.954773000000000011e-03	1.640805299999999883e-02	8.458426142000000425e+00
1.319475500000000072e-02	1.258329999999999995e-04	1.116068530000000059e-01	1.319475500000000072e-02	4.554965000000000229e-03	1.748579100000000053e-02	8.458425405999999924e+00
1.366002499999999925e-02	1.348630000000000130e-04	1.155422950000000032e-01	1.366002499999999925e-02	3.082333999999999942e-03	1.864499999999999838e-02	8.458424619000000533e+00
1.414170200000000079e-02	1.445419999999999995e-04	1.196165059999999974e-01	1.414170200000000079e-02	1.534984999999999995e-03	1.989140400000000142e-02	8.458423773999999895e+00
1.464036299999999999e-02	1.549149999999999898e-04	1.238343799999999939e-01	1.464036299999999999e-02	-8.878600000000000001e-05	2.123093499999999939e-02	8.458422868999999622e+00
1.515660800000000023e-02	1.660330000000000009e-04	1.282009819999999911e-01	1.515660800000000023e-02	-1.790460000000000012e-03	2.266969799999999854e-02	8.458421898999999300e+00
1.569105599999999837e-02	1.779490000000000000e-04	1.327215559999999905e-01	1.569105599999999837e-02	-3.571267999999999838e-03	2.421391999999999989e-02	8.458420860000000374e+00
1.624435000000000115e-02	1.907199999999999900e-04	1.374015319999999929e-01	1.624435000000000115e-02	-5.432168999999999713e-03	2.586989400000000092e-02	8.458419745000000489e+00
1.681715400000000082e-02	2.044070000000000099e-04	1.422465300000000099e-01	1.681715400000000082e-02	-7.373829999999999621e-03	2.764390400000000039e-02	8.458418550999999397e+00
1.741015699999999902e-02	2.190770000000000033e-04	1.472623690000000041e-01	1.741015699999999902e-02	-9.396623999999999255e-03	2.954213500000000062e-02	8.458417271000000071e+00
1.802406900000000020e-02	2.347989999999999995e-04	1.524550719999999970e-01	1.802406900000000020e-02	-1.150063200000000022e-02	3.157056700000000077e-02	8.458415900000000320e+00
1.865962900000000049e-02	2.516500000000000182e-04	1.578308770000000083e-01	1.865962900000000049e-02	-1.368566899999999927e-02	3.373485300000000214e-02	8.458414428999999402e+00
1.931760000000000074e-02	2.697099999999999910e-04	1.633962389999999987e-01	1.931760000000000074e-02	-1.595133199999999862e-02	3.604016799999999743e-02	8.458412854000000536e+00
1.999877300000000094e-02	2.890659999999999866e-04	1.691578420000000027e-01	1.999877300000000094e-02	-1.829708000000000029e-02	3.849105500000000318e-02	8.458411164999999343e+00
2.070396399999999831e-02	3.098110000000000057e-04	1.751226059999999862e-01	2.070396399999999831e-02	-2.072234800000000154e-02	4.109123900000000162e-02	8.458409355000000573e+00
2.143402200000000049e-02	3.320460000000000121e-04	1.812976930000000098e-01	2.143402200000000049e-02	-2.322672300000000120e-02	4.384343500000000005e-02	8.458407414999999929e+00
2.218982300000000088e-02	3.558750000000000173e-04	1.876905209999999991e-01	2.218982300000000088e-02	-2.581015999999999866e-02	4.674913499999999722e-02	8.458405336000000219e+00
2.297227500000000033e-02	3.814150000000000201e-04	1.943087649999999944e-01	2.297227500000000033e-02	-2.847329100000000127e-02	4.980840300000000109e-02	8.458403108000000614e+00
2.378231800000000021e-02	4.087879999999999899e-04	2.011603750000000024e-01	2.378231800000000021e-02	-3.121780700000000019e-02	5.301966500000000054e-02	8.458400719000000123e+00
2.462092399999999889e-02	4.381259999999999994e-04	2.082535779999999948e-01	2.462092399999999889e-02	-3.404694800000000049e-02	5.637952400000000031e-02	8.458398159999999777e+00
2.548910100000000012e-02	4.695680000000000145e-04	2.155968940000000111e-01	2.548910100000000012e-02	-3.696611000000000341e-02	5.988261300000000120e-02	8.458395417000000194e+00
2.638789100000000012e-02	5.032679999999999662e-04	2.231991389999999909e-01	2.638789100000000012e-02	-3.998358700000000099e-02	6.352151000000000325e-02	8.458392476000000215e+00
2.731837399999999944e-02	5.393849999999999730e-04	2.310694450000000122e-01	2.731837399999999944e-02	-4.311146099999999676e-02	6.728675700000000259e-02	8.458389325000000625e+00
2.828166799999999939e-02	5.780950000000000411e-04	2.392172620000000138e-01	2.828166799999999939e-02	-4.636665699999999862e-02	7.116701400000000066e-02	8.458385948000000099e+00
2.927892899999999868e-02	6.195830000000000478e-04	2.476523740000000084e-01	2.927892899999999868e-02	-4.977216699999999910e-02	7.514941399999999772e-02	8.458382328000000783e+00
3.031135500000000163e-02	6.640479999999999820e-04	2.563849120000000203e-01	3.031135500000000163e-02	-5.335844399999999793e-02	7.922017200000000536e-02	8.458378448999999577e+00
3.138018599999999741e-02	7.117039999999999608e-04	2.654253619999999980e-01	3.138018599999999741e-02	-5.716495199999999804e-02	8.336554000000000186e-02	8.458374291000000156e+00
3.248670699999999661e-02	7.627810000000000276e-04	2.747845789999999733e-01	3.248670699999999661e-02	-6.124185399999999835e-02	8.757319399999999310e-02	8.458369834000000864e+00
3.363224499999999811e-02	8.175230000000000127e-04	2.844738030000000251e-01	3.363224499999999811e-02	-6.565176600000000029e-02	9.183415899999999854e-02	8.458365058000000047e+00
3.481817599999999929e-02	8.761930000000000456e-04	2.945046680000000250e-01	3.481817599999999929e-02	-7.047151399999999899e-02	9.614539599999999409e-02	8.458359938999999272e+00
3.604592599999999897e-02	9.390740000000000285e-04	3.048892189999999891e-01	3.604592599999999897e-02	-7.579375200000000590e-02	1.005131820000000065e-01	8.458354453000000106e+00
3.731696799999999897e-02	1.006467999999999946e-03	3.156399260000000151e-01	3.731696799999999897e-02	-8.172828199999999932e-02	1.049573899999999976e-01	8.458348573000000314e+00
3.863282999999999995e-02	1.078697999999999897e-03	3.267696979999999973e-01	3.863282999999999995e-02	-8.840281099999999781e-02	1.095168180000000019e-01	8.458342270999999357e+00
3.999509100000000344e-02	1.156111999999999938e-03	3.382918979999999798e-01	3.999509100000000344e-02	-9.596286599999999389e-02	1.142556190000000027e-01	8.458335517000000081e+00
4.140538800000000130e-02	1.239082000000000074e-03	3.502203620000000073e-01	4.140538800000000130e-02	-1.045704370000000022e-01	1.192708950000000018e-01	8.458328277999999756e+00
4.286541399999999752e-02	1.328004999999999941e-03	3.625694119999999798e-01	4.286541399999999752e-02	-1.144008930000000035e-01	1.247013990000000044e-01	8.458320519999999121e+00
4.437692299999999868e-02	1.423311000000000021e-03	3.753538739999999763e-01	4.437692299999999868e-02	-1.256375949999999908e-01	1.307371639999999891e-01	8.458312205000000361e+00
4.594173099999999954e-02	1.525455999999999904e-03	3.885890980000000217e-01	4.594173099999999954e-02	-1.384635780000000038e-01	1.376297380000000015e-01	8.458303293000000167e+00
4.756171700000000335e-02	1.634931000000000058e-03	4.022909740000000234e-01	4.756171700000000335e-02	-1.530496470000000109e-01	1.457024710000000001e-01	8.458293741000000310e+00
4.923882599999999943e-02	1.752262999999999998e-03	4.164759519999999826e-01	4.923882599999999943e-02	-1.695382430000000051e-01	1.553600270000000116e-01	8.458283505000000702e+00
5.097507300000000269e-02	1.878015000000000023e-03	4.311610630000000111e-01	5.097507300000000269e-02	-1.880225379999999891e-01	1.670960290000000070e-01	8.458272533000000593e+00
5.277254399999999762e-02	2.012790999999999886e-03	4.463639349999999895e-01	5.277254399999999762e-02	-2.085204159999999862e-01	1.814973940000000063e-01	8.458260773999999316e+00
5.463339600000000074e-02	2.157239999999999939e-03	4.621028189999999980e-01	5.463339600000000074e-02	-2.309433049999999876e-01	1.992436549999999917e-01	8.458248170999999260e+00
5.655986500000000083e-02	2.312054000000000019e-03	4.783966069999999737e-01	5.655986500000000083e-02	-2.550602519999999873e-01	2.210993029999999970e-01	8.458234664000000791e+00
5.855426400000000170e-02	2.477978999999999946e-03	4.952648599999999735e-01	5.855426400000000170e-02	-2.804581469999999910e-01	2.478970550000000050e-01	8.458220188000000306e+00
6.061898999999999760e-02	2.655811000000000109e-03	5.127278240000000542e-01	6.061898999999999760e-02	-3.064995930000000146e-01	2.805099260000000205e-01	8.458204672000000812e+00
6.275652099999999567e-02	2.846403999999999861e-03	5.308064590000000083e-01	6.275652099999999567e-02	-3.322804690000000227e-01	3.198101389999999933e-01	8.458188042999999823e+00
6.496942599999999679e-02	3.050675000000000088e-03	5.495224650000000155e-01	6.496942599999999679e-02	-3.565897370000000177e-01	3.666130559999999927e-01	8.458170220999999600e+00
6.726036200000000409e-02	3.269605000000000081e-03	5.688983020000000224e-01	6.726036200000000409e-02	-3.778744479999999739e-01	4.216045279999999784e-01	8.458151120000000134e+00
6.963207899999999950e-02	3.504245999999999923e-03	5.889572250000000286e-01	6.963207899999999950e-02	-3.942132190000000036e-01	4.852500279999999999e-01	8.458130647999999141e+00
7.208742799999999507e-02	3.755725000000000122e-03	6.097233039999999660e-01	7.208742799999999507e-02	-4.033019480000000212e-01	5.576834640000000176e-01	8.458108706999999171e+00
7.462935699999999339e-02	4.025250000000000182e-03	6.312214579999999575e-01	7.462935699999999339e-02	-4.024565410000000010e-01	6.385725970000000196e-01	8.458085192000000418e+00
7.726091799999999787e-02	4.314117000000000125e-03	6.534774829999999701e-01	7.726091799999999787e-02	-3.886397079999999726e-01	7.269563300000000394e-01	8.458059989000000556e+00
7.998527299999999562e-02	4.623712000000000308e-03	6.765180800000000216e-01	7.998527299999999562e-02	-3.585235299999999792e-01	8.210472540000000041e-01	8.458032977000000230e+00
8.280569399999999913e-02	4.955524999999999687e-03	7.003708920000000226e-01	8.280569399999999913e-02	-3.086079090000000136e-01	9.179918169999999877e-01	8.458004027999999508e+00
8.572556700000000252e-02	5.311146999999999570e-03	7.250645340000000383e-01	8.572556700000000252e-02	-2.354290330000000098e-01	1.013582788999999984e+00	8.457973000000000852e+00
8.874840100000000453e-02	5.692288999999999682e-03	7.506286250000000493e-01	8.874840100000000453e-02	-1.359129480000000056e-01	1.101929420000000048e+00	8.457939746999999286e+00
9.187782399999999683e-02	6.100780000000000092e-03	7.770938269999999592e-01	9.187782399999999683e-02	-7.956430999999999920e-03	1.175118961999999989e+00	8.457904106999999172e+00
9.511759699999999818e-02	6.538584000000000063e-03	8.044918800000000481e-01	9.511759699999999818e-02	1.486571529999999863e-01	1.222963727000000000e+00	8.457865909000000570e+00
9.847161000000000108e-02	7.007804000000000290e-03	8.328556379999999537e-01	9.847161000000000108e-02	3.308999329999999794e-01	1.233038934000000086e+00	8.457824971000000858e+00
1.019438909999999948e-01	7.510692000000000236e-03	8.622191110000000380e-01	1.019438909999999948e-01	5.306759899999999863e-01	1.191386456999999899e+00	8.457781094999999638e+00
1.055386100000000049e-01	8.049664999999999251e-03	8.926174999999999526e-01	1.055386100000000049e-01	7.327742329999999971e-01	1.084444463999999941e+00	8.457734071000000853e+00
1.092600860000000063e-01	8.627311999999999828e-03	9.240872460000000288e-01	1.092600860000000063e-01	9.133903549999999871e-01	9.027850080000000554e-01	8.457683673000000013e+00
1.131127880000000058e-01	9.246406999999999890e-03	9.566660679999999806e-01	1.131127880000000058e-01	1.040776579999999951e+00	6.467217400000000449e-01	8.457629658000000106e+00
1.171013419999999972e-01	9.909924000000000510e-03	9.903930060000000202e-01	1.171013419999999972e-01	1.079975013999999955e+00	3.323877940000000142e-01	8.457571767999999324e+00
1.212305399999999977e-01	1.062104900000000046e-02	1.025308472000000082e+00	1.212305399999999977e-01	1.002411646000000101e+00	-5.183415000000000245e-03	8.457509723999999451e+00
1.255053409999999925e-01	1.138319699999999941e-02	1.061454295000000103e+00	1.255053409999999925e-01	7.976658559999999509e-01	-3.161352720000000227e-01	8.457443229000000784e+00
1.299308779999999997e-01	1.220002799999999991e-02	1.098873768000000029e+00	1.299308779999999997e-01	4.810721800000000159e-01	-5.479669759999999945e-01	8.457371961999999854e+00
1.345124679999999961e-01	1.307546600000000087e-02	1.137611702999999919e+00	1.345124679999999961e-01	9.155792000000000097e-02	-6.606399379999999821e-01	8.457295582000000422e+00
1.392556130000000003e-01	1.401371300000000056e-02	1.177714479999999897e+00	1.392556130000000003e-01	-3.194785540000000257e-01	-6.364036130000000346e-01	8.457213722000000544e+00
1.441660090000000116e-01	1.501927400000000086e-02	1.219230102999999898e+00	1.441660090000000116e-01	-7.012922059999999735e-01	-4.801657919999999802e-01	8.457125989999999760e+00
1.492495550000000060e-01	1.609697800000000137e-02	1.262208253000000058e+00	1.492495550000000060e-01	-1.012134292000000046e+00	-2.131353980000000037e-01	8.457031963000000374e+00
1.545123549999999901e-01	1.725199800000000103e-02	1.306700350999999927e+00	1.545123549999999901e-01	-1.220995741000000079e+00	1.343741059999999932e-01	8.456931190000000598e+00
1.599607299999999954e-01	1.848987900000000073e-02	1.352759612000000056e+00	1.599607299999999954e-01	-1.305256736999999889e+00	5.265892340000000171e-01	8.456823187999999547e+00
1.656012249999999908e-01	1.981656399999999832e-02	1.400441110999999905e+00	1.656012249999999908e-01	-1.248318239999999912e+00	9.208015309999999509e-01	8.456707438000000465e+00
1.714406139999999912e-01	2.123841900000000144e-02	1.449801844000000006e+00	1.714406139999999912e-01	-1.041801120999999997e+00	1.261417659999999996e+00	8.456583383999999981e+00
1.774859089999999973e-01	2.276226799999999870e-02	1.500900793000000011e+00	1.774859089999999973e-01	-6.980667320000000231e-01	1.473472120000000052e+00	8.456450432000000461e+00
1.837443719999999892e-01	2.439542600000000130e-02	1.553798996000000043e+00	1.837443719999999892e-01	-2.777267230000000087e-01	1.468232073000000026e+00	8.456307943000000549e+00
1.902235200000000070e-01	2.614572800000000002e-02	1.608559615000000109e+00	1.902235200000000070e-01	8.026819200000000210e-02	1.185989159000000015e+00	8.456155233000000493e+00
1.969311340000000077e-01	2.802157099999999859e-02	1.665248006999999975e+00	1.969311340000000077e-01	1.822070050000000052e-01	6.826472199999999990e-01	8.455991571000000206e+00
2.038752699999999973e-01	3.003195599999999854e-02	1.723931802000000069e+00	2.038752699999999973e-01	-9.049886899999999568e-02	1.703133440000000054e-01	8.455816169000000215e+00
2.110642679999999993e-01	3.218652600000000003e-02	1.784680972999999948e+00	2.110642679999999993e-01	-6.586207680000000231e-01	-1.073118710000000031e-01	8.455628188000000378e+00
2.185067629999999927e-01	3.449561300000000136e-02	1.847567922000000085e+00	2.185067629999999927e-01	-1.310752632999999889e+00	-4.795912000000000092e-02	8.455426726000000670e+00
2.262116929999999915e-01	3.697029200000000182e-02	1.912667553999999992e+00	2.262116929999999915e-01	-1.862401811000000018e+00	2.961511279999999857e-01	8.455210815999999241e+00
2.341883130000000091e-01	3.962242800000000120e-02	1.980057364000000097e+00	2.341883130000000091e-01	-2.219128693000000041e+00	8.117944639999999934e-01	8.454979423999999355e+00
2.424462019999999995e-01	4.246473399999999704e-02	2.049817523999999835e+00	2.424462019999999995e-01	-2.353259387000000036e+00	1.385610605000000106e+00	8.454731438999999682e+00
2.509952779999999883e-01	4.551083499999999948e-02	2.122030966000000074e+00	2.509952779999999883e-01	-2.278500812999999958e+00	1.912432088999999946e+00	8.454465673999999709e+00
2.598458100000000104e-01	4.877532899999999921e-02	2.196783475999999791e+00	2.598458100000000104e-01	-2.055699501999999956e+00	2.295693874999999995e+00	8.454180855000000605e+00
2.690084280000000216e-01	5.227385500000000101e-02	2.274163789000000158e+00	2.690084280000000216e-01	-1.805773255999999938e+00	2.484098202999999838e+00	8.453875616999999565e+00
2.784941349999999760e-01	5.602317400000000197e-02	2.354263677000000055e+00	2.784941349999999760e-01	-1.661341439000000086e+00	2.531752813999999852e+00	8.453548497999999967e+00
2.883143249999999824e-01	6.004124000000000266e-02	2.437178053999999872e+00	2.883143249999999824e-01	-1.655497073000000041e+00	2.571400754999999982e+00	8.453197931000000054e+00
2.984807919999999948e-01	6.434729299999999985e-02	2.523005073999999848e+00	2.984807919999999948e-01	-1.704220496999999890e+00	2.675683191000000072e+00	8.452822237999999544e+00
3.090057460000000256e-01	6.896194399999999725e-02	2.611846229999999824e+00	3.090057460000000256e-01	-1.741820836999999900e+00	2.786248790000000142e+00	8.452419621000000660e+00
3.199018279999999992e-01	7.390727599999999398e-02	2.703806463999999909e+00	3.199018279999999992e-01	-1.854684141999999980e+00	2.821484873999999810e+00	8.451988153000000281e+00
3.311821260000000211e-01	7.920694699999999977e-02	2.798994271000000200e+00	3.311821260000000211e-01	-2.223033915999999888e+00	2.888574296999999902e+00	8.451525768999999855e+00
3.428601860000000112e-01	8.488630099999999734e-02	2.897521809000000115e+00	3.428601860000000112e-01	-2.836327892999999989e+00	3.295692544000000002e+00	8.451030258999999489e+00
3.549500360000000243e-01	9.097249100000000255e-02	2.999505011000000110e+00	3.549500360000000243e-01	-3.414694658000000160e+00	4.264820605999999792e+00	8.450499254000000349e+00
3.674661940000000238e-01	9.749460000000000071e-02	3.105063696000000206e+00	3.674661940000000238e-01	-3.588204349000000182e+00	5.870444724000000392e+00	8.449930215000000189e+00
3.804236939999999789e-01	1.044837849999999957e-01	3.214321689000000148e+00	3.804236939999999789e-01	-2.699765828999999950e+00	8.155391728999999756e+00	8.449320424999999801e+00
3.938380980000000253e-01	1.119734190000000046e-01	3.327406933999999872e+00	3.938380980000000253e-01	9.977057400000000076e-01	1.010572207100000064e+01	8.448666972999999913e+00
4.077255180000000090e-01	1.199992470000000033e-01	3.444451613000000023e+00	4.077255180000000090e-01	5.755978774999999992e+00	5.887364909000000424e+00	8.447966737999999864e+00
4.221026319999999776e-01	1.285995570000000032e-01	3.565592268000000065e+00	4.221026319999999776e-01	2.535211679000000107e+00	1.362527728999999965e+00	8.447216382000000579e+00
4.369867080000000015e-01	1.378153520000000021e-01	3.690969920000000126e+00	4.369867080000000015e-01	-6.955017020000000549e-01	2.028637699999999988e+00	8.446412325000000720e+00
4.523956230000000245e-01	1.476905480000000048e-01	3.820730189999999915e+00	4.523956230000000245e-01	-1.869780422999999914e+00	3.979148526999999991e+00	8.445550737999999669e+00
4.683478830000000204e-01	1.582721719999999888e-01	3.955023423000000093e+00	4.683478830000000204e-01	-1.342553600000000014e+00	6.019228404999999782e+00	8.444627516000000611e+00
4.848626480000000072e-01	1.696105850000000081e-01	4.094004810000000383e+00	4.848626480000000072e-01	8.951122310000000359e-01	6.765717149000000319e+00	8.443638267000000752e+00
5.019597519999999813e-01	1.817597089999999915e-01	4.237834505000000362e+00	5.019597519999999813e-01	2.422309924999999975e+00	4.723067324999999705e+00	8.442578284999999738e+00
5.196597299999999864e-01	1.947772819999999960e-01	4.386677749000000404e+00	5.196597299999999864e-01	1.126505494000000107e+00	2.753869331000000198e+00	8.441442531999999943e+00
5.379838399999999909e-01	2.087251149999999889e-01	4.540704991000000135e+00	5.379838399999999909e-01	-1.008127903999999964e+00	2.605484558000000117e+00	8.440225616999999403e+00
5.569540910000000400e-01	2.236693829999999994e-01	4.700091997000000354e+00	5.569540910000000400e-01	-2.796057677999999935e+00	3.808611556999999870e+00	8.438921764999999908e+00
5.765932649999999660e-01	2.396809229999999902e-01	4.865019969999999638e+00	5.765932649999999660e-01	-3.868884135000000057e+00	5.976507075999999863e+00	8.437524794999999855e+00
5.969249509999999814e-01	2.568355520000000225e-01	5.035675656999999639e+00	5.969249509999999814e-01	-3.778862664000000038e+00	9.102475319999999925e+00	8.436028093999999200e+00
6.179735680000000286e-01	2.752144189999999879e-01	5.212251451000000202e+00	6.179735680000000286e-01	-8.950969170000000474e-01	1.274537768799999959e+01	8.434424581000000032e+00
6.397643960000000130e-01	2.949043610000000037e-01	5.394945491999999732e+00	6.397643960000000130e-01	5.725551736999999974e+00	1.228319016899999916e+01	8.432706680000000787e+00
6.623236059999999537e-01	3.159983000000000097e-01	5.583961759000000136e+00	6.623236059999999537e-01	7.579488940000000063e+00	5.762138386000000168e+00	8.430866283000000294e+00
6.856782940000000215e-01	3.385956509999999975e-01	5.779510146999999876e+00	6.856782940000000215e-01	4.088740749000000285e+00	2.915815719999999889e+00	8.428894717000000369e+00
7.098565079999999972e-01	3.628027650000000270e-01	5.981806546999999696e+00	7.098565079999999972e-01	1.925547270999999894e+00	3.255187938999999808e+00	8.426782703000000652e+00
7.348872889999999991e-01	3.887334020000000057e-01	6.191072896999999742e+00	7.348872889999999991e-01	9.461134289999999503e-01	3.389769523000000007e+00	8.424520315000000537e+00
7.608006990000000247e-01	4.165092209999999850e-01	6.407537238999999829e+00	7.608006990000000247e-01	-5.574853979999999654e-01	3.645389694999999985e+00	8.422096938999999338e+00
7.876278610000000402e-01	4.462603159999999902e-01	6.631433741999999576e+00	7.876278610000000402e-01	-1.797116302999999915e+00	4.793511292999999895e+00	8.419501224999999422e+00
8.154009960000000445e-01	4.781257729999999762e-01	6.863002715000000364e+00	8.154009960000000445e-01	-2.493494872999999945e+00	6.267485144000000119e+00	8.416721038000000377e+00
8.441534600000000221e-01	5.122542669999999854e-01	7.102490602999999680e+00	8.441534600000000221e-01	-2.518980201000000196e+00	8.009971150000000151e+00	8.413743404999999953e+00
8.739197859999999762e-01	5.488046949999999535e-01	7.350149953999999930e+00	8.739197859999999762e-01	-1.944859415999999896e+00	9.185334348999999676e+00	8.410554464000000507e+00
9.047357240000000189e-01	5.879468380000000272e-01	7.606239354999999591e+00	9.047357240000000189e-01	-1.818833138000000016e+00	1.055110881100000064e+01	8.407139401000000234e+00
9.366382869999999583e-01	6.298620729999999668e-01	7.871023349999999752e+00	9.366382869999999583e-01	-4.460289190000000237e-01	1.275131679599999934e+01	8.403482392000000800e+00
9.696657890000000002e-01	6.747441159999999494e-01	8.144772314000000790e+00	9.696657890000000002e-01	3.371795629999999822e+00	1.353055180099999966e+01	8.399566534999999945e+00
1.003857898999999998e+00	7.227998110000000143e-01	8.427762291000000516e+00	1.003857898999999998e+00	5.116220239999999642e+00	9.614499917999999923e+00	8.395373784000000228e+00
1.039255682999999930e+00	7.742499560000000169e-01	8.720274789999999498e+00	1.039255682999999930e+00	3.210260274999999996e+00	8.767922682000000023e+00	8.390884873999999272e+00
1.075901653999999930e+00	8.293301809999999996e-01	9.022596533999999835e+00	1.075901653999999930e+00	3.017624012999999827e+00	9.365664097999999882e+00	8.386079246999999626e+00
1.113839825999999977e+00	8.882918640000000421e-01	9.335019153999999375e+00	1.113839825999999977e+00	3.819888645999999888e+00	8.743920378000000326e+00	8.380934971000000289e+00
1.153115764999999904e+00	9.514030909999999785e-01	9.657838821000000351e+00	1.153115764999999904e+00	2.846508843000000066e+00	7.917562812999999977e+00	8.375428655000000333e+00
1.193776641999999999e+00	1.018949665999999921e+00	9.991355820000000776e+00	1.193776641999999999e+00	1.754302990000000007e+00	7.445320298000000392e+00	8.369535364000000754e+00
1.235871291999999899e+00	1.091236164999999980e+00	1.033587404100000029e+01	1.235871291999999899e+00	-4.169831899999999758e-02	8.446265085000000283e+00	8.363228524000000164e+00
1.279450272999999916e+00	1.168587032000000026e+00	1.069170039800000005e+01	1.279450272999999916e+00	-1.089731188000000017e+00	1.055036289300000085e+01	8.356479826999999361e+00
1.324565924999999922e+00	1.251347723999999939e+00	1.105914415099999992e+01	1.324565924999999922e+00	-2.040668919999999997e-01	1.350251138299999987e+01	8.349259133000000332e+00
1.371272433999999985e+00	1.339885889999999913e+00	1.143851613600000050e+01	1.371272433999999985e+00	3.523572766000000023e+00	1.515526075300000031e+01	8.341534364999999340e+00
1.419625896000000109e+00	1.434592604000000104e+00	1.183012788499999957e+01	1.419625896000000109e+00	5.861446178999999645e+00	1.213740380399999985e+01	8.333271401999999384e+00
1.469684385999999954e+00	1.535883619999999894e+00	1.223429063000000028e+01	1.469684385999999954e+00	4.216609107000000023e+00	1.028928301300000037e+01	8.324433970999999488e+00
1.521508026000000013e+00	1.644200670999999891e+00	1.265131417199999930e+01	1.521508026000000013e+00	3.405672559000000099e+00	1.100104618700000003e+01	8.314983528999999152e+00
1.575159057000000029e+00	1.760012788000000050e+00	1.308150561899999964e+01	1.575159057000000029e+00	4.677133944999999571e+00	1.105110825999999946e+01	8.304879155000000068e+00
1.630701917999999973e+00	1.883817652000000065e+00	1.352516796599999971e+01	1.630701917999999973e+00	4.387006837999999576e+00	8.633892918000000805e+00	8.294077426999999503e+00
1.688203316999999926e+00	2.016142945999999991e+00	1.398259850500000034e+01	1.688203316999999926e+00	1.422192630000000069e+00	8.010432064999999824e+00	8.282532304000000067e+00
1.747732314999999925e+00	2.157547720999999807e+00	1.445408707200000009e+01	1.747732314999999925e+00	-9.413104690000000385e-01	9.597924737999999678e+00	8.270195009000000042e+00
1.809360410999999891e+00	2.308623755999999805e+00	1.493991407899999935e+01	1.809360410999999891e+00	-1.955492016000000000e+00	1.186310809699999957e+01	8.257013908999999430e+00
1.873161620000000083e+00	2.469996891000000083e+00	1.544034835999999977e+01	1.873161620000000083e+00	-1.990441160000000043e+00	1.371849064899999959e+01	8.242934400999999411e+00
1.939212571999999968e+00	2.642328330999999864e+00	1.595564478400000041e+01	1.939212571999999968e+00	-2.099042487000000179e+00	1.531369510200000050e+01	8.227898793999999683e+00
2.007592595999999840e+00	2.826315896000000105e+00	1.648604163599999950e+01	2.007592595999999840e+00	-2.049631863000000109e+00	1.715807267599999975e+01	8.211846204000000427e+00
2.078383818999999910e+00	3.022695194000000196e+00	1.703175774600000025e+01	2.078383818999999910e+00	-1.056479640000000053e+00	1.877992819600000018e+01	8.194712446000000483e+00
2.151671263999999972e+00	3.232240701999999910e+00	1.759298936000000069e+01	2.151671263999999972e+00	-9.606899920000000481e-01	2.038150704399999924e+01	8.176429948999999198e+00
2.227542951999999854e+00	3.455766715999999850e+00	1.816990672700000076e+01	2.227542951999999854e+00	4.355263770000000201e-01	2.301815062600000061e+01	8.156927663999999467e+00
2.306090009000000052e+00	3.694128150000000055e+00	1.876265040299999853e+01	2.306090009000000052e+00	4.599249447000000046e+00	2.498063992399999833e+01	8.136130997000000420e+00
2.387406771999999844e+00	3.948221148000000014e+00	1.937132725400000055e+01	2.387406771999999844e+00	8.828807821999999916e+00	2.189653639799999851e+01	8.113961761000000550e+00
2.471590905999999865e+00	4.218983460999999657e+00	1.999600615499999989e+01	2.471590905999999865e+00	7.719337731999999619e+00	1.772704300299999858e+01	8.090338131999999405e+00
2.558743520000000160e+00	4.507394559999999828e+00	2.063671337699999953e+01	2.558743520000000160e+00	4.988244268999999953e+00	1.617140160399999971e+01	8.065174650999999528e+00
2.648969287999999978e+00	4.814475434000000220e+00	2.129342765599999865e+01	2.648969287999999978e+00	1.826568103000000054e+00	1.691943418299999990e+01	8.038382233000000099e+00
2.742376573000000040e+00	5.141288018000000015e+00	2.196607496100000034e+01	2.742376573000000040e+00	-5.851083879999999793e-01	1.936976961799999941e+01	8.009868219999999539e+00
2.839077563000000026e+00	5.488934197999999931e+00	2.265452295100000057e+01	2.839077563000000026e+00	-1.595435037999999972e+00	2.270422038799999953e+01	7.979536468000000049e+00
2.939188398999999841e+00	5.858554337000000167e+00	2.335857515200000023e+01	2.939188398999999841e+00	-9.845660689999999882e-01	2.638526109800000086e+01	7.947287475999999629e+00
3.042829316999999811e+00	6.251325263000000021e+00	2.407796486200000174e+01	3.042829316999999811e+00	9.262668889999999822e-01	2.854728958300000130e+01	7.913018560000000257e+00
3.150124796000000060e+00	6.668457634000000134e+00	2.481234882400000075e+01	3.150124796000000060e+00	2.155852337999999868e+00	2.945983442100000005e+01	7.876624081000000110e+00
3.261203699999999817e+00	7.111192641999999786e+00	2.556130070100000040e+01	3.261203699999999817e+00	1.716081111999999909e+00	3.127896726299999841e+01	7.837995736999999963e+00
3.376199440999999801e+00	7.580797959999999946e+00	2.632430440399999938e+01	3.376199440999999801e+00	1.628139309999999895e+00	3.581322306100000219e+01	7.797022914000000249e+00
3.495250132999999870e+00	8.078562873999999283e+00	2.710074734399999841e+01	3.495250132999999870e+00	7.035758439000000308e+00	4.262075892400000043e+01	7.753593108999999650e+00
3.618498760000000036e+00	8.605792530000000440e+00	2.788991366999999855e+01	3.618498760000000036e+00	1.910873242399999938e+01	3.973324721499999868e+01	7.707592435999999658e+00
3.746093349000000128e+00	9.163801233999999241e+00	2.869097759099999934e+01	3.746093349000000128e+00	1.926101510000000161e+01	2.994799877100000174e+01	7.658906205000000078e+00
3.878187146000000141e+00	9.753904735000000770e+00	2.950299689899999933e+01	3.878187146000000141e+00	1.349174194200000088e+01	2.755353059500000157e+01	7.607419598999999977e+00
4.014938800999999557e+00	1.037741144700000007e+01	3.032490678899999992e+01	4.014938800999999557e+00	9.847360091000000537e+00	3.026865268399999920e+01	7.553018437999999612e+00
4.156512558000000190e+00	1.103561257299999987e+01	3.115551413600000075e+01	4.156512558000000190e+00	8.560976688000000223e+00	3.429686347500000210e+01	7.495590040999999815e+00
4.303078454000000441e+00	1.172977109099999993e+01	3.199349237799999912e+01	4.303078454000000441e+00	9.918524387999999803e+00	3.977435008900000213e+01	7.435024185999999702e+00
4.454812518999999860e+00	1.246110960300000059e+01	3.283737716800000328e+01	4.454812518999999860e+00	1.714158378300000152e+01	4.477774795799999907e+01	7.371214171000000093e+00
4.611896992000000139e+00	1.323079705900000036e+01	3.368556298099999680e+01	4.611896992000000139e+00	2.259586671799999991e+01	4.054430693399999797e+01	7.304057969999999678e+00
4.774520539000000063e+00	1.403993439199999926e+01	3.453630088300000267e+01	4.774520539000000063e+00	2.427343272899999960e+01	3.674207870099999695e+01	7.233459486000000105e+00
4.942878474999999661e+00	1.488953912999999929e+01	3.538769764900000325e+01	4.942878474999999661e+00	2.421344229199999987e+01	3.569903869200000202e+01	7.159329898000000192e+00
5.117173006999999885e+00	1.578052909500000034e+01	3.623771645699999766e+01	5.117173006999999885e+00	2.343460976600000123e+01	3.391380638900000122e+01	7.081589074000000039e+00
5.297613468999999853e+00	1.671370531699999873e+01	3.708417934900000290e+01	5.297613468999999853e+00	2.166113921099999828e+01	3.387456586199999720e+01	7.000167068999999742e+00
5.484416576000000099e+00	1.768973435199999855e+01	3.792477169099999657e+01	5.484416576000000099e+00	2.052261411299999949e+01	3.590838223800000151e+01	6.915005664999999802e+00
5.677806688000000435e+00	1.870913021000000143e+01	3.875704879399999925e+01	5.677806688000000435e+00	2.184429398700000036e+01	4.005627297699999900e+01	6.826059942999999741e+00
5.878016072000000314e+00	1.977223617399999966e+01	3.957844488899999646e+01	5.878016072000000314e+00	2.821233424700000114e+01	4.168458464700000121e+01	6.733299876000000239e+00
6.085285189999999567e+00	2.087920680299999887e+01	4.038628458499999851e+01	6.085285189999999567e+00	3.261388398300000091e+01	3.521396065300000089e+01	6.636711892000000113e+00
6.299862978000000169e+00	2.202999045700000025e+01	4.117779692300000249e+01	6.299862978000000169e+00	2.817906146500000020e+01	2.993670846799999907e+01	6.536300403000000259e+00
6.522007154999999834e+00	2.322431274699999904e+01	4.195013207000000222e+01	6.522007154999999834e+00	2.299104278900000153e+01	3.109056380299999844e+01	6.432089244000000150e+00
6.751984522999999960e+00	2.446166129599999906e+01	4.270038065899999680e+01	6.751984522999999960e+00	2.042031828700000062e+01	3.485574984000000143e+01	6.324123005999999769e+00
6.990071294999999907e+00	2.574127224700000127e+01	4.342559570299999905e+01	6.990071294999999907e+00	2.052905032500000004e+01	3.837167687400000204e+01	6.212468208999999852e+00
7.236553423000000151e+00	2.706211896800000005e+01	4.412281694200000004e+01	7.236553423000000151e+00	2.122935257199999981e+01	4.131414225099999982e+01	6.097214290000000148e+00
7.491726940999999584e+00	2.842290336699999997e+01	4.478909740600000333e+01	7.491726940999999584e+00	2.196950161099999832e+01	4.469628093699999738e+01	5.978474356999999628e+00
7.755898323000000261e+00	2.982205025500000062e+01	4.542153188500000027e+01	7.755898323000000261e+00	2.420171144700000099e+01	4.774646579200000218e+01	5.856385680999999899e+00
8.029384849999999574e+00	3.125770512400000101e+01	4.601728693599999787e+01	8.029384849999999574e+00	2.581816198299999954e+01	5.125466567699999842e+01	5.731109891000000012e+00
8.312514990000000381e+00	3.272773567600000177e+01	4.657363195700000347e+01	8.312514990000000381e+00	3.125559600100000068e+01	5.568987318599999981e+01	5.602832839000000398e+00
8.605628792999999277e+00	3.422973735800000128e+01	4.708797080000000079e+01	8.605628792999999277e+00	4.021895180700000338e+01	5.335352024899999890e+01	5.471764112999999874e+00
8.909078300999999200e+00	3.576104309499999800e+01	4.755787332700000292e+01	8.909078300999999200e+00	3.979386566299999828e+01	4.961363633500000248e+01	5.338136193000000418e+00
9.223227968999999860e+00	3.731873728099999710e+01	4.798110629100000324e+01	9.223227968999999860e+00	4.097402607299999744e+01	4.976941946600000222e+01	5.202203225999999958e+00
9.548455103000000221e+00	3.889967400900000172e+01	4.835566285600000214e+01	9.548455103000000221e+00	4.244948727100000241e+01	5.086987848300000081e+01	5.064239433000000012e+00
9.885150314000000549e+00	4.050049939699999868e+01	4.867979010599999867e+01	9.885150314000000549e+00	4.658551149000000180e+01	4.914553787100000193e+01	4.924537165000000272e+00
1.023371798600000027e+01	4.211767773700000106e+01	4.895201387800000248e+01	1.023371798600000027e+01	4.728547215599999731e+01	4.710483929299999772e+01	4.783404617999999608e+00
1.059457676399999926e+01	4.374752108199999867e+01	4.917116032799999914e+01	1.059457676399999926e+01	4.709192133599999863e+01	4.622835410399999745e+01	4.641163249999999962e+00
1.096816005300000008e+01	4.538622179299999715e+01	4.933637366399999991e+01	1.096816005300000008e+01	4.617044271500000008e+01	4.671010453800000306e+01	4.498144941999999702e+00
1.135491654099999970e+01	4.702988744200000326e+01	4.944712959999999669e+01	1.135491654099999970e+01	4.794207748800000246e+01	4.868916584200000131e+01	4.354688950999999975e+00
1.175531073900000045e+01	4.867457741399999804e+01	4.950324417400000243e+01	1.175531073900000045e+01	5.148501034299999901e+01	4.804948953400000278e+01	4.211138715999999782e+00
1.216982353600000089e+01	5.031634047200000026e+01	4.950487768699999691e+01	1.216982353600000089e+01	5.205039465800000187e+01	4.508327634100000125e+01	4.067838580000000093e+00
1.259895277799999924e+01	5.195125253799999854e+01	4.945253368299999863e+01	1.259895277799999924e+01	4.876152123699999663e+01	4.443534513099999828e+01	3.925130488999999834e+00
1.304321386700000041e+01	5.357545391000000023e+01	4.934705296300000299e+01	1.304321386700000041e+01	4.630688317599999948e+01	4.879147287400000010e+01	3.783350749999999874e+00
1.350314037899999953e+01	5.518518517500000087e+01	4.918960284199999933e+01	1.350314037899999953e+01	4.886640757600000029e+01	5.575910692899999788e+01	3.642826888000000096e+00
1.397928470299999937e+01	5.677682111699999723e+01	4.898166189500000200e+01	1.397928470299999937e+01	5.710668848699999955e+01	5.965423113399999977e+01	3.503874693000000207e+00
1.447221870699999968e+01	5.834690197500000153e+01	4.872500063199999687e+01	1.447221870699999968e+01	6.575902271100000007e+01	5.688615048300000154e+01	3.366795487000000087e+00
1.498253442699999916e+01	5.989216152099999846e+01	4.842165857700000231e+01	1.498253442699999916e+01	6.863519120300000509e+01	5.064302583100000277e+01	3.231873674000000030e+00
1.551084477000000028e+01	6.140955149300000215e+01	4.807391835100000321e+01	1.551084477000000028e+01	6.885186069099999884e+01	4.667380600500000298e+01	3.099374602999999784e+00
1.605778425800000164e+01	6.289626207799999946e+01	4.768427736900000014e+01	1.605778425800000164e+01	6.656542158300000267e+01	4.466248544900000184e+01	2.969542784000000157e+00
1.662400978899999870e+01	6.434973820499999420e+01	4.725541782900000243e+01	1.662400978899999870e+01	6.540383243300000515e+01	4.847982853799999958e+01	2.842600457000000080e+00
1.721020142200000080e+01	6.576769158400000492e+01	4.679017565400000223e+01	1.721020142200000080e+01	7.001706742499999336e+01	5.167220727400000158e+01	2.718746545000000125e+00
1.781706319499999935e+01	6.714810848599999815e+01	4.629150903899999747e+01	1.781706319499999935e+01	7.773767206700000543e+01	5.107791070900000108e+01	2.598155966000000205e+00
1.844532397600000095e+01	6.848925341000000344e+01	4.576246722999999861e+01	1.844532397600000095e+01	8.370942886299999941e+01	4.200422090200000014e+01	2.480979313999999825e+00
1.909573832899999957e+01	6.978966883699999357e+01	4.520616008300000033e+01	1.909573832899999957e+01	8.067945709500000362e+01	3.515424306599999937e+01	2.367342874999999847e+00
1.976908742799999885e+01	7.104817137599999910e+01	4.462572892200000041e+01	1.976908742799999885e+01	7.595296699700000431e+01	3.217880676699999754e+01	2.257348959000000210e+00
2.046617999400000087e+01	7.226384465300000670e+01	4.402431911200000059e+01	2.046617999400000087e+01	7.213325918500000000e+01	3.354972462599999972e+01	2.151076514000000106e+00
2.118785326100000077e+01	7.343602934700000162e+01	4.340505469299999675e+01	2.118785326100000077e+01	7.102257563300000243e+01	3.542382278899999903e+01	2.048581994000000073e+00
2.193497398899999951e+01	7.456431078599999296e+01	4.277101533900000163e+01	2.193497398899999951e+01	7.205752554100000395e+01	3.729580782800000094e+01	1.949900436000000070e+00
2.270843949900000069e+01	7.564850455799999907e+01	4.212521583600000241e+01	2.270843949900000069e+01	7.292576570800000013e+01	3.807354438200000146e+01	1.855046704000000046e+00
2.350917875500000065e+01	7.668864056399999640e+01	4.147058817199999936e+01	2.350917875500000065e+01	7.405250846699999556e+01	3.886770381600000235e+01	1.764016881000000092e+00
2.433815347499999859e+01	7.768494592899999418e+01	4.080996628199999776e+01	2.433815347499999859e+01	7.611431843799999797e+01	4.001843128099999802e+01	1.676789749999999968e+00
2.519635929300000043e+01	7.863782717499999819e+01	4.014607343499999814e+01	2.519635929300000043e+01	7.945227263300000686e+01	3.955856611499999786e+01	1.593328343999999896e+00
2.608482694799999990e+01	7.954785202399999378e+01	3.948151216099999772e+01	2.608482694799999990e+01	8.147206741300000488e+01	3.721841252200000127e+01	1.513581524999999983e+00
2.700462352399999943e+01	8.041573113900000180e+01	3.881875662899999924e+01	2.700462352399999943e+01	8.173435139500000446e+01	3.542826398999999782e+01	1.437485569999999990e+00
2.795685373499999926e+01	8.124230011599999557e+01	3.816014728599999728e+01	2.795685373499999926e+01	8.202800190400000702e+01	3.500318997200000126e+01	1.364965731000000071e+00
2.894266124700000020e+01	8.202850194299999487e+01	3.750788760300000035e+01	2.894266124700000020e+01	8.310694557200000077e+01	3.427323776000000066e+01	1.295937761000000021e+00
2.996323005500000036e+01	8.277537014300000351e+01	3.686404271499999652e+01	2.996323005500000036e+01	8.326511784199999511e+01	3.256383902799999674e+01	1.230309370999999929e+00
3.101978590099999877e+01	8.348401276100000246e+01	3.623053975399999871e+01	3.101978590099999877e+01	8.273480827599999543e+01	3.223466487200000330e+01	1.167981619000000082e+00
3.211359775300000052e+01	8.415559730100000024e+01	3.560916966100000280e+01	3.211359775300000052e+01	8.425787522400000285e+01	3.264869020199999738e+01	1.108850211000000030e+00
3.324597932300000025e+01	8.479133672000000388e+01	3.500159026499999726e+01	3.324597932300000025e+01	8.588685904599999787e+01	2.999989200899999986e+01	1.052806715000000004e+00
3.441829064499999902e+01	8.539247650999999451e+01	3.440933044399999829e+01	3.441829064499999902e+01	8.410036220800000706e+01	2.797780408199999869e+01	9.997396670000000540e-01
3.563193971199999766e+01	8.596028291599999704e+01	3.383379515600000076e+01	3.563193971199999766e+01	8.208231424599999571e+01	2.891347752700000129e+01	9.495355970000000090e-01
3.688838416699999811e+01	8.649603227199999367e+01	3.327627118000000195e+01	3.688838416699999811e+01	8.226657769700000244e+01	2.991845138400000081e+01	9.020799350000000549e-01
3.818913304800000219e+01	8.700100144399999635e+01	3.273793339400000235e+01	3.818913304800000219e+01	8.279534562499999595e+01	3.160334433099999885e+01	8.572578320000000529e-01
3.953574860700000215e+01	8.747645936000000688e+01	3.221985145299999687e+01	3.953574860700000215e+01	8.454146014600000569e+01	3.234931560999999789e+01	8.149548850000000177e-01
4.092984818499999733e+01	8.792365954900000702e+01	3.172299672200000131e+01	4.092984818499999733e+01	8.673804384899999320e+01	3.204442523800000231e+01	7.750577669999999531e-01
4.237310614900000161e+01	8.834383366100000501e+01	3.124824937400000024e+01	4.237310614900000161e+01	8.856864137099999823e+01	3.059800907500000022e+01	7.374547729999999524e-01
4.386725590999999724e+01	8.873818588899999327e+01	3.079640552300000067e+01	4.386725590999999724e+01	8.893932641099999614e+01	2.854751762700000128e+01	7.020362879999999528e-01
4.541409200399999690e+01	8.910788822799999309e+01	3.036818434199999928e+01	4.541409200399999690e+01	8.849010705899999607e+01	2.744875444499999873e+01	6.686951780000000012e-01
4.701547224000000114e+01	8.945407649999999933e+01	2.996423506400000036e+01	4.701547224000000114e+01	8.782921219300000359e+01	2.715716766499999935e+01	6.373271099999999745e-01
4.867331994199999912e+01	8.977784708000000080e+01	2.958514384400000097e+01	4.867331994199999912e+01	8.781319221600000446e+01	2.735755716899999967e+01	6.078308169999999677e-01
5.038962625100000281e+01	9.008025423799999487e+01	2.923144039700000008e+01	5.038962625100000281e+01	8.812742464100000461e+01	2.731648605699999877e+01	5.801083000000000212e-01
5.216645251900000346e+01	9.036230804299999875e+01	2.890360442100000071e+01	5.216645251900000346e+01	8.832133052099999304e+01	2.714238412899999986e+01	5.540649789999999575e-01
5.400593278499999883e+01	9.062497275600000535e+01	2.860207173599999919e+01	5.400593278499999883e+01	8.833095011599999680e+01	2.708800667699999920e+01	5.296098089999999869e-01
5.591027634099999943e+01	9.086916565200000662e+01	2.832724015899999870e+01	5.591027634099999943e+01	8.833538530500000263e+01	2.750112037499999929e+01	5.066553419999999530e-01
5.788177037700000227e+01	9.109575620699999376e+01	2.807947507700000145e+01	5.788177037700000227e+01	8.906372946499999443e+01	2.816486697999999933e+01	4.851177649999999786e-01
5.992278273800000221e+01	9.130556559800000116e+01	2.785911473000000171e+01	5.992278273800000221e+01	9.049988619900000231e+01	2.838967783800000078e+01	4.649169060000000187e-01
6.203576476100000292e+01	9.149936647100000187e+01	2.766647519200000005e+01	6.203576476100000292e+01	9.170570130800000186e+01	2.754739898800000120e+01	4.459762090000000123e-01
6.422325422199999423e+01	9.167788291600000150e+01	2.750185506300000071e+01	6.422325422199999423e+01	9.209633311300000003e+01	2.606151129099999864e+01	4.282226960000000138e-01
6.648787838399999828e+01	9.184179062100000124e+01	2.736553987499999963e+01	6.648787838399999828e+01	9.178051923499999987e+01	2.562542250799999977e+01	4.115869019999999767e-01
6.883235715099999652e+01	9.199171715500000346e+01	2.725780621699999884e+01	6.883235715099999652e+01	9.167970935799999666e+01	2.520040884999999875e+01	3.960028010000000154e-01
7.125950633600000117e+01	9.212824234999999362e+01	2.717892560599999996e+01	7.125950633600000117e+01	9.135041130599999804e+01	2.498376151900000153e+01	3.814077169999999795e-01
7.377224104200000454e+01	9.225189874699999848e+01	2.712916809600000079e+01	7.377224104200000454e+01	9.116414253799999301e+01	2.533444285099999860e+01	3.677422249999999782e-01
7.637357916400000590e+01	9.236317208100000187e+01	2.710880565300000100e+01	7.637357916400000590e+01	9.147549883199999954e+01	2.572327194500000047e+01	3.549500489999999897e-01
7.906664501299999870e+01	9.246250177400000325e+01	2.711811531400000064e+01	7.906664501299999870e+01	9.189446407900000224e+01	2.551621860999999925e+01	3.429779439999999791e-01
8.185467307099999346e+01	9.255028141799999730e+01	2.715738212600000168e+01	8.185467307099999346e+01	9.222120728400000189e+01	2.558812830999999832e+01	3.317755860000000112e-01
8.474101186900000471e+01	9.262685921599999972e+01	2.722690190599999838e+01	8.474101186900000471e+01	9.223836482299999773e+01	2.543197251300000161e+01	3.212954539999999803e-01
8.772912801600000421e+01	9.269253837899999837e+01	2.732698381799999865e+01	8.772912801600000421e+01	9.245823313600000404e+01	2.532660277500000134e+01	3.114927100000000060e-01
9.082261035999999876e+01	9.274757744800000125e+01	2.745795278499999981e+01	9.082261035999999876e+01	9.283006910699999992e+01	2.531254635899999883e+01	3.023250780000000248e-01
9.402517429700000662e+01	9.279219052499999520e+01	2.762015175999999883e+01	9.402517429700000662e+01	9.299715574100000026e+01	2.445073406399999882e+01	2.937527309999999892e-01
9.734066623399999685e+01	9.282654741100000706e+01	2.781394385799999824e+01	9.734066623399999685e+01	9.226176128199999482e+01	2.383492253300000030e+01	2.857381700000000135e-01
1.007730682090000016e+02	9.285077362200000550e+01	2.803971437599999916e+01	1.007730682090000016e+02	9.108445580299999733e+01	2.401694606099999874e+01	2.782461119999999899e-01
1.043265026760000040e+02	9.286495028299999888e+01	2.829787269499999880e+01	1.043265026760000040e+02	9.051053824699999950e+01	2.493313678199999828e+01	2.712433750000000088e-01
1.080052374520000029e+02	9.286911387199999979e+01	2.858885409699999869e+01	1.080052374520000029e+02	9.021389771600000529e+01	2.582708080200000111e+01	2.646987749999999973e-01
1.118136908430000034e+02	9.286325582599999962e+01	2.891312149599999870e+01	1.118136908430000034e+02	9.023356827599999974e+01	2.651170302399999912e+01	2.585830170000000261e-01
1.157564369549999981e+02	9.284732197399999620e+01	2.927116709399999905e+01	1.157564369549999981e+02	9.032098277100000416e+01	2.732473763200000150e+01	2.528685909999999759e-01
1.198382111850000058e+02	9.282121179300000335e+01	2.966351398400000150e+01	1.198382111850000058e+02	9.025228039700000693e+01	2.782117388200000008e+01	2.475296790000000025e-01
1.240639159060000054e+02	9.278477748800000313e+01	3.009071769099999827e+01	1.240639159060000054e+02	9.041613759300000197e+01	2.854117059100000020e+01	2.425420600000000038e-01
1.284386263590000112e+02	9.273782285699999761e+01	3.055336768100000100e+01	1.284386263590000112e+02	9.030099154699999531e+01	2.923224411800000055e+01	2.378830150000000032e-01
1.329675967469999875e+02	9.268010195700000509e+01	3.105208882899999878e+01	1.329675967469999875e+02	9.050228681400000141e+01	3.002709880600000147e+01	2.335312479999999968e-01
1.376562665440000046e+02	9.261131753799999444e+01	3.158754286899999997e+01	1.376562665440000046e+02	9.083727819700000339e+01	3.102290899600000174e+01	2.294667989999999991e-01
1.425102670299999943e+02	9.253111923500000557e+01	3.216042981799999723e+01	1.425102670299999943e+02	9.133763148699999590e+01	3.144446855800000051e+01	2.256709670000000001e-01
1.475354280560000007e+02	9.243910150300000339e+01	3.277148940200000027e+01	1.475354280560000007e+02	9.153544295400000408e+01	3.180564439300000146e+01	2.221262370000000042e-01
1.527377850389999878e+02	9.233480128600000114e+01	3.342150246399999958e+01	1.527377850389999878e+02	9.129109457799999916e+01	3.230630096099999804e+01	2.188162050000000136e-01
1.581235862199999929e+02	9.221769538499999896e+01	3.411129239299999938e+01	1.581235862199999929e+02	9.120597215300000471e+01	3.350909282800000000e+01	2.157255170000000055e-01
