1.000000000000000021e-02	9.044199999999999906e-05	9.338331800000000682e-02	1.000000000000000021e-02	-2.953654299999999844e-02	-2.183428499999999842e-02	9.338331779000000665e+00
1.035261699999999972e-02	9.693300000000000180e-05	9.667617000000000571e-02	1.035261699999999972e-02	-3.172473900000000180e-02	-2.166769799999999913e-02	9.338331138999999226e+00
1.071766900000000085e-02	1.038889999999999942e-04	1.000851330000000067e-01	1.071766900000000085e-02	-3.402160800000000179e-02	-2.140709999999999835e-02	9.338330451999999227e+00
1.109559300000000082e-02	1.113449999999999987e-04	1.036143020000000053e-01	1.109559300000000082e-02	-3.642852399999999685e-02	-2.104208700000000098e-02	9.338329716000000502e+00
1.148684300000000005e-02	1.193359999999999972e-04	1.072679140000000059e-01	1.148684300000000005e-02	-3.894617100000000165e-02	-2.056155200000000030e-02	9.338328927999999252e+00
1.189188899999999924e-02	1.278999999999999918e-04	1.110503580000000018e-01	1.189188899999999924e-02	-4.157440999999999914e-02	-1.995369699999999941e-02	9.338328083000000390e+00
1.231121699999999930e-02	1.370789999999999932e-04	1.149661770000000027e-01	1.231121699999999930e-02	-4.431213500000000249e-02	-1.920606000000000049e-02	9.338327178000000117e+00
1.274533299999999932e-02	1.469169999999999894e-04	1.190200730000000040e-01	1.274533299999999932e-02	-4.715710800000000313e-02	-1.830555799999999955e-02	9.338326206999999712e+00
1.319475500000000072e-02	1.574609999999999888e-04	1.232169149999999963e-01	1.319475500000000072e-02	-5.010578699999999885e-02	-1.723855700000000157e-02	9.338325167000000704e+00
1.366002499999999925e-02	1.687609999999999924e-04	1.275617430000000052e-01	1.366002499999999925e-02	-5.315312999999999982e-02	-1.599096300000000040e-02	9.338324052000000819e+00
1.414170200000000079e-02	1.808719999999999989e-04	1.320597759999999898e-01	1.414170200000000079e-02	-5.629239500000000201e-02	-1.454835800000000082e-02	9.338322856999999644e+00
1.464036299999999999e-02	1.938529999999999886e-04	1.367164160000000073e-01	1.464036299999999999e-02	-5.951491600000000104e-02	-1.289616099999999974e-02	9.338321577000000318e+00
1.515660800000000023e-02	2.077650000000000005e-04	1.415372550000000007e-01	1.515660800000000023e-02	-6.280988599999999533e-02	-1.101984699999999928e-02	9.338320204000000402e+00
1.569105599999999837e-02	2.226759999999999937e-04	1.465280830000000034e-01	1.569105599999999837e-02	-6.616411199999999715e-02	-8.905213000000000365e-03	9.338318732999999483e+00
1.624435000000000115e-02	2.386570000000000022e-04	1.516948929999999973e-01	1.624435000000000115e-02	-6.956178999999999835e-02	-6.538707999999999847e-03	9.338317156000000452e+00
1.681715400000000082e-02	2.557840000000000027e-04	1.570438919999999905e-01	1.681715400000000082e-02	-7.298427300000000228e-02	-3.907840999999999572e-03	9.338315466999999259e+00
1.741015699999999902e-02	2.741409999999999897e-04	1.625815019999999889e-01	1.741015699999999902e-02	-7.640985999999999612e-02	-1.001661000000000044e-03	9.338313656000000407e+00
1.802406900000000020e-02	2.938150000000000050e-04	1.683143749999999883e-01	1.802406900000000020e-02	-7.981360599999999528e-02	2.188661000000000165e-03	9.338311713999999597e+00
1.865962900000000049e-02	3.149010000000000264e-04	1.742493950000000014e-01	1.865962900000000049e-02	-8.316718600000000405e-02	5.669155000000000375e-03	9.338309633999999804e+00
1.931760000000000074e-02	3.375009999999999794e-04	1.803936909999999949e-01	1.931760000000000074e-02	-8.643880499999999356e-02	9.442249999999999255e-03	9.338307404000000034e+00
1.999877300000000094e-02	3.617219999999999767e-04	1.867546390000000001e-01	1.999877300000000094e-02	-8.959320399999999573e-02	1.350585800000000079e-02	9.338305014999999543e+00
2.070396399999999831e-02	3.876819999999999789e-04	1.933398809999999912e-01	2.070396399999999831e-02	-9.259177600000000063e-02	1.785231600000000002e-02	9.338302454000000807e+00
2.143402200000000049e-02	4.155040000000000252e-04	2.001573249999999971e-01	2.143402200000000049e-02	-9.539283099999999738e-02	2.246719200000000041e-02	9.338299708999999282e+00
2.218982300000000088e-02	4.453239999999999803e-04	2.072151560000000114e-01	2.218982300000000088e-02	-9.795204799999999989e-02	2.732793799999999954e-02	9.338296766999999221e+00
2.297227500000000033e-02	4.772830000000000041e-04	2.145218520000000129e-01	2.297227500000000033e-02	-1.002231759999999972e-01	3.240241499999999691e-02	9.338293613999999465e+00
2.378231800000000021e-02	5.115360000000000436e-04	2.220861869999999905e-01	2.378231800000000021e-02	-1.021590299999999979e-01	3.764726499999999920e-02	9.338290235000000550e+00
2.462092399999999889e-02	5.482469999999999705e-04	2.299172449999999923e-01	2.462092399999999889e-02	-1.037128600000000039e-01	4.300618199999999697e-02	9.338286612999999292e+00
2.548910100000000012e-02	5.875929999999999695e-04	2.380244300000000091e-01	2.548910100000000012e-02	-1.048401709999999959e-01	4.840809199999999979e-02	9.338282730999999615e+00
2.638789100000000012e-02	6.297619999999999650e-04	2.464174779999999954e-01	2.638789100000000012e-02	-1.055010789999999976e-01	5.376530300000000040e-02	9.338278571000000028e+00
2.731837399999999944e-02	6.749580000000000250e-04	2.551064670000000034e-01	2.731837399999999944e-02	-1.056633099999999964e-01	5.897170300000000032e-02	9.338274112000000571e+00
2.828166799999999939e-02	7.233969999999999723e-04	2.641018310000000091e-01	2.828166799999999939e-02	-1.053059509999999949e-01	6.390110300000000076e-02	9.338269332999999506e+00
2.927892899999999868e-02	7.753120000000000064e-04	2.734143729999999883e-01	2.927892899999999868e-02	-1.044240490000000049e-01	6.840587900000000277e-02	9.338264211000000259e+00
3.031135500000000163e-02	8.309539999999999592e-04	2.830552749999999951e-01	3.031135500000000163e-02	-1.030341869999999993e-01	7.231611300000000131e-02	9.338258721000000762e+00
3.138018599999999741e-02	8.905879999999999916e-04	2.930361140000000142e-01	3.138018599999999741e-02	-1.011811160000000015e-01	7.543947600000000531e-02	9.338252838000000722e+00
3.248670699999999661e-02	9.545019999999999763e-04	3.033688749999999823e-01	3.248670699999999661e-02	-9.894551199999999935e-02	7.756220399999999571e-02	9.338246531999999434e+00
3.363224499999999811e-02	1.023002999999999977e-03	3.140659639999999753e-01	3.363224499999999811e-02	-9.645288100000000420e-02	7.845156300000000194e-02	9.338239773999999827e+00
3.481817599999999929e-02	1.096420000000000077e-03	3.251402270000000039e-01	3.481817599999999929e-02	-9.388351799999999914e-02	7.786031300000000044e-02	9.338232530999999170e+00
3.604592599999999897e-02	1.175105999999999980e-03	3.366049589999999814e-01	3.604592599999999897e-02	-9.148333799999999738e-02	7.553377999999999481e-02	9.338224767999999898e+00
3.731696799999999897e-02	1.259438000000000094e-03	3.484739279999999884e-01	3.731696799999999897e-02	-8.957520099999999319e-02	7.122019999999999740e-02	9.338216448000000725e+00
3.863282999999999995e-02	1.349822999999999995e-03	3.607613829999999910e-01	3.863282999999999995e-02	-8.857007899999999601e-02	6.468508200000000485e-02	9.338207531000000117e+00
3.999509100000000344e-02	1.446694000000000105e-03	3.734820770000000234e-01	3.999509100000000344e-02	-8.897713999999999623e-02	5.573031400000000302e-02	9.338197973999999846e+00
4.140538800000000130e-02	1.550516999999999954e-03	3.866512839999999840e-01	4.140538800000000130e-02	-9.141138499999999778e-02	4.421864600000000034e-02	9.338187730999999658e+00
4.286541399999999752e-02	1.661790999999999919e-03	4.002848130000000171e-01	4.286541399999999752e-02	-9.659704700000000532e-02	3.010392599999999960e-02	9.338176753000000829e+00
4.437692299999999868e-02	1.781049999999999951e-03	4.143990330000000277e-01	4.437692299999999868e-02	-1.053644710000000012e-01	1.346701099999999922e-02	9.338164987000000750e+00
4.594173099999999954e-02	1.908867999999999980e-03	4.290108879999999791e-01	4.594173099999999954e-02	-1.186378030000000000e-01	-5.443426999999999814e-03	9.338152377000000115e+00
4.756171700000000335e-02	2.045857999999999791e-03	4.441379180000000204e-01	4.756171700000000335e-02	-1.374105469999999940e-01	-2.616701299999999938e-02	9.338138860999999125e+00
4.923882599999999943e-02	2.192679999999999803e-03	4.597982840000000015e-01	4.923882599999999943e-02	-1.627061910000000000e-01	-4.798775499999999999e-02	9.338124375999999671e+00
5.097507300000000269e-02	2.350037000000000133e-03	4.760107840000000201e-01	5.097507300000000269e-02	-1.955216929999999964e-01	-6.989468100000000017e-02	9.338108851999999516e+00
5.277254399999999762e-02	2.518687999999999830e-03	4.927948779999999918e-01	5.277254399999999762e-02	-2.367529559999999866e-01	-9.055297099999999599e-02	9.338092212999999475e+00
5.463339600000000074e-02	2.699440999999999907e-03	5.101707119999999707e-01	5.463339600000000074e-02	-2.871035450000000155e-01	-1.082926349999999982e-01	9.338074380000000119e+00
5.655986500000000083e-02	2.893165000000000060e-03	5.281591420000000259e-01	5.655986500000000083e-02	-3.469806619999999953e-01	-1.211219780000000051e-01	9.338055267999999742e+00
5.855426400000000170e-02	3.100791999999999785e-03	5.467817560000000077e-01	5.855426400000000170e-02	-4.163855519999999921e-01	-1.267721089999999939e-01	9.338034783999999533e+00
6.061898999999999760e-02	3.323318000000000019e-03	5.660609060000000303e-01	6.061898999999999760e-02	-4.948083209999999954e-01	-1.227761819999999976e-01	9.338012830000000264e+00
6.275652099999999567e-02	3.561813000000000045e-03	5.860197259999999631e-01	6.275652099999999567e-02	-5.811387839999999638e-01	-1.065830880000000064e-01	9.337989300000000270e+00
6.496942599999999679e-02	3.817422999999999910e-03	6.066821669999999944e-01	6.496942599999999679e-02	-6.736046070000000219e-01	-7.570057900000000395e-02	9.337964081999999166e+00
6.726036200000000409e-02	4.091375000000000393e-03	6.280730220000000363e-01	6.726036200000000409e-02	-7.697451119999999536e-01	-2.785835500000000131e-02	9.337937054999999376e+00
6.963207899999999950e-02	4.384985999999999572e-03	6.502179569999999575e-01	6.963207899999999950e-02	-8.664240260000000138e-01	3.882087000000000038e-02	9.337908088000000717e+00
7.208742799999999507e-02	4.699667000000000254e-03	6.731435409999999564e-01	7.208742799999999507e-02	-9.598780230000000246e-01	1.256537050000000044e-01	9.337877042000000571e+00
7.462935699999999339e-02	5.036930000000000227e-03	6.968772749999999627e-01	7.462935699999999339e-02	-1.045792269999999968e+00	2.332386049999999877e-01	9.337843768000000821e+00
7.726091799999999787e-02	5.398392999999999595e-03	7.214476300000000064e-01	7.726091799999999787e-02	-1.119391212000000024e+00	3.613069420000000198e-01	9.337808107000000746e+00
7.998527299999999562e-02	5.785794999999999827e-03	7.468840770000000351e-01	7.998527299999999562e-02	-1.175535073999999902e+00	5.085697839999999692e-01	9.337769887000000324e+00
8.280569399999999913e-02	6.200996000000000286e-03	7.732171230000000062e-01	8.280569399999999913e-02	-1.208821850999999947e+00	6.725354169999999687e-01	9.337728924000000319e+00
8.572556700000000252e-02	6.645990000000000057e-03	8.004783460000000073e-01	8.572556700000000252e-02	-1.213713421000000015e+00	8.492619890000000504e-01	9.337685022000000501e+00
8.874840100000000453e-02	7.122915999999999970e-03	8.287004350000000130e-01	8.874840100000000453e-02	-1.184736094000000017e+00	1.033004846999999948e+00	9.337637968999999316e+00
9.187782399999999683e-02	7.634062999999999960e-03	8.579172269999999489e-01	9.187782399999999683e-02	-1.116855095000000020e+00	1.215727690000000027e+00	9.337587539999999464e+00
9.511759699999999818e-02	8.181888000000000008e-03	8.881637470000000034e-01	9.511759699999999818e-02	-1.006192870000000017e+00	1.386489424000000081e+00	9.337533493000000462e+00
9.847161000000000108e-02	8.769021000000000107e-03	9.194762490000000232e-01	9.847161000000000108e-02	-8.513451459999999971e-01	1.530831907999999908e+00	9.337475568000000337e+00
1.019438909999999948e-01	9.398283000000000331e-03	9.518922589999999628e-01	1.019438909999999948e-01	-6.555986609999999715e-01	1.630537971999999947e+00	9.337413486000000873e+00
1.055386100000000049e-01	1.007269499999999957e-02	9.854506210000000266e-01	1.055386100000000049e-01	-4.302238059999999864e-01	1.664558404000000102e+00	9.337346950000000589e+00
1.092600860000000063e-01	1.079549699999999939e-02	1.020191539999999897e+00	1.092600860000000063e-01	-1.983953260000000107e-01	1.612435411000000096e+00	9.337275639999999655e+00
1.131127880000000058e-01	1.157015999999999947e-02	1.056156631999999984e+00	1.131127880000000058e-01	2.176073000000000156e-03	1.461632870000000084e+00	9.337199212999999887e+00
1.171013419999999972e-01	1.240040300000000081e-02	1.093388967999999961e+00	1.171013419999999972e-01	1.218427329999999947e-01	1.218541295000000080e+00	9.337117302999999424e+00
1.212305399999999977e-01	1.329021399999999985e-02	1.131933131000000037e+00	1.212305399999999977e-01	1.110561540000000041e-01	9.184989639999999733e-01	9.337029515999999418e+00
1.255053409999999925e-01	1.424386600000000086e-02	1.171835262999999960e+00	1.255053409999999925e-01	-5.932850299999999771e-02	6.255369280000000476e-01	9.336935430000000480e+00
1.299308779999999997e-01	1.526593600000000078e-02	1.213143121000000102e+00	1.299308779999999997e-01	-3.806746850000000126e-01	4.155359350000000229e-01	9.336834594999999126e+00
1.345124679999999961e-01	1.636133099999999979e-02	1.255906130000000065e+00	1.345124679999999961e-01	-8.062869499999999467e-01	3.500940849999999993e-01	9.336726525999999637e+00
1.392556130000000003e-01	1.753531100000000134e-02	1.300175445999999901e+00	1.392556130000000003e-01	-1.269498408000000023e+00	4.587308379999999741e-01	9.336610702999999845e+00
1.441660090000000116e-01	1.879351199999999833e-02	1.346004007999999974e+00	1.441660090000000116e-01	-1.705845741000000082e+00	7.394196729999999995e-01	9.336486571000000012e+00
1.492495550000000060e-01	2.014197100000000157e-02	1.393446605999999921e+00	1.492495550000000060e-01	-2.065198532000000142e+00	1.171497062999999894e+00	9.336353535000000647e+00
1.545123549999999901e-01	2.158716200000000002e-02	1.442559938000000042e+00	1.545123549999999901e-01	-2.311167064000000160e+00	1.729116730000000102e+00	9.336210956000000394e+00
1.599607299999999954e-01	2.313602000000000020e-02	1.493402678000000039e+00	1.599607299999999954e-01	-2.412763480999999821e+00	2.388195136999999857e+00	9.336058147999999335e+00
1.656012249999999908e-01	2.479597700000000030e-02	1.546035545999999927e+00	1.656012249999999908e-01	-2.333338181999999872e+00	3.124951392999999911e+00	9.335894379999999160e+00
1.714406139999999912e-01	2.657499799999999898e-02	1.600521370999999915e+00	1.714406139999999912e-01	-2.019871950000000194e+00	3.904263902999999925e+00	9.335718866000000560e+00
1.774859089999999973e-01	2.848161800000000021e-02	1.656925165000000089e+00	1.774859089999999973e-01	-1.398596313999999952e+00	4.651859142000000169e+00	9.335530761999999427e+00
1.837443719999999892e-01	3.052498299999999859e-02	1.715314199999999900e+00	1.837443719999999892e-01	-3.998791720000000049e-01	5.202980469999999968e+00	9.335329167999999456e+00
1.902235200000000070e-01	3.271489500000000078e-02	1.775758077000000101e+00	1.902235200000000070e-01	9.286420960000000280e-01	5.256205207999999907e+00	9.335113116000000488e+00
1.969311340000000077e-01	3.506185600000000235e-02	1.838328811000000007e+00	1.969311340000000077e-01	2.200751808999999781e+00	4.503352458000000169e+00	9.334881569000000212e+00
2.038752699999999973e-01	3.757711799999999963e-02	1.903100905000000065e+00	2.038752699999999973e-01	2.731896875999999974e+00	3.110625203000000116e+00	9.334633417999999239e+00
2.110642679999999993e-01	4.027274200000000026e-02	1.970151436999999950e+00	2.110642679999999993e-01	2.270340585000000022e+00	1.861162462000000017e+00	9.334367474000000442e+00
2.185067629999999927e-01	4.316164900000000332e-02	2.039560142000000020e+00	2.185067629999999927e-01	1.318218005999999942e+00	1.328213215999999974e+00	9.334082459999999415e+00
2.262116929999999915e-01	4.625768400000000030e-02	2.111409500000000161e+00	2.262116929999999915e-01	4.491699200000000003e-01	1.467167421999999943e+00	9.333777011000000456e+00
2.341883130000000091e-01	4.957568300000000233e-02	2.185784828000000068e+00	2.341883130000000091e-01	-7.354379599999999462e-02	1.997570968000000002e+00	9.333449663999999757e+00
2.424462019999999995e-01	5.313154099999999741e-02	2.262774365999999926e+00	2.424462019999999995e-01	-1.856073530000000027e-01	2.667195662000000134e+00	9.333098850000000724e+00
2.509952779999999883e-01	5.694228999999999957e-02	2.342469379999999823e+00	2.509952779999999883e-01	9.539518499999999346e-02	3.261748621999999820e+00	9.332722888999999356e+00
2.598458100000000104e-01	6.102617700000000089e-02	2.424964248999999850e+00	2.598458100000000104e-01	6.600559270000000422e-01	3.576851274000000025e+00	9.332319980999999487e+00
2.690084280000000216e-01	6.540275399999999351e-02	2.510356572000000064e+00	2.690084280000000216e-01	1.260758979000000002e+00	3.501819836000000130e+00	9.331888196999999607e+00
2.784941349999999760e-01	7.009296499999999319e-02	2.598747265000000084e+00	2.784941349999999760e-01	1.641513787999999918e+00	3.167985386999999875e+00	9.331425469999999223e+00
2.883143249999999824e-01	7.511925299999999694e-02	2.690240664000000059e+00	2.883143249999999824e-01	1.802196748999999931e+00	2.828779366000000017e+00	9.330929585999999887e+00
2.984807919999999948e-01	8.050565699999999436e-02	2.784944633999999919e+00	2.984807919999999948e-01	1.933027569999999917e+00	2.520885353999999801e+00	9.330398174000000822e+00
3.090057460000000256e-01	8.627793300000000110e-02	2.882970675000000149e+00	3.090057460000000256e-01	2.041302706000000189e+00	2.038735206000000133e+00	9.329828692999999618e+00
3.199018279999999992e-01	9.246367099999999728e-02	2.984434031000000154e+00	3.199018279999999992e-01	1.787501141999999987e+00	1.346324560000000004e+00	9.329218421000000205e+00
3.311821260000000211e-01	9.909242399999999840e-02	3.089453803000000054e+00	3.311821260000000211e-01	9.725483910000000121e-01	9.226365810000000112e-01	9.328564440999999263e+00
3.428601860000000112e-01	1.061958519999999934e-01	3.198153062999999907e+00	3.428601860000000112e-01	4.006846000000000019e-02	1.204082214000000040e+00	9.327863630999999600e+00
3.549500360000000243e-01	1.138078639999999947e-01	3.310658965000000009e+00	3.549500360000000243e-01	-4.187650150000000182e-01	2.047588693999999876e+00	9.327112644999999702e+00
3.674661940000000238e-01	1.219647799999999949e-01	3.427102869000000052e+00	3.674661940000000238e-01	-5.871697199999999922e-02	2.959802543999999980e+00	9.326307899999999762e+00
3.804236939999999789e-01	1.307055010000000017e-01	3.547620449000000065e+00	3.804236939999999789e-01	1.086148547999999936e+00	3.075573037999999926e+00	9.325445557000000107e+00
3.938380980000000253e-01	1.400716889999999992e-01	3.672351819000000184e+00	3.938380980000000253e-01	1.667573248000000063e+00	1.681899843000000061e+00	9.324521508000000125e+00
4.077255180000000090e-01	1.501079600000000125e-01	3.801441646999999868e+00	4.077255180000000090e-01	3.862207209999999891e-01	5.088629319999999900e-01	9.323531348999999580e+00
4.221026319999999776e-01	1.608620930000000115e-01	3.935039279000000167e+00	4.221026319999999776e-01	-1.159825467000000110e+00	8.857175619999999583e-01	9.322470367999999397e+00
4.369867080000000015e-01	1.723852479999999909e-01	4.073298850999999665e+00	4.369867080000000015e-01	-1.877932576999999936e+00	1.970678696000000008e+00	9.321333515999999264e+00
4.523956230000000245e-01	1.847322070000000094e-01	4.216379410000000050e+00	4.523956230000000245e-01	-1.783074784000000079e+00	2.950828126000000218e+00	9.320115388999999695e+00
4.683478830000000204e-01	1.979616200000000048e-01	4.364445034000000057e+00	4.683478830000000204e-01	-1.310564357000000069e+00	3.301017181999999828e+00	9.318810201999999876e+00
4.848626480000000072e-01	2.121362770000000120e-01	4.517664939000000324e+00	4.848626480000000072e-01	-1.180850640000000062e+00	3.045298730999999925e+00	9.317411758000000432e+00
5.019597519999999813e-01	2.273233950000000114e-01	4.676213596000000194e+00	5.019597519999999813e-01	-1.706560899000000076e+00	2.757635694999999831e+00	9.315913426999999913e+00
5.196597299999999864e-01	2.435949219999999915e-01	4.840270839999999630e+00	5.196597299999999864e-01	-2.718949520999999869e+00	2.940610519999999894e+00	9.314308110000000696e+00
5.379838399999999909e-01	2.610278650000000256e-01	5.010021968000000214e+00	5.379838399999999909e-01	-3.770112913999999815e+00	3.877720747000000134e+00	9.312588208999999395e+00
5.569540910000000400e-01	2.797046369999999782e-01	5.185657845999999793e+00	5.569540910000000400e-01	-4.324960705999999711e+00	5.479097559999999589e+00	9.310745596000000290e+00
5.765932649999999660e-01	2.997134260000000050e-01	5.367374991000000151e+00	5.765932649999999660e-01	-3.919737040999999866e+00	7.300621890000000391e+00	9.308771567000000857e+00
5.969249509999999814e-01	3.211485909999999833e-01	5.555375663999999603e+00	5.969249509999999814e-01	-2.699856924000000102e+00	8.309060728000000395e+00	9.306656816000000276e+00
6.179735680000000286e-01	3.441110800000000136e-01	5.749867938000000400e+00	6.179735680000000286e-01	-2.065500593999999968e+00	8.587494170999999454e+00	9.304391381000000294e+00
6.397643960000000130e-01	3.687088749999999915e-01	5.951065767000000228e+00	6.397643960000000130e-01	-1.736317141000000008e+00	9.422038406000000421e+00	9.301964610000000633e+00
6.623236059999999537e-01	3.950574709999999934e-01	6.159189032999999647e+00	6.623236059999999537e-01	-8.447405639999999716e-01	1.076548342799999958e+01	9.299365109000000018e+00
6.856782940000000215e-01	4.232803740000000148e-01	6.374463584999999988e+00	6.856782940000000215e-01	1.950199777999999995e+00	1.240319852800000078e+01	9.296580691000000840e+00
7.098565079999999972e-01	4.535096399999999917e-01	6.597121260999999848e+00	7.098565079999999972e-01	7.032321971000000005e+00	8.858322150999999423e+00	9.293598330000000018e+00
7.348872889999999991e-01	4.858864379999999761e-01	6.827399883000000003e+00	7.348872889999999991e-01	3.919753377000000150e+00	3.654299151000000023e+00	9.290404096999999695e+00
7.608006990000000247e-01	5.205616579999999827e-01	7.065543240000000225e+00	7.608006990000000247e-01	4.639791999999999805e-01	3.841081772999999977e+00	9.286983105999999211e+00
7.876278610000000402e-01	5.576965409999999901e-01	7.311801041999999917e+00	7.876278610000000402e-01	-1.609828908999999975e+00	5.212835275999999851e+00	9.283319449000000390e+00
8.154009960000000445e-01	5.974633569999999727e-01	7.566428843999999820e+00	8.154009960000000445e-01	-2.663764614000000197e+00	7.631367529000000260e+00	9.279396130000000298e+00
8.441534600000000221e-01	6.400461170000000255e-01	7.829687943999999789e+00	8.441534600000000221e-01	-1.563646799000000032e+00	1.045556738299999999e+01	9.275194994999999665e+00
8.739197859999999762e-01	6.856413230000000247e-01	8.101845235000000756e+00	8.739197859999999762e-01	2.261539829000000168e+00	1.112293433299999990e+01	9.270696657000000229e+00
9.047357240000000189e-01	7.344587630000000145e-01	8.383173032000000191e+00	9.047357240000000189e-01	3.078907399000000211e+00	5.967430689000000399e+00	9.265880420000000228e+00
9.366382869999999583e-01	7.867223429999999906e-01	8.673948840999999632e+00	9.366382869999999583e-01	-1.463054654000000010e+00	5.328682814999999628e+00	9.260724191999999633e+00
9.696657890000000002e-01	8.426709719999999626e-01	8.974455083000000499e+00	9.696657890000000002e-01	-4.152716429999999903e+00	7.462456630000000146e+00	9.255204403000000468e+00
1.003857898999999998e+00	9.025594740000000282e-01	9.284978766000000050e+00	1.003857898999999998e+00	-6.208182117999999861e+00	1.079453953199999994e+01	9.249295912999999203e+00
1.039255682999999930e+00	9.666595639999999712e-01	9.605811088999999470e+00	1.039255682999999930e+00	-7.005149101999999850e+00	1.678196498300000172e+01	9.242971915000000038e+00
1.075901653999999930e+00	1.035260851000000093e+00	9.937246984999999810e+00	1.075901653999999930e+00	2.519127000000000172e-02	2.996816496099999938e+01	9.236203834999999529e+00
1.113839825999999977e+00	1.108671898000000100e+00	1.027958457799999969e+01	1.113839825999999977e+00	1.785081433099999870e+01	7.898933793000000314e+00	9.228961231999999626e+00
1.153115764999999904e+00	1.187221316000000026e+00	1.063312456699999942e+01	1.153115764999999904e+00	4.509769784999999587e+00	4.376578175999999765e+00	9.221211686000000185e+00
1.193776641999999999e+00	1.271258910000000020e+00	1.099816951500000073e+01	1.193776641999999999e+00	-6.787358460000000315e-01	7.787267304000000223e+00	9.212920684000000193e+00
1.235871291999999899e+00	1.361156854999999943e+00	1.137502302999999948e+01	1.235871291999999899e+00	-2.637596026999999843e+00	1.224397646499999937e+01	9.204051508999999243e+00
1.279450272999999916e+00	1.457310917999999900e+00	1.176398884700000025e+01	1.279450272999999916e+00	-4.161678520000000048e-01	1.989256369199999952e+01	9.194565113999999539e+00
1.324565924999999922e+00	1.560141707999999960e+00	1.216536978000000069e+01	1.324565924999999922e+00	1.300985443799999963e+01	1.784505019799999914e+01	9.184420001999999528e+00
1.371272433999999985e+00	1.670095963999999933e+00	1.257946654400000064e+01	1.371272433999999985e+00	8.083419550000000342e+00	6.578530094999999633e+00	9.173572098999999369e+00
1.419625896000000109e+00	1.787647860000000088e+00	1.300657643699999966e+01	1.419625896000000109e+00	2.687502221999999996e+00	7.209773585999999845e+00	9.161974622000000679e+00
1.469684385999999954e+00	1.913300326000000107e+00	1.344699185800000052e+01	1.469684385999999954e+00	6.049104640000000366e-01	9.797307390000000282e+00	9.149577952999999653e+00
1.521508026000000013e+00	2.047586389000000118e+00	1.390099866499999948e+01	1.521508026000000013e+00	9.373892300000000177e-02	1.200731572800000002e+01	9.136329504000000767e+00
1.575159057000000029e+00	2.191070499999999921e+00	1.436887434299999988e+01	1.575159057000000029e+00	2.220539310000000099e-01	1.355178923200000085e+01	9.122173585000000529e+00
1.630701917999999973e+00	2.344349853999999844e+00	1.485088598399999960e+01	1.630701917999999973e+00	1.360622717999999898e+00	1.462235953799999955e+01	9.107051278000000138e+00
1.688203316999999926e+00	2.508055684999999979e+00	1.534728804699999927e+01	1.688203316999999926e+00	2.349403827999999805e+00	1.313929375300000046e+01	9.090900304999999904e+00
1.747732314999999925e+00	2.682854509000000220e+00	1.585831989999999969e+01	1.747732314999999925e+00	-5.031970759999999654e-01	1.205050543199999957e+01	9.073654906999999881e+00
1.809360410999999891e+00	2.869449314000000140e+00	1.638420312699999926e+01	1.809360410999999891e+00	-4.182978022000000351e+00	1.465072482399999920e+01	9.055245727000000855e+00
1.873161620000000083e+00	3.068580660999999932e+00	1.692513857499999830e+01	1.873161620000000083e+00	-5.894184000000000090e+00	2.132339797899999922e+01	9.035599700000000567e+00
1.939212571999999968e+00	3.281027673000000089e+00	1.748130314000000141e+01	1.939212571999999968e+00	2.324204540000000208e+00	2.804813047200000042e+01	9.014639958000000064e+00
2.007592595999999840e+00	3.507608888000000036e+00	1.805284627700000044e+01	2.007592595999999840e+00	6.037697973000000218e+00	2.226085130799999945e+01	8.992285743000000053e+00
2.078383818999999910e+00	3.749182948000000071e+00	1.863988622100000114e+01	2.078383818999999910e+00	5.488201694999999880e+00	2.242256949400000110e+01	8.968452340000000689e+00
2.151671263999999972e+00	4.006649074000000255e+00	1.924250590899999835e+01	2.151671263999999972e+00	7.201807468000000156e+00	2.096286494199999950e+01	8.943051028999999374e+00
2.227542951999999854e+00	4.280947301000000316e+00	1.986074860400000119e+01	2.227542951999999854e+00	4.378846249000000412e+00	2.114267195000000044e+01	8.915989065999999852e+00
2.306090009000000052e+00	4.573058425000000149e+00	2.049461320900000061e+01	2.306090009000000052e+00	5.859709857000000355e+00	2.505380681700000167e+01	8.887169681999999682e+00
2.387406771999999844e+00	4.884003612999999966e+00	2.114404927500000042e+01	2.387406771999999844e+00	1.042967159600000038e+01	2.484315085200000084e+01	8.856492125000000826e+00
2.471590905999999865e+00	5.214843626000000398e+00	2.180895171399999910e+01	2.471590905999999865e+00	1.266290927400000044e+01	1.977721134300000116e+01	8.823851738000000111e+00
2.558743520000000160e+00	5.566677592999999646e+00	2.248915521900000059e+01	2.558743520000000160e+00	8.503478025999999801e+00	1.645762995000000117e+01	8.789140077000000773e+00
2.648969287999999978e+00	5.940641291999999574e+00	2.318442841099999896e+01	2.648969287999999978e+00	4.069406163000000021e+00	1.796691506100000169e+01	8.752245078999999706e+00
2.742376573000000040e+00	6.337904852000000311e+00	2.389446775000000045e+01	2.742376573000000040e+00	1.578947880000000081e+00	2.165311713399999860e+01	8.713051293999999558e+00
2.839077563000000026e+00	6.759669835000000404e+00	2.461889122199999846e+01	2.839077563000000026e+00	1.860818859000000103e+00	2.749895428099999961e+01	8.671440169000000253e+00
2.939188398999999841e+00	7.207165605000000141e+00	2.535723187400000000e+01	2.939188398999999841e+00	8.274123387999999579e+00	3.030017879300000061e+01	8.627290406000000189e+00
3.042829316999999811e+00	7.681644942000000142e+00	2.610893122199999894e+01	3.042829316999999811e+00	1.223156047300000004e+01	2.522964724999999930e+01	8.580478397000000257e+00
3.150124796000000060e+00	8.184378809000000032e+00	2.687333263800000083e+01	3.150124796000000060e+00	7.819454380999999898e+00	2.160492877200000095e+01	8.530878737000000100e+00
3.261203699999999817e+00	8.716650224000000335e+00	2.764967475599999958e+01	3.261203699999999817e+00	2.412723208000000064e+00	2.273372651500000075e+01	8.478364830000000296e+00
3.376199440999999801e+00	9.279747162999999688e+00	2.843708503099999874e+01	3.376199440999999801e+00	-2.296847467000000087e+00	2.785848657100000025e+01	8.422809589999999957e+00
3.495250132999999870e+00	9.874954452000000771e+00	2.923457353699999928e+01	3.495250132999999870e+00	-4.933525473999999633e+00	3.872915831499999939e+01	8.364086239000000589e+00
3.618498760000000036e+00	1.050354459000000062e+01	3.004102714800000129e+01	3.618498760000000036e+00	6.242965373999999734e+00	5.429060469000000211e+01	8.302069211999999254e+00
3.746093349000000128e+00	1.116676747700000050e+01	3.085520423599999873e+01	3.746093349000000128e+00	2.459364673500000009e+01	4.697268040200000172e+01	8.236635172999999810e+00
3.878187146000000141e+00	1.186583902799999990e+01	3.167573005099999861e+01	3.878187146000000141e+00	2.478999657199999973e+01	3.779627730499999672e+01	8.167664133000000604e+00
4.014938800999999557e+00	1.260192868000000033e+01	3.250109295099999684e+01	4.014938800999999557e+00	2.517373323400000018e+01	3.331090135400000207e+01	8.095040687999999207e+00
4.156512558000000190e+00	1.337614580600000025e+01	3.332964167499999775e+01	4.156512558000000190e+00	2.293797250800000143e+01	3.148148665300000104e+01	8.018655352999999764e+00
4.303078454000000441e+00	1.418952510499999953e+01	3.415958385599999758e+01	4.303078454000000441e+00	1.850423247799999871e+01	3.167459815699999837e+01	7.938406009000000374e+00
4.454812518999999860e+00	1.504301104099999975e+01	3.498898596800000149e+01	4.454812518999999860e+00	2.077881141399999976e+01	3.362009850999999827e+01	7.854199434999999951e+00
4.611896992000000139e+00	1.593744144899999959e+01	3.581577492499999948e+01	4.611896992000000139e+00	2.027073141600000028e+01	3.405642003199999834e+01	7.765952923000000396e+00
4.774520539000000063e+00	1.687353047399999895e+01	3.663774152999999956e+01	4.774520539000000063e+00	2.084272364799999977e+01	3.505929311799999937e+01	7.673595963000000353e+00
4.942878474999999661e+00	1.785185103299999909e+01	3.745254597200000291e+01	4.942878474999999661e+00	2.083240028699999868e+01	3.742039456500000227e+01	7.577071974999999959e+00
5.117173006999999885e+00	1.887281703400000055e+01	3.825772553800000253e+01	5.117173006999999885e+00	2.365825918699999875e+01	3.824453677799999696e+01	7.476340057999999900e+00
5.297613468999999853e+00	1.993666564999999835e+01	3.905070471100000162e+01	5.297613468999999853e+00	2.708641674700000124e+01	3.732592864000000077e+01	7.371376741999999815e+00
5.484416576000000099e+00	2.104343994099999904e+01	3.982880775400000317e+01	5.484416576000000099e+00	2.740464186699999871e+01	3.468629331100000002e+01	7.262177699999999625e+00
5.677806688000000435e+00	2.219297220300000006e+01	4.058927387100000317e+01	5.677806688000000435e+00	2.607855897099999964e+01	3.359270083399999862e+01	7.148759390000000380e+00
5.878016072000000314e+00	2.338486842600000060e+01	4.132927495500000248e+01	5.878016072000000314e+00	2.457652447299999920e+01	3.354498513499999746e+01	7.031160589999999821e+00
6.085285189999999567e+00	2.461849426499999893e+01	4.204593590300000017e+01	6.085285189999999567e+00	2.243257917200000051e+01	3.430305269299999793e+01	6.909443780000000146e+00
6.299862978000000169e+00	2.589296296499999883e+01	4.273635738000000117e+01	6.299862978000000169e+00	2.009824791300000157e+01	3.709370165299999655e+01	6.783696331999999884e+00
6.522007154999999834e+00	2.720712565299999852e+01	4.339764085200000210e+01	6.522007154999999834e+00	1.842020735799999898e+01	4.190497903499999666e+01	6.654031469000000421e+00
6.751984522999999960e+00	2.855956442600000145e+01	4.402691563700000188e+01	6.751984522999999960e+00	2.043479113200000086e+01	4.986375017200000315e+01	6.520588945000000081e+00
6.990071294999999907e+00	2.994858862499999930e+01	4.462136763699999875e+01	6.990071294999999907e+00	2.755729402600000100e+01	5.644707813899999849e+01	6.383535411000000437e+00
7.236553423000000151e+00	3.137223463100000131e+01	4.517826932399999862e+01	7.236553423000000151e+00	3.836001644200000271e+01	5.731433455700000223e+01	6.243064437000000133e+00
7.491726940999999584e+00	3.282826948799999656e+01	4.569501049099999790e+01	7.491726940999999584e+00	4.682757321700000119e+01	5.037744008500000348e+01	6.099396153999999903e+00
7.755898323000000261e+00	3.431419855200000057e+01	4.616912923600000340e+01	7.755898323000000261e+00	4.626487970000000161e+01	4.193472458899999822e+01	5.952776495000000168e+00
8.029384849999999574e+00	3.582727729399999816e+01	4.659834254100000095e+01	8.029384849999999574e+00	4.194753022399999765e+01	4.040162292800000188e+01	5.803476032999999923e+00
8.312514990000000381e+00	3.736452727900000070e+01	4.698057583899999656e+01	8.312514990000000381e+00	4.149948456100000271e+01	4.088374639799999954e+01	5.651788404999999571e+00
8.605628792999999277e+00	3.892275622500000054e+01	4.731399089399999980e+01	8.605628792999999277e+00	4.176423867500000142e+01	4.097943468100000075e+01	5.498028329000000269e+00
8.909078300999999200e+00	4.049858194099999764e+01	4.759701135299999919e+01	8.909078300999999200e+00	4.117854422500000311e+01	4.269387930999999980e+01	5.342529243000000427e+00
9.223227968999999860e+00	4.208845981200000352e+01	4.782834536400000047e+01	9.223227968999999860e+00	4.524847126000000230e+01	4.034009739799999750e+01	5.185640593999999659e+00
9.548455103000000221e+00	4.368871340799999814e+01	4.800700467000000060e+01	9.548455103000000221e+00	4.083297462800000233e+01	3.984102621299999925e+01	5.027724815000000014e+00
9.885150314000000549e+00	4.529556767599999745e+01	4.813231971199999748e+01	9.885150314000000549e+00	3.965081877299999746e+01	4.297837490900000290e+01	4.869154052999999926e+00
1.023371798600000027e+01	4.690518409100000241e+01	4.820395033799999851e+01	1.023371798600000027e+01	4.044830049499999802e+01	4.920537921199999687e+01	4.710306693999999794e+00
1.059457676399999926e+01	4.851369708499999689e+01	4.822189182599999668e+01	1.059457676399999926e+01	4.907698823199999794e+01	5.424922594200000248e+01	4.551563776000000061e+00
1.096816005300000008e+01	5.011725101900000112e+01	4.818647607500000163e+01	1.096816005300000008e+01	5.926880811299999863e+01	4.864603367299999803e+01	4.393305334999999978e+00
1.135491654099999970e+01	5.171203694799999795e+01	4.809836792400000149e+01	1.135491654099999970e+01	5.851246352500000114e+01	3.938391883799999960e+01	4.235906777000000289e+00
1.175531073900000045e+01	5.329432843499999706e+01	4.795855670499999945e+01	1.175531073900000045e+01	5.269789597700000172e+01	3.750173489299999829e+01	4.079735344000000374e+00
1.216982353600000089e+01	5.486051570400000088e+01	4.776834326099999828e+01	1.216982353600000089e+01	4.979142331599999949e+01	4.025246837600000305e+01	3.925146746999999881e+00
1.259895277799999924e+01	5.640713747899999930e+01	4.752932276800000011e+01	1.259895277799999924e+01	5.179803025599999700e+01	4.393364795800000167e+01	3.772482015000000022e+00
1.304321386700000041e+01	5.793090993599999905e+01	4.724336381900000248e+01	1.304321386700000041e+01	5.496145655000000119e+01	4.343553097499999893e+01	3.622064646000000110e+00
1.350314037899999953e+01	5.942875227399999716e+01	4.691258430500000287e+01	1.350314037899999953e+01	5.391502693500000021e+01	4.203717959800000159e+01	3.474198074999999886e+00
1.397928470299999937e+01	6.089780855099999712e+01	4.653932467900000347e+01	1.397928470299999937e+01	5.262623960300000192e+01	4.457046958299999773e+01	3.329163520999999903e+00
1.447221870699999968e+01	6.233546550799999864e+01	4.612611925099999866e+01	1.447221870699999968e+01	5.539145144399999765e+01	4.994229606100000041e+01	3.187218226999999793e+00
1.498253442699999916e+01	6.373936624099999904e+01	4.567566616700000282e+01	1.498253442699999916e+01	6.217341434299999747e+01	5.028652150799999987e+01	3.048594106999999997e+00
1.551084477000000028e+01	6.510741970300000503e+01	4.519079670699999696e+01	1.551084477000000028e+01	6.453764125200000024e+01	4.607255213799999893e+01	2.913496807000000022e+00
1.605778425800000164e+01	6.643780609799999581e+01	4.467444454799999676e+01	1.605778425800000164e+01	6.647768630999999573e+01	4.491216880799999700e+01	2.782105167000000101e+00
1.662400978899999870e+01	6.772897835099999497e+01	4.412961554799999675e+01	1.662400978899999870e+01	6.767800108500000533e+01	4.340722582299999743e+01	2.654571075999999863e+00
1.721020142200000080e+01	6.897965990599999486e+01	4.355935858000000138e+01	1.721020142200000080e+01	6.647302672700000414e+01	4.141364757099999849e+01	2.531019684999999964e+00
1.781706319499999935e+01	7.018883916999999428e+01	4.296673787000000289e+01	1.781706319499999935e+01	6.543850733899999739e+01	4.287374003400000078e+01	2.411549951000000025e+00
1.844532397600000095e+01	7.135576099300000408e+01	4.235480720599999671e+01	1.844532397600000095e+01	6.795393785900000694e+01	4.551533206900000295e+01	2.296235472000000222e+00
1.909573832899999957e+01	7.247991555999999491e+01	4.172658631800000251e+01	1.909573832899999957e+01	7.127070565699999349e+01	4.615189309299999820e+01	2.185125580999999872e+00
1.976908742799999885e+01	7.356102516100000344e+01	4.108503964399999830e+01	1.976908742799999885e+01	7.547152421200000560e+01	4.447976697800000068e+01	2.078246646000000197e+00
2.046617999400000087e+01	7.459902922700000261e+01	4.043305761500000273e+01	2.046617999400000087e+01	7.733621297700000241e+01	4.045371482800000251e+01	1.975603538000000103e+00
2.118785326100000077e+01	7.559406808399999989e+01	3.977344053600000251e+01	2.118785326100000077e+01	7.530923351699999557e+01	3.880237077999999684e+01	1.877181234000000032e+00
2.193497398899999951e+01	7.654646580300000380e+01	3.910888505199999798e+01	2.193497398899999951e+01	7.446647704999999462e+01	4.036839498900000223e+01	1.782946498000000046e+00
2.270843949900000069e+01	7.745671253300000103e+01	3.844197316300000011e+01	2.270843949900000069e+01	7.751816723999999681e+01	4.252410162999999699e+01	1.692849618999999972e+00
2.350917875500000065e+01	7.832544663999999557e+01	3.777516366799999759e+01	2.350917875500000065e+01	8.315291135799999722e+01	4.091090978599999772e+01	1.606826169999999943e+00
2.433815347499999859e+01	7.915343696499999737e+01	3.711078591900000134e+01	2.433815347499999859e+01	8.456491683299999806e+01	3.444031015499999882e+01	1.524798746999999954e+00
2.519635929300000043e+01	7.994156544199999814e+01	3.645103569999999849e+01	2.519635929300000043e+01	8.043644057199999509e+01	3.196567545199999927e+01	1.446678676000000108e+00
2.608482694799999990e+01	8.069081030300000634e+01	3.579797305599999646e+01	2.608482694799999990e+01	7.873633380900000134e+01	3.404950724500000092e+01	1.372367665000000070e+00
2.700462352399999943e+01	8.140223004400000661e+01	3.515352187100000236e+01	2.700462352399999943e+01	8.079224049100000116e+01	3.517223221799999777e+01	1.301759375999999913e+00
2.795685373499999926e+01	8.207694827199999565e+01	3.451947098099999778e+01	2.795685373499999926e+01	8.254032453700000360e+01	3.356547297800000251e+01	1.234740909000000109e+00
2.894266124700000020e+01	8.271613955499999804e+01	3.389747662399999939e+01	2.894266124700000020e+01	8.166873639199999957e+01	3.174258797699999946e+01	1.171194188000000080e+00
2.996323005500000036e+01	8.332101632500000221e+01	3.328906602699999695e+01	2.996323005500000036e+01	8.130978550999999754e+01	3.296868225699999755e+01	1.110997243999999995e+00
3.101978590099999877e+01	8.389281687099999374e+01	3.269564193400000107e+01	3.101978590099999877e+01	8.290778322399999922e+01	3.370867597099999813e+01	1.054025390000000062e+00
3.211359775300000052e+01	8.443279444899999930e+01	3.211848789999999809e+01	3.211359775300000052e+01	8.524231197000000293e+01	3.284358972300000090e+01	1.000152276999999978e+00
3.324597932300000025e+01	8.494220747500000357e+01	3.155877418300000059e+01	3.324597932300000025e+01	8.605953574100000480e+01	3.166026730300000125e+01	9.492508520000000338e-01
3.441829064499999902e+01	8.542231080599999871e+01	3.101756408299999990e+01	3.441829064499999902e+01	8.637041702800000564e+01	3.029004775900000013e+01	9.011942050000000259e-01
3.563193971199999766e+01	8.587434803200000033e+01	3.049582059400000134e+01	3.563193971199999766e+01	8.775501974300000541e+01	2.895570333399999896e+01	8.558563139999999514e-01
3.688838416699999811e+01	8.629954476000000341e+01	2.999441325100000100e+01	3.688838416699999811e+01	8.718958513600000515e+01	2.734414559200000028e+01	8.131126889999999996e-01
3.818913304800000219e+01	8.669910281100000304e+01	2.951412507299999888e+01	3.818913304800000219e+01	8.572700871600000028e+01	2.569000615099999862e+01	7.728409290000000098e-01
3.953574860700000215e+01	8.707419526799999687e+01	2.905565949700000061e+01	3.953574860700000215e+01	8.511260302200000183e+01	2.633518158700000100e+01	7.349211919999999454e-01
4.092984818499999733e+01	8.742596231500000670e+01	2.861964725800000053e+01	4.092984818499999733e+01	8.452481292900000653e+01	2.670145965700000090e+01	6.992365849999999661e-01
4.237310614900000161e+01	8.775550778800000273e+01	2.820665311999999858e+01	4.237310614900000161e+01	8.443563803799999334e+01	2.773491146199999946e+01	6.656734819999999830e-01
4.386725590999999724e+01	8.806389637300000572e+01	2.781718243899999976e+01	4.386725590999999724e+01	8.535276465200000473e+01	2.861597562900000113e+01	6.341217810000000510e-01
4.541409200399999690e+01	8.835215139000000306e+01	2.745168749899999838e+01	4.541409200399999690e+01	8.632652058899999759e+01	2.870054235799999987e+01	6.044750930000000189e-01
4.701547224000000114e+01	8.862125307799999518e+01	2.711057360199999877e+01	4.701547224000000114e+01	8.765172406000000649e+01	2.853197259599999924e+01	5.766308900000000071e-01
4.867331994199999912e+01	8.887213734300000567e+01	2.679420488699999936e+01	4.867331994199999912e+01	8.819508745800000327e+01	2.787442484600000014e+01	5.504905960000000542e-01
5.038962625100000281e+01	8.910569488900000579e+01	2.650290987200000004e+01	5.038962625100000281e+01	8.862579924499999606e+01	2.772304707500000021e+01	5.259596439999999484e-01
5.216645251900000346e+01	8.932277069500000266e+01	2.623698669299999864e+01	5.216645251900000346e+01	8.935303201300000353e+01	2.756065565600000156e+01	5.029474959999999939e-01
5.400593278499999883e+01	8.952416376499999728e+01	2.599670806600000006e+01	5.400593278499999883e+01	9.013841928600000131e+01	2.717449617500000159e+01	4.813676339999999887e-01
5.591027634099999943e+01	8.971062713000000599e+01	2.578232594500000019e+01	5.591027634099999943e+01	9.093404840899999897e+01	2.668272294699999847e+01	4.611375160000000251e-01
5.788177037700000227e+01	8.988286803399999769e+01	2.559407590400000032e+01	5.788177037700000227e+01	9.160514128399999834e+01	2.558346168899999995e+01	4.421785260000000162e-01
5.992278273800000221e+01	9.004154827899999702e+01	2.543218123799999830e+01	5.992278273800000221e+01	9.152596685800000387e+01	2.445698433500000135e+01	4.244158909999999896e-01
6.203576476100000292e+01	9.018728469399999881e+01	2.529685680100000056e+01	6.203576476100000292e+01	9.116236515999999312e+01	2.382688166899999871e+01	4.077785919999999953e-01
6.422325422199999423e+01	9.032064968199999555e+01	2.518831258100000170e+01	6.422325422199999423e+01	9.084061938799999325e+01	2.366803200100000026e+01	3.921992570000000233e-01
6.648787838399999828e+01	9.044217183799999304e+01	2.510675705099999888e+01	6.648787838399999828e+01	9.026410531199999809e+01	2.323146255500000024e+01	3.776140499999999789e-01
6.883235715099999652e+01	9.055233658900000648e+01	2.505240027199999986e+01	6.883235715099999652e+01	8.965467447700000037e+01	2.326369347199999993e+01	3.639625510000000230e-01
7.125950633600000117e+01	9.065158684700000435e+01	2.502545680400000094e+01	7.125950633600000117e+01	8.875914914300000191e+01	2.413638335899999987e+01	3.511876250000000033e-01
7.377224104200000454e+01	9.074032365499999742e+01	2.502614840700000087e+01	7.377224104200000454e+01	8.890219422900000268e+01	2.533744771299999954e+01	3.392353009999999891e-01
7.637357916400000590e+01	9.081890679500000374e+01	2.505470656399999996e+01	7.637357916400000590e+01	8.999911749199999633e+01	2.664942819999999912e+01	3.280546340000000116e-01
7.906664501299999870e+01	9.088765535800000350e+01	2.511137483499999945e+01	7.906664501299999870e+01	9.173886492699999451e+01	2.665761613300000121e+01	3.175975759999999926e-01
8.185467307099999346e+01	9.094684824600000184e+01	2.519641105899999900e+01	8.185467307099999346e+01	9.277668144599999778e+01	2.548501517200000066e+01	3.078188470000000065e-01
8.474101186900000471e+01	9.099672460300000409e+01	2.531008941600000028e+01	8.474101186900000471e+01	9.256369715699999290e+01	2.433677369799999823e+01	2.986757990000000196e-01
8.772912801600000421e+01	9.103748415699999441e+01	2.545270236100000005e+01	8.772912801600000421e+01	9.183469604399999753e+01	2.415601262299999874e+01	2.901282949999999805e-01
9.082261035999999876e+01	9.106928746399999852e+01	2.562456244499999869e+01	9.082261035999999876e+01	9.165143812099999820e+01	2.471446290100000098e+01	2.821385809999999994e-01
9.402517429700000662e+01	9.109225604499999918e+01	2.582600404000000083e+01	9.402517429700000662e+01	9.211201963400000636e+01	2.478682381599999829e+01	2.746711640000000232e-01
9.734066623399999685e+01	9.110647239799999397e+01	2.605738496200000043e+01	9.734066623399999685e+01	9.230645249299999477e+01	2.448296112299999905e+01	2.676926920000000099e-01
1.007730682090000016e+02	9.111197989599999403e+01	2.631908803099999972e+01	1.007730682090000016e+02	9.165908552199999804e+01	2.425909281099999859e+01	2.611718439999999863e-01
1.043265026760000040e+02	9.110878252800000610e+01	2.661152255200000027e+01	1.043265026760000040e+02	9.133902076299999351e+01	2.426043351599999909e+01	2.550792159999999975e-01
1.080052374520000029e+02	9.109684451100000047e+01	2.693512574000000015e+01	1.080052374520000029e+02	9.064239980499999660e+01	2.448672130599999974e+01	2.493872179999999938e-01
1.118136908430000034e+02	9.107608973899999683e+01	2.729036409600000113e+01	1.118136908430000034e+02	8.963119086300000049e+01	2.495821832900000103e+01	2.440699689999999977e-01
1.157564369549999981e+02	9.104640106799999444e+01	2.767773474299999847e+01	1.157564369549999981e+02	8.904108588500000110e+01	2.659389749199999997e+01	2.391032019999999869e-01
1.198382111850000058e+02	9.100761942799999815e+01	2.809776673300000027e+01	1.198382111850000058e+02	8.954997423199999673e+01	2.831615171900000050e+01	2.344641699999999995e-01
1.240639159060000054e+02	9.095954274700000042e+01	2.855102231800000112e+01	1.240639159060000054e+02	9.058375311300000021e+01	2.882903916000000066e+01	2.301315580000000138e-01
1.284386263590000112e+02	9.090192468899999767e+01	2.903809821600000163e+01	1.284386263590000112e+02	9.098442909999999983e+01	2.908584573999999989e+01	2.260853999999999919e-01
1.329675967469999875e+02	9.083447317399999577e+01	2.955962685800000145e+01	1.329675967469999875e+02	9.094531315199999710e+01	2.951151945499999840e+01	2.223069950000000072e-01
1.376562665440000046e+02	9.075684868400000482e+01	3.011627763299999927e+01	1.376562665440000046e+02	9.098814105700000709e+01	3.014080105900000106e+01	2.187788350000000048e-01
1.425102670299999943e+02	9.066866234100000099e+01	3.070875813399999998e+01	1.425102670299999943e+02	9.124896677899999986e+01	3.102505489200000000e+01	2.154845320000000064e-01
1.475354280560000007e+02	9.056947372499999460e+01	3.133781541100000112e+01	1.475354280560000007e+02	9.159202374900000621e+01	3.159357095400000048e+01	2.124087470000000089e-01
1.527377850389999878e+02	9.045878844000000640e+01	3.200423723200000126e+01	1.527377850389999878e+02	9.194860079299999711e+01	3.223006882800000028e+01	2.095371309999999876e-01
1.581235862199999929e+02	9.033605538999999851e+01	3.270885337099999646e+01	1.581235862199999929e+02	9.233792807300000050e+01	3.284076263000000040e+01	2.068562579999999873e-01
