1.000000000000000000e+00	9.504970000000000172e-04	1.129447880000000043e-01	1.000000000000000000e+00	-2.439349000000000031e-02	1.394669729999999941e-01	1.129447880000000043e-01
1.019438905999999978e+00	9.878039999999998957e-04	1.151396600000000048e-01	1.019438905999999978e+00	-2.399040100000000147e-02	1.420821070000000130e-01	1.129441489999999937e-01
1.039255682999999930e+00	1.026575000000000057e-03	1.173771589999999948e-01	1.039255682999999930e+00	-2.357288000000000092e-02	1.447425420000000018e-01	1.129434849999999962e-01
1.059457676000000070e+00	1.066869000000000020e-03	1.196581109999999976e-01	1.059457676000000070e+00	-2.314047300000000168e-02	1.474488499999999924e-01	1.129427949999999986e-01
1.080052374999999953e+00	1.108742999999999925e-03	1.219833589999999995e-01	1.080052374999999953e+00	-2.269271399999999925e-02	1.502015929999999944e-01	1.129420770000000018e-01
1.101047410999999920e+00	1.152260999999999910e-03	1.243537609999999932e-01	1.101047410999999920e+00	-2.222912999999999972e-02	1.530013289999999915e-01	1.129413320000000054e-01
1.122450568000000093e+00	1.197486999999999900e-03	1.267701920000000038e-01	1.122450568000000093e+00	-2.174923900000000007e-02	1.558486079999999996e-01	1.129405569999999970e-01
1.144269779000000042e+00	1.244487000000000067e-03	1.292335440000000057e-01	1.144269779000000042e+00	-2.125254899999999905e-02	1.587439720000000110e-01	1.129397510000000049e-01
1.166513131999999953e+00	1.293333000000000026e-03	1.317447260000000064e-01	1.166513131999999953e+00	-2.073856400000000100e-02	1.616879529999999954e-01	1.129389140000000014e-01
1.189188871000000036e+00	1.344095000000000012e-03	1.343046649999999897e-01	1.189188871000000036e+00	-2.020678000000000057e-02	1.646810730000000111e-01	1.129380440000000013e-01
1.212305401000000060e+00	1.396848999999999921e-03	1.369143039999999867e-01	1.212305401000000060e+00	-1.965668599999999960e-02	1.677238410000000124e-01	1.129371390000000058e-01
1.235871291999999899e+00	1.451674000000000020e-03	1.395746069999999894e-01	1.235871291999999899e+00	-1.908776499999999959e-02	1.708167559999999863e-01	1.129361990000000010e-01
1.259895277999999896e+00	1.508650000000000052e-03	1.422865530000000100e-01	1.259895277999999896e+00	-1.849949899999999911e-02	1.739603000000000121e-01	1.129352220000000018e-01
1.284386264000000111e+00	1.567861999999999945e-03	1.450511439999999930e-01	1.284386264000000111e+00	-1.789136300000000040e-02	1.771549420000000097e-01	1.129342069999999948e-01
1.309353326999999956e+00	1.629397000000000094e-03	1.478693970000000135e-01	1.309353326999999956e+00	-1.726283099999999932e-02	1.804011319999999918e-01	1.129331509999999955e-01
1.334805723999999971e+00	1.693346999999999995e-03	1.507423519999999961e-01	1.334805723999999971e+00	-1.661337800000000156e-02	1.836993060000000066e-01	1.129320540000000039e-01
1.360752885999999995e+00	1.759806999999999951e-03	1.536710659999999951e-01	1.360752885999999995e+00	-1.594247700000000004e-02	1.870498780000000028e-01	1.129309129999999939e-01
1.387204434000000042e+00	1.828874999999999989e-03	1.566566189999999970e-01	1.387204434000000042e+00	-1.524960499999999941e-02	1.904532409999999953e-01	1.129297279999999931e-01
1.414170170000000004e+00	1.900652999999999978e-03	1.597001100000000062e-01	1.414170170000000004e+00	-1.453424199999999930e-02	1.939097690000000096e-01	1.129284950000000037e-01
1.441660090999999921e+00	1.975246999999999854e-03	1.628026589999999885e-01	1.441660090999999921e+00	-1.379587300000000016e-02	1.974198100000000011e-01	1.129272149999999975e-01
1.469684385999999954e+00	2.052767999999999954e-03	1.659654080000000087e-01	1.469684385999999954e+00	-1.303399499999999961e-02	2.009836889999999932e-01	1.129258830000000047e-01
1.498253443000000074e+00	2.133331000000000029e-03	1.691895200000000099e-01	1.498253443000000074e+00	-1.224811100000000076e-02	2.046017049999999948e-01	1.129244999999999971e-01
1.527377849999999926e+00	2.217054999999999894e-03	1.724761820000000057e-01	1.527377849999999926e+00	-1.143774099999999953e-02	2.082741280000000028e-01	1.129230610000000051e-01
1.557068405000000100e+00	2.304064000000000199e-03	1.758266019999999985e-01	1.557068405000000100e+00	-1.060241699999999940e-02	2.120012019999999997e-01	1.129215660000000010e-01
1.587336110999999939e+00	2.394486999999999831e-03	1.792420120000000061e-01	1.587336110999999939e+00	-9.741694999999999868e-03	2.157831390000000127e-01	1.129200120000000002e-01
1.618192188000000087e+00	2.488457999999999816e-03	1.827236670000000063e-01	1.618192188000000087e+00	-8.855151000000000341e-03	2.196201210000000015e-01	1.129183960000000042e-01
1.649648073999999909e+00	2.586114999999999942e-03	1.862728439999999930e-01	1.649648073999999909e+00	-7.942385999999999197e-03	2.235122979999999981e-01	1.129167169999999998e-01
1.681715427999999957e+00	2.687604000000000121e-03	1.898908490000000004e-01	1.681715427999999957e+00	-7.003035000000000336e-03	2.274597859999999971e-01	1.129149710000000029e-01
1.714406136000000025e+00	2.793073999999999991e-03	1.935790079999999969e-01	1.714406136000000025e+00	-6.036765000000000360e-03	2.314626690000000098e-01	1.129131560000000006e-01
1.747732314999999925e+00	2.902680999999999838e-03	1.973386749999999912e-01	1.747732314999999925e+00	-5.043282999999999967e-03	2.355209930000000118e-01	1.129112699999999941e-01
1.781706320000000066e+00	3.016589000000000076e-03	2.011712290000000070e-01	1.781706320000000066e+00	-4.022341999999999931e-03	2.396347739999999948e-01	1.129093089999999994e-01
1.816340741000000092e+00	3.134964000000000067e-03	2.050780759999999980e-01	1.816340741000000092e+00	-2.973743000000000046e-03	2.438039869999999998e-01	1.129072710000000035e-01
1.851648417999999907e+00	3.257983999999999793e-03	2.090606449999999894e-01	1.851648417999999907e+00	-1.897344999999999934e-03	2.480285770000000001e-01	1.129051519999999947e-01
1.887642437000000006e+00	3.385828000000000015e-03	2.131203969999999892e-01	1.887642437000000006e+00	-7.930660000000000400e-04	2.523084500000000174e-01	1.129029490000000024e-01
1.924336140999999945e+00	3.518686999999999943e-03	2.172588179999999924e-01	1.924336140999999945e+00	3.391029999999999956e-04	2.566434819999999783e-01	1.129006590000000004e-01
1.961743129999999891e+00	3.656757000000000063e-03	2.214774210000000076e-01	1.961743129999999891e+00	1.499099999999999955e-03	2.610335120000000231e-01	1.128982780000000047e-01
1.999877270999999901e+00	3.800243000000000024e-03	2.257777499999999993e-01	1.999877270999999901e+00	2.686775000000000187e-03	2.654783510000000013e-01	1.128958030000000029e-01
2.038752697000000058e+00	3.949354999999999880e-03	2.301613770000000003e-01	2.038752697000000058e+00	3.901888999999999965e-03	2.699777809999999723e-01	1.128932299999999972e-01
2.078383818999999910e+00	4.104316000000000214e-03	2.346299030000000008e-01	2.078383818999999910e+00	5.144104000000000038e-03	2.745315560000000099e-01	1.128905550000000035e-01
2.118785325999999802e+00	4.265353000000000373e-03	2.391849600000000020e-01	2.118785325999999802e+00	6.412972999999999764e-03	2.791394099999999767e-01	1.128877739999999963e-01
2.159972194999999928e+00	4.432705000000000325e-03	2.438282089999999902e-01	2.159972194999999928e+00	7.707928999999999649e-03	2.838010559999999960e-01	1.128848830000000053e-01
2.201959690999999886e+00	4.606619999999999639e-03	2.485613439999999896e-01	2.201959690999999886e+00	9.028282000000000321e-03	2.885161989999999732e-01	1.128818780000000049e-01
2.244763378000000031e+00	4.787353000000000268e-03	2.533860900000000083e-01	2.244763378000000031e+00	1.037320100000000030e-02	2.932845330000000139e-01	1.128787529999999983e-01
2.288399123000000035e+00	4.975171999999999928e-03	2.583042030000000100e-01	2.288399123000000035e+00	1.174171000000000069e-02	2.981057549999999723e-01	1.128755040000000015e-01
2.332883097999999933e+00	5.170354999999999743e-03	2.633174739999999958e-01	2.332883097999999933e+00	1.313267400000000043e-02	3.029795710000000031e-01	1.128721260000000032e-01
2.378231792999999872e+00	5.373189999999999911e-03	2.684277250000000059e-01	2.378231792999999872e+00	1.454479099999999962e-02	3.079057080000000002e-01	1.128686140000000060e-01
2.424462017000000191e+00	5.583976000000000044e-03	2.736368129999999788e-01	2.424462017000000191e+00	1.597657900000000117e-02	3.128839210000000093e-01	1.128649619999999992e-01
2.471590905999999865e+00	5.803024000000000376e-03	2.789466290000000015e-01	2.471590905999999865e+00	1.742636499999999922e-02	3.179140100000000246e-01	1.128611649999999994e-01
2.519635929000000107e+00	6.030657000000000031e-03	2.843590999999999758e-01	2.519635929000000107e+00	1.889227799999999846e-02	3.229958330000000100e-01	1.128572169999999958e-01
2.568614895000000065e+00	6.267212000000000303e-03	2.898761859999999801e-01	2.568614895000000065e+00	2.037223499999999896e-02	3.281293200000000021e-01	1.128531130000000049e-01
2.618545957999999896e+00	6.513037000000000167e-03	2.954998859999999894e-01	2.618545957999999896e+00	2.186393299999999859e-02	3.333144980000000146e-01	1.128488440000000037e-01
2.669447626999999823e+00	6.768493999999999899e-03	3.012322330000000159e-01	2.669447626999999823e+00	2.336484000000000130e-02	3.385515009999999769e-01	1.128444059999999943e-01
2.721338767999999853e+00	7.033961000000000033e-03	3.070752990000000238e-01	2.721338767999999853e+00	2.487218399999999857e-02	3.438406019999999952e-01	1.128397909999999948e-01
2.774238616999999962e+00	7.309827999999999985e-03	3.130311940000000126e-01	2.774238616999999962e+00	2.638295300000000065e-02	3.491822319999999813e-01	1.128349929999999945e-01
2.828166780000000102e+00	7.596501999999999769e-03	3.191020649999999903e-01	2.828166780000000102e+00	2.789387800000000042e-02	3.545770089999999986e-01	1.128300029999999982e-01
2.883143248000000103e+00	7.894404000000000698e-03	3.252900989999999992e-01	2.883143248000000103e+00	2.940144100000000038e-02	3.600257649999999976e-01	1.128248129999999960e-01
2.939188398999999841e+00	8.203975000000000503e-03	3.315975210000000062e-01	2.939188398999999841e+00	3.090186400000000111e-02	3.655295809999999923e-01	1.128194170000000052e-01
2.996323004999999817e+00	8.525668000000000135e-03	3.380265989999999832e-01	2.996323004999999817e+00	3.239111599999999758e-02	3.710898200000000147e-01	1.128138050000000031e-01
3.054568247000000181e+00	8.859956999999999902e-03	3.445796389999999931e-01	3.054568247000000181e+00	3.386490999999999807e-02	3.767081609999999858e-01	1.128079689999999941e-01
3.113945710999999950e+00	9.207333999999999311e-03	3.512589899999999932e-01	3.113945710999999950e+00	3.531871699999999947e-02	3.823866399999999999e-01	1.128018989999999971e-01
3.174477409000000083e+00	9.568309000000000536e-03	3.580670420000000020e-01	3.174477409000000083e+00	3.674777199999999799e-02	3.881276920000000241e-01	1.127955870000000027e-01
3.236185777000000208e+00	9.943412000000000431e-03	3.650062279999999881e-01	3.236185777000000208e+00	3.814709000000000155e-02	3.939341909999999891e-01	1.127890220000000027e-01
3.299093688000000135e+00	1.033319499999999988e-02	3.720790239999999804e-01	3.299093688000000135e+00	3.951148499999999897e-02	3.998094939999999875e-01	1.127821940000000023e-01
3.363224460000000082e+00	1.073822800000000070e-02	3.792879479999999859e-01	3.363224460000000082e+00	4.083559900000000020e-02	4.057574930000000246e-01	1.127750919999999935e-01
3.428601863999999999e+00	1.115910600000000023e-02	3.866355650000000144e-01	3.428601863999999999e+00	4.211393000000000081e-02	4.117826529999999985e-01	1.127677059999999953e-01
3.495250132999999870e+00	1.159644599999999984e-02	3.941244839999999972e-01	3.495250132999999870e+00	4.334086999999999662e-02	4.178900660000000045e-01	1.127600230000000009e-01
3.563193971000000015e+00	1.205088799999999918e-02	4.017573580000000089e-01	3.563193971000000015e+00	4.451075100000000118e-02	4.240854909999999811e-01	1.127520310000000026e-01
3.632458563999999779e+00	1.252309700000000039e-02	4.095368859999999889e-01	3.632458563999999779e+00	4.561789799999999701e-02	4.303754089999999866e-01	1.127437190000000061e-01
3.703069584000000081e+00	1.301376400000000058e-02	4.174658150000000179e-01	3.703069584000000081e+00	4.665668800000000171e-02	4.367670550000000151e-01	1.127350720000000056e-01
3.775053204999999856e+00	1.352360600000000052e-02	4.255469379999999857e-01	3.775053204999999856e+00	4.762161799999999751e-02	4.432684689999999983e-01	1.127260769999999940e-01
3.848436109000000105e+00	1.405336700000000064e-02	4.337830950000000074e-01	3.848436109000000105e+00	4.850738799999999851e-02	4.498885260000000108e-01	1.127167200000000064e-01
3.923245496999999915e+00	1.460382099999999947e-02	4.421771749999999779e-01	3.923245496999999915e+00	4.930898000000000225e-02	4.566369710000000026e-01	1.127069859999999951e-01
3.999509096999999791e+00	1.517576799999999920e-02	4.507321140000000170e-01	3.999509096999999791e+00	5.002175899999999897e-02	4.635244399999999820e-01	1.126968589999999965e-01
4.077255177999999702e+00	1.577004300000000095e-02	4.594508979999999965e-01	4.077255177999999702e+00	5.064157500000000117e-02	4.705624809999999769e-01	1.126863240000000044e-01
4.156512558000000190e+00	1.638750900000000149e-02	4.683365629999999835e-01	4.156512558000000190e+00	5.116487699999999750e-02	4.777635590000000043e-01	1.126753630000000006e-01
4.237310615000000169e+00	1.702906300000000053e-02	4.773921930000000202e-01	4.237310615000000169e+00	5.158883200000000113e-02	4.851410500000000181e-01	1.126639599999999936e-01
4.319679297000000417e+00	1.769563700000000017e-02	4.866209240000000102e-01	4.319679297000000417e+00	5.191145600000000165e-02	4.927092279999999991e-01	1.126520949999999938e-01
4.403649137000000380e+00	1.838819599999999901e-02	4.960259399999999985e-01	4.403649137000000380e+00	5.213174999999999754e-02	5.004832320000000001e-01	1.126397499999999968e-01
4.489251258000000355e+00	1.910774200000000048e-02	5.056104780000000298e-01	4.489251258000000355e+00	5.224983600000000089e-02	5.084790160000000059e-01	1.126269059999999989e-01
4.576517391000000323e+00	1.985531600000000133e-02	5.153778260000000389e-01	4.576517391000000323e+00	5.226710700000000015e-02	5.167132880000000483e-01	1.126135399999999981e-01
4.665479881999999634e+00	2.063199599999999967e-02	5.253313229999999612e-01	4.665479881999999634e+00	5.218637500000000012e-02	5.252034260000000288e-01	1.125996330000000045e-01
4.756171707000000026e+00	2.143890099999999979e-02	5.354743589999999553e-01	4.756171707000000026e+00	5.201201500000000172e-02	5.339673679999999978e-01	1.125851610000000030e-01
4.848626481000000155e+00	2.227719200000000122e-02	5.458103760000000415e-01	4.848626481000000155e+00	5.175011499999999931e-02	5.430234900000000531e-01	1.125701020000000052e-01
4.942878474999999661e+00	2.314807199999999870e-02	5.563428710000000166e-01	4.942878474999999661e+00	5.140862000000000209e-02	5.523904509999999490e-01	1.125544299999999970e-01
5.038962624999999917e+00	2.405278799999999856e-02	5.670753880000000136e-01	5.038962624999999917e+00	5.099747100000000255e-02	5.620870220000000472e-01	1.125381210000000048e-01
5.136914545999999859e+00	2.499263399999999968e-02	5.780115270000000249e-01	5.136914545999999859e+00	5.052873100000000034e-02	5.721318800000000371e-01	1.125211490000000009e-01
5.236770543999999639e+00	2.596895100000000053e-02	5.891549390000000441e-01	5.236770543999999639e+00	5.001670400000000211e-02	5.825433850000000247e-01	1.125034850000000003e-01
5.338567634000000339e+00	2.698312799999999859e-02	6.005093259999999544e-01	5.338567634000000339e+00	4.947804100000000038e-02	5.933393219999999468e-01	1.124851020000000035e-01
5.442343548000000197e+00	2.803660499999999917e-02	6.120784439999999993e-01	5.442343548000000197e+00	4.893182199999999982e-02	6.045366199999999690e-01	1.124659699999999984e-01
5.548136752999999644e+00	2.913087400000000105e-02	6.238660999999999790e-01	5.548136752999999644e+00	4.839961699999999895e-02	6.161510359999999853e-01	1.124460570000000020e-01
5.655986461000000354e+00	3.026747999999999938e-02	6.358761499999999733e-01	5.655986461000000354e+00	4.790553300000000014e-02	6.281968190000000174e-01	1.124253310000000033e-01
5.765932649999999882e+00	3.144802299999999856e-02	6.481125060000000326e-01	5.765932649999999882e+00	4.747621099999999733e-02	6.406863310000000533e-01	1.124037590000000059e-01
5.878016072000000314e+00	3.267416000000000070e-02	6.605791260000000165e-01	5.878016072000000314e+00	4.714080799999999932e-02	6.536296489999999793e-01	1.123813069999999997e-01
5.992278274000000238e+00	3.394760399999999928e-02	6.732800220000000335e-01	5.992278274000000238e+00	4.693092199999999992e-02	6.670341290000000312e-01	1.123579360000000055e-01
6.108761608000000010e+00	3.527013200000000265e-02	6.862192510000000301e-01	6.108761608000000010e+00	4.688048000000000215e-02	6.809039350000000157e-01	1.123336109999999999e-01
6.227509249999999774e+00	3.664357900000000251e-02	6.994009249999999511e-01	6.227509249999999774e+00	4.702556399999999887e-02	6.952395439999999871e-01	1.123082920000000040e-01
6.348565215999999900e+00	3.806984399999999852e-02	7.128291979999999972e-01	6.348565215999999900e+00	4.740416900000000294e-02	7.100372109999999459e-01	1.122819369999999983e-01
6.471974377999999639e+00	3.955089099999999774e-02	7.265082760000000084e-01	6.471974377999999639e+00	4.805588899999999747e-02	7.252884069999999683e-01	1.122545040000000049e-01
6.597782480000000227e+00	4.108874800000000133e-02	7.404424080000000519e-01	6.597782480000000227e+00	4.902150300000000099e-02	7.409792299999999887e-01	1.122259500000000049e-01
6.726036152999999906e+00	4.268551400000000079e-02	7.546358899999999759e-01	6.726036152999999906e+00	5.034245600000000070e-02	7.570897859999999868e-01	1.121962289999999945e-01
6.856782937000000189e+00	4.434335600000000044e-02	7.690930609999999668e-01	6.856782937000000189e+00	5.206020499999999829e-02	7.735935689999999809e-01	1.121652919999999998e-01
6.990071294999999907e+00	4.606450899999999654e-02	7.838183029999999940e-01	6.990071294999999907e+00	5.421541600000000238e-02	7.904568239999999468e-01	1.121330910000000042e-01
7.125950633999999617e+00	4.785128300000000140e-02	7.988160389999999778e-01	7.125950633999999617e+00	5.684697899999999887e-02	8.076379479999999944e-01	1.120995750000000069e-01
7.264471318000000011e+00	4.970606200000000224e-02	8.140907320000000391e-01	7.264471318000000011e+00	5.999081500000000289e-02	8.250869199999999459e-01	1.120646909999999941e-01
7.405684692000000346e+00	5.163130099999999750e-02	8.296468809999999472e-01	7.405684692000000346e+00	6.367845299999999598e-02	8.427448360000000527e-01	1.120283829999999953e-01
7.549643099999999940e+00	5.362953300000000006e-02	8.454890229999999507e-01	7.549643099999999940e+00	6.793533899999999737e-02	8.605435729999999506e-01	1.119905949999999983e-01
7.696399901999999571e+00	5.570336900000000258e-02	8.616217290000000029e-01	7.696399901999999571e+00	7.277887299999999393e-02	8.784056679999999728e-01	1.119512680000000066e-01
7.846009495999999750e+00	5.785549499999999984e-02	8.780495999999999857e-01	7.846009495999999750e+00	7.821613900000000397e-02	8.962444950000000299e-01	1.119103409999999965e-01
7.998527336999999626e+00	6.008867700000000006e-02	8.947772699999999579e-01	7.998527336999999626e+00	8.424136799999999703e-02	9.139648500000000508e-01	1.118677520000000009e-01
8.154009956999999531e+00	6.240576099999999710e-02	9.118093959999999942e-01	8.154009956999999531e+00	9.083314400000000455e-02	9.314640570000000119e-01	1.118234339999999993e-01
8.312514990000000381e+00	6.480966999999999978e-02	9.291506649999999867e-01	8.312514990000000381e+00	9.795143600000000284e-02	9.486337590000000208e-01	1.117773219999999984e-01
8.474101187000000479e+00	6.730340899999999460e-02	9.468057829999999564e-01	8.474101187000000479e+00	1.055345780000000039e-01	9.653625120000000059e-01	1.117293459999999933e-01
8.638828442999999524e+00	6.989006400000000174e-02	9.647794760000000247e-01	8.638828442999999524e+00	1.134963860000000047e-01	9.815393519999999761e-01	1.116794349999999936e-01
8.806757815999999295e+00	7.257279899999999340e-02	9.830764889999999978e-01	8.806757815999999295e+00	1.217236589999999979e-01	9.970584190000000291e-01	1.116275149999999966e-01
8.977951553000000473e+00	7.535485699999999731e-02	1.001701579999999980e+00	8.977951553000000473e+00	1.300744070000000030e-01	1.011824709999999961e+00	1.115735110000000002e-01
9.152473109000000662e+00	7.823956299999999808e-02	1.020659517999999988e+00	9.152473109000000662e+00	1.383771860000000131e-01	1.025760905999999917e+00	1.115173470000000028e-01
9.330387173000000089e+00	8.123031799999999580e-02	1.039955081000000003e+00	9.330387173000000089e+00	1.464320020000000055e-01	1.038815118000000037e+00	1.114589420000000053e-01
9.511759690999999961e+00	8.433059900000000608e-02	1.059593052000000091e+00	9.511759690999999961e+00	1.540132019999999879e-01	1.050969188000000054e+00	1.113982149999999949e-01
9.696657892999999362e+00	8.754396000000000400e-02	1.079578217999999978e+00	9.696657892999999362e+00	1.608747460000000129e-01	1.062247039000000060e+00	1.113350840000000008e-01
9.885150314000000549e+00	9.087402799999999559e-02	1.099915363999999895e+00	9.885150314000000549e+00	1.667580800000000030e-01	1.072722345999999938e+00	1.112694629999999990e-01
1.007730682100000053e+01	9.432450200000000451e-02	1.120609270999999962e+00	1.007730682100000053e+01	1.714026100000000108e-01	1.082524676000000019e+00	1.112012649999999936e-01
1.027319864000000038e+01	9.789914800000000528e-02	1.141664715000000108e+00	1.027319864000000038e+01	1.745584609999999981e-01	1.091843174999999944e+00	1.111304040000000021e-01
1.047289838200000034e+01	1.016017979999999932e-01	1.163086462999999959e+00	1.047289838200000034e+01	1.760008459999999886e-01	1.100926969999999949e+00	1.110567890000000030e-01
1.067648006900000013e+01	1.054363499999999981e-01	1.184879271000000012e+00	1.067648006900000013e+01	1.755450309999999903e-01	1.110081646999999894e+00	1.109803290000000026e-01
1.088401916099999944e+01	1.094067549999999944e-01	1.207047878000000019e+00	1.088401916099999944e+01	1.730606530000000087e-01	1.119661580000000045e+00	1.109009329999999932e-01
1.109559258500000034e+01	1.135170239999999942e-01	1.229597011000000073e+00	1.109559258500000034e+01	1.684840370000000032e-01	1.130058328999999917e+00	1.108185079999999961e-01
1.131127876599999915e+01	1.177712139999999991e-01	1.252531376999999946e+00	1.131127876599999915e+01	1.618273090000000025e-01	1.141685857999999998e+00	1.107329600000000053e-01
1.153115765000000081e+01	1.221734290000000001e-01	1.275855662999999973e+00	1.153115765000000081e+01	1.531834380000000051e-01	1.154963720000000027e+00	1.106441960000000002e-01
1.175531073900000045e+01	1.267278119999999952e-01	1.299574535999999947e+00	1.175531073900000045e+01	1.427268439999999916e-01	1.170299637999999920e+00	1.105521210000000032e-01
1.198382111799999983e+01	1.314385409999999921e-01	1.323692641999999919e+00	1.198382111799999983e+01	1.307097730000000013e-01	1.188072881999999941e+00	1.104566419999999938e-01
1.221677348999999957e+01	1.363098209999999977e-01	1.348214604000000039e+00	1.221677348999999957e+01	1.174551860000000031e-01	1.208619633999999943e+00	1.103576659999999932e-01
1.245425420099999947e+01	1.413458780000000081e-01	1.373145024000000047e+00	1.245425420099999947e+01	1.033472490000000021e-01	1.232221086000000021e+00	1.102550989999999953e-01
1.269635127699999977e+01	1.465509540000000110e-01	1.398488484000000032e+00	1.269635127699999977e+01	8.882067700000000066e-02	1.259094444999999896e+00	1.101488489999999931e-01
1.294315445500000017e+01	1.519292979999999904e-01	1.424249547000000060e+00	1.294315445500000017e+01	7.435005499999999823e-02	1.289386499999999991e+00	1.100388280000000052e-01
1.319475521700000087e+01	1.574851600000000129e-01	1.450432758999999905e+00	1.319475521700000087e+01	6.043996399999999880e-02	1.323168901999999925e+00	1.099249459999999956e-01
1.345124682199999988e+01	1.632227800000000117e-01	1.477042653000000039e+00	1.345124682199999988e+01	4.761621700000000235e-02	1.360434031999999904e+00	1.098071179999999952e-01
1.371272434399999973e+01	1.691463890000000081e-01	1.504083751000000024e+00	1.371272434399999973e+01	3.641790400000000094e-02	1.401090189000000041e+00	1.096852610000000061e-01
1.397928470299999937e+01	1.752601900000000101e-01	1.531560569999999899e+00	1.397928470299999937e+01	2.738927799999999954e-02	1.444954966000000063e+00	1.095592950000000010e-01
1.425102670300000085e+01	1.815683590000000125e-01	1.559477629999999948e+00	1.425102670300000085e+01	2.106980400000000100e-02	1.491746070999999896e+00	1.094291419999999931e-01
1.452805107100000015e+01	1.880750360000000010e-01	1.587839455999999982e+00	1.452805107100000015e+01	1.797999200000000020e-02	1.541069543999999958e+00	1.092947330000000050e-01
1.481046048900000045e+01	1.947843139999999862e-01	1.616650587999999944e+00	1.481046048900000045e+01	1.860016399999999889e-02	1.592406460999999940e+00	1.091559970000000046e-01
1.509835963699999972e+01	2.017002360000000050e-01	1.645915591000000067e+00	1.509835963699999972e+01	2.333903199999999914e-02	1.645100908999999945e+00	1.090128749999999952e-01
1.539185523000000089e+01	2.088267849999999870e-01	1.675639062999999984e+00	1.539185523000000089e+01	3.248959199999999770e-02	1.698354214999999945e+00	1.088653079999999940e-01
1.569105605600000075e+01	2.161678830000000051e-01	1.705825645000000002e+00	1.569105605600000075e+01	4.617167400000000282e-02	1.751233038999999936e+00	1.087132469999999990e-01
1.599607301900000067e+01	2.237273810000000029e-01	1.736480036999999976e+00	1.599607301900000067e+01	6.426437799999999700e-02	1.802701179999999903e+00	1.085566460000000066e-01
1.630701917700000081e+01	2.315090549999999914e-01	1.767607004999999898e+00	1.630701917700000081e+01	8.633783100000000377e-02	1.851685473000000082e+00	1.083954699999999938e-01
1.662400978899999870e+01	2.395166049999999935e-01	1.799211400999999988e+00	1.662400978899999870e+01	1.116017150000000041e-01	1.897182802999999973e+00	1.082296880000000044e-01
1.694716235199999943e+01	2.477536499999999919e-01	1.831298171999999891e+00	1.694716235199999943e+01	1.388951949999999991e-01	1.938405914999999924e+00	1.080592809999999931e-01
1.727659664700000164e+01	2.562237290000000112e-01	1.863872380999999967e+00	1.727659664700000164e+01	1.667446029999999912e-01	1.974950128999999999e+00	1.078842329999999960e-01
1.761243478400000129e+01	2.649302969999999813e-01	1.896939222000000091e+00	1.761243478400000129e+01	1.935060480000000138e-01	2.006944905000000112e+00	1.077045420000000003e-01
1.795480124699999891e+01	2.738767320000000116e-01	1.930504036000000090e+00	1.795480124699999891e+01	2.175876670000000124e-01	2.035142271999999863e+00	1.075202120000000039e-01
1.830382293899999979e+01	2.830663339999999750e-01	1.964572331000000061e+00	1.830382293899999979e+01	2.377161389999999930e-01	2.060898631000000147e+00	1.073312569999999994e-01
1.865962923200000034e+01	2.925023319999999760e-01	1.999149800000000088e+00	1.865962923200000034e+01	2.531880619999999915e-01	2.086031676000000168e+00	1.071377020000000013e-01
1.902235200899999867e+01	3.021878900000000145e-01	2.034242337999999872e+00	1.902235200899999867e+01	2.640439580000000230e-01	2.112571808999999856e+00	1.069395800000000063e-01
1.939212572099999932e+01	3.121261160000000090e-01	2.069856061999999941e+00	1.939212572099999932e+01	2.711252929999999894e-01	2.142458696999999912e+00	1.067369350000000050e-01
1.976908742799999885e+01	3.223200740000000120e-01	2.105997331999999833e+00	1.976908742799999885e+01	2.760113060000000118e-01	2.177241720000000047e+00	1.065298199999999973e-01
2.015337685900000153e+01	3.327727939999999829e-01	2.142672762000000120e+00	2.015337685900000153e+01	2.808616850000000276e-01	2.217825507000000140e+00	1.063183000000000045e-01
2.054513645600000160e+01	3.434872889999999734e-01	2.179889247000000196e+00	2.054513645600000160e+01	2.881974099999999872e-01	2.264272125999999830e+00	1.061024470000000025e-01
2.094451143199999876e+01	3.544665679999999819e-01	2.217653971999999918e+00	2.094451143199999876e+01	3.006338069999999751e-01	2.315649983000000134e+00	1.058823440000000032e-01
2.135164981899999859e+01	3.657136610000000232e-01	2.255974433000000001e+00	2.135164981899999859e+01	3.205486149999999812e-01	2.369922505999999984e+00	1.056580849999999988e-01
2.176670253200000005e+01	3.772316299999999845e-01	2.294858447999999829e+00	2.176670253200000005e+01	3.496436860000000091e-01	2.423905223999999858e+00	1.054297700000000060e-01
2.218982341499999933e+01	3.890235980000000260e-01	2.334314175999999907e+00	2.218982341499999933e+01	3.883693759999999884e-01	2.473384666999999926e+00	1.051975099999999941e-01
2.262116930499999867e+01	4.010927690000000156e-01	2.374350125999999950e+00	2.262116930499999867e+01	4.352595340000000035e-01	2.513560722999999886e+00	1.049614229999999981e-01
2.306090008700000027e+01	4.134424509999999886e-01	2.414975169999999949e+00	2.306090008700000027e+01	4.863910180000000083e-01	2.539976118999999866e+00	1.047216349999999935e-01
2.350917875500000065e+01	4.260760900000000184e-01	2.456198550999999952e+00	2.350917875500000065e+01	5.353755289999999611e-01	2.549924964000000127e+00	1.044782800000000067e-01
2.396617146899999895e+01	4.389972910000000117e-01	2.498029895000000167e+00	2.396617146899999895e+01	5.743135200000000218e-01	2.543944364000000125e+00	1.042314960000000068e-01
2.443204762199999891e+01	4.522098509999999960e-01	2.540479216000000040e+00	2.443204762199999891e+01	5.957492960000000393e-01	2.526605113000000014e+00	1.039814290000000002e-01
2.490697989699999937e+01	4.657177949999999900e-01	2.583556917000000119e+00	2.490697989699999937e+01	5.949450509999999470e-01	2.505900328000000066e+00	1.037282290000000051e-01
2.539114433700000006e+01	4.795254019999999895e-01	2.627273794999999801e+00	2.539114433700000006e+01	5.713549639999999652e-01	2.491295921999999941e+00	1.034720519999999949e-01
2.588472040299999932e+01	4.936372450000000023e-01	2.671641038000000190e+00	2.588472040299999932e+01	5.286020190000000341e-01	2.491386020999999840e+00	1.032130539999999985e-01
2.638789104800000018e+01	5.080582270000000289e-01	2.716670217999999970e+00	2.638789104800000018e+01	4.732318600000000042e-01	2.512239506999999872e+00	1.029513960000000006e-01
2.690084278000000140e+01	5.227936109999999914e-01	2.762373284999999790e+00	2.690084278000000140e+01	4.131302960000000080e-01	2.556859949000000132e+00	1.026872389999999996e-01
2.742376573299999976e+01	5.378490559999999920e-01	2.808762552000000134e+00	2.742376573299999976e+01	3.563374519999999990e-01	2.625429898000000151e+00	1.024207459999999931e-01
2.795685373499999926e+01	5.532306519999999894e-01	2.855850683999999973e+00	2.795685373499999926e+01	3.104436190000000040e-01	2.715730677999999898e+00	1.021520769999999939e-01
2.850030438499999974e+01	5.689449519999999483e-01	2.903650676999999902e+00	2.850030438499999974e+01	2.822928390000000176e-01	2.823290474000000216e+00	1.018813920000000012e-01
2.905431912099999892e+01	5.849989979999999923e-01	2.952175844000000104e+00	2.905431912099999892e+01	2.775030479999999744e-01	2.941165026000000182e+00	1.016088460000000027e-01
2.961910329799999886e+01	6.014003540000000259e-01	3.001439792999999856e+00	2.961910329799999886e+01	2.993134769999999945e-01	3.059688108000000017e+00	1.013345940000000001e-01
3.019486626100000137e+01	6.181571359999999959e-01	3.051456406999999871e+00	3.019486626100000137e+01	3.465998900000000216e-01	3.167021797999999944e+00	1.010587819999999998e-01
3.078182142600000049e+01	6.352780420000000428e-01	3.102239823000000118e+00	3.078182142600000049e+01	4.118073360000000238e-01	3.251573866999999840e+00	1.007815549999999949e-01
3.138018635699999948e+01	6.527723810000000126e-01	3.153804405999999894e+00	3.138018635699999948e+01	4.807992059999999790e-01	3.306484547999999801e+00	1.005030489999999971e-01
3.199018284799999989e+01	6.706501080000000226e-01	3.206164719999999857e+00	3.199018284799999989e+01	5.366159520000000072e-01	3.334038553000000071e+00	1.002233950000000068e-01
3.261203700299999753e+01	6.889218539999999447e-01	3.259335495000000193e+00	3.261203700299999753e+01	5.662434530000000077e-01	3.346207344000000194e+00	9.994271400000000194e-02
3.324597932300000025e+01	7.075989510000000315e-01	3.313331585999999884e+00	3.324597932300000025e+01	5.659726529999999922e-01	3.359890711999999890e+00	9.966112200000000476e-02
3.389224478799999929e+01	7.266934609999999850e-01	3.368167934000000141e+00	3.389224478799999929e+01	5.417242169999999524e-01	3.390115042000000134e+00	9.937872100000000319e-02
3.455107294599999790e+01	7.462181860000000055e-01	3.423859515000000187e+00	3.455107294599999790e+01	5.052323509999999684e-01	3.445575864999999904e+00	9.909560600000000274e-02
3.522270800300000104e+01	7.661866849999999785e-01	3.480421302999999966e+00	3.522270800300000104e+01	4.694471029999999767e-01	3.527786395000000130e+00	9.881186000000000136e-02
3.590739891100000136e+01	7.866132810000000530e-01	3.537868226000000060e+00	3.590739891100000136e+01	4.452025620000000239e-01	3.632423986000000049e+00	9.852755500000000277e-02
3.660539946000000100e+01	8.075130670000000288e-01	3.596215131000000120e+00	3.660539946000000100e+01	4.392438719999999797e-01	3.751469021000000126e+00	9.824275100000000316e-02
3.731696837700000202e+01	8.289019220000000132e-01	3.655476746999999804e+00	3.731696837700000202e+01	4.533048060000000046e-01	3.875800438000000181e+00	9.795749500000000554e-02
3.804236941500000313e+01	8.507965250000000257e-01	3.715667648999999795e+00	3.804236941500000313e+01	4.846338139999999961e-01	3.998140231999999905e+00	9.767182500000000378e-02
3.878187145599999752e+01	8.732143749999999871e-01	3.776802212000000214e+00	3.878187145599999752e+01	5.285573839999999635e-01	4.115250295000000058e+00	9.738576499999999914e-02
3.953574860700000215e+01	8.961738099999999596e-01	3.838894553999999903e+00	3.953574860700000215e+01	5.822501920000000553e-01	4.227487501999999786e+00	9.709932599999999969e-02
4.030428030600000255e+01	9.196940099999999507e-01	3.901958467000000041e+00	4.030428030600000255e+01	6.469380999999999604e-01	4.335071713999999687e+00	9.681250800000000545e-02
4.108775141899999994e+01	9.437949890000000286e-01	3.966007359999999871e+00	4.108775141899999994e+01	7.257587540000000059e-01	4.433324020999999782e+00	9.652529599999999654e-02
4.188645235399999933e+01	9.684975749999999994e-01	4.031054196000000367e+00	4.188645235399999933e+01	8.171655899999999972e-01	4.511293088999999590e+00	9.623766100000000212e-02
4.270067916200000013e+01	9.938233890000000015e-01	4.097111446999999629e+00	4.270067916200000013e+01	9.080880989999999819e-01	4.557765968000000001e+00	9.594956200000000213e-02
4.353073364699999814e+01	1.019794826999999904e+00	4.164191070000000217e+00	4.353073364699999814e+01	9.749523150000000138e-01	4.573508364000000270e+00	9.566094399999999776e-02
4.437692348400000242e+01	1.046435063000000110e+00	4.232304468999999791e+00	4.437692348400000242e+01	9.971641270000000112e-01	4.579266045999999868e+00	9.537174099999999599e-02
4.523956232500000141e+01	1.073768067000000048e+00	4.301462446999999578e+00	4.523956232500000141e+01	9.736982229999999738e-01	4.608366499999999810e+00	9.508187599999999573e-02
4.611896992199999801e+01	1.101818610000000032e+00	4.371675135000000267e+00	4.611896992199999801e+01	9.274828250000000107e-01	4.688540793999999678e+00	9.479125700000000376e-02
4.701547224000000114e+01	1.130612251999999929e+00	4.442951899999999732e+00	4.701547224000000114e+01	8.961493790000000237e-01	4.827299514999999985e+00	9.449978200000000439e-02
4.792940158300000064e+01	1.160175288000000027e+00	4.515301260000000205e+00	4.792940158300000064e+01	9.174652949999999585e-01	5.005468482000000385e+00	9.420733600000000263e-02
4.886109671199999838e+01	1.190534688999999924e+00	4.588730836999999951e+00	4.886109671199999838e+01	1.010535184999999947e+00	5.177650400000000097e+00	9.391379099999999647e-02
4.981090297499999764e+01	1.221718043000000087e+00	4.663247335000000326e+00	4.981090297499999764e+01	1.153220958999999990e+00	5.289521154000000003e+00	9.361900800000000356e-02
5.077917243200000286e+01	1.253753550999999966e+00	4.738856530999999706e+00	5.077917243200000286e+01	1.280860555000000067e+00	5.320512306000000358e+00	9.332283900000000465e-02
5.176626398799999862e+01	1.286670039000000099e+00	4.815563230999999611e+00	5.176626398799999862e+01	1.334331487999999899e+00	5.313321264999999904e+00	9.302512599999999965e-02
5.277254352500000323e+01	1.320496974000000101e+00	4.893371169999999992e+00	5.277254352500000323e+01	1.312999942999999892e+00	5.339795236999999695e+00	9.272570199999999319e-02
5.379838403400000146e+01	1.355264408999999892e+00	4.972282887999999623e+00	5.379838403400000146e+01	1.268199349000000087e+00	5.442126799000000403e+00	9.242439099999999463e-02
5.484416576099999929e+01	1.391002869999999891e+00	5.052299633999999706e+00	5.484416576099999929e+01	1.259825513000000008e+00	5.611333618999999828e+00	9.212100400000000633e-02
5.591027634099999943e+01	1.427743237999999915e+00	5.133421365000000236e+00	5.591027634099999943e+01	1.319432544999999957e+00	5.800773215000000427e+00	9.181534600000000601e-02
5.699711094300000269e+01	1.465516700000000005e+00	5.215646769000000127e+00	5.699711094300000269e+01	1.431801209000000075e+00	5.960411151999999824e+00	9.150721300000000391e-02
5.810507242199999922e+01	1.504354782999999918e+00	5.298973263999999794e+00	5.810507242199999922e+01	1.552964153000000014e+00	6.078323070999999800e+00	9.119639699999999849e-02
5.923457145900000143e+01	1.544289382000000099e+00	5.383396864999999920e+00	5.923457145900000143e+01	1.661505004999999979e+00	6.183176414000000065e+00	9.088268400000000524e-02
6.038602672199999688e+01	1.585352676000000072e+00	5.468912013999999822e+00	6.038602672199999688e+01	1.778972951999999941e+00	6.294093368000000410e+00	9.056585300000000172e-02
6.155986501499999974e+01	1.627576920000000094e+00	5.555511486000000332e+00	6.155986501499999974e+01	1.926622741000000083e+00	6.385411483999999582e+00	9.024567399999999795e-02
6.275652144000000021e+01	1.670994278000000000e+00	5.643186451000000048e+00	6.275652144000000021e+01	2.075136528999999896e+00	6.421121787999999775e+00	8.992191300000000609e-02
6.397643955699999907e+01	1.715636807999999958e+00	5.731926570999999804e+00	6.397643955699999907e+01	2.168675114000000015e+00	6.422065641999999741e+00	8.959433499999999717e-02
6.522007154800000706e+01	1.761536562999999944e+00	5.821719934999999957e+00	6.522007154800000706e+01	2.207665779000000050e+00	6.456067845999999832e+00	8.926270399999999827e-02
6.648787838399999828e+01	1.808725547999999961e+00	5.912552825999999762e+00	6.648787838399999828e+01	2.260225872999999996e+00	6.546777113000000092e+00	8.892677799999999799e-02
6.778032999799999914e+01	1.857235444000000069e+00	6.004409545999999764e+00	6.778032999799999914e+01	2.373232374000000089e+00	6.631457284999999757e+00	8.858631299999999986e-02
6.909790545699999598e+01	1.907097314000000043e+00	6.097272528000000413e+00	6.909790545699999598e+01	2.490883789000000181e+00	6.638508411000000109e+00	8.824106199999999511e-02
7.044109314199999972e+01	1.958341588999999994e+00	6.191122548000000059e+00	7.044109314199999972e+01	2.515476285000000090e+00	6.609890927000000360e+00	8.789077900000000221e-02
7.181039092499999299e+01	2.010998245000000129e+00	6.285938659000000150e+00	7.181039092499999299e+01	2.460158679000000070e+00	6.661544826000000086e+00	8.753522399999999482e-02
7.320630635999999924e+01	2.065096720000000108e+00	6.381697844999999703e+00	7.320630635999999924e+01	2.440352374000000157e+00	6.821737077999999954e+00	8.717415400000000369e-02
7.462935686299999816e+01	2.120665460000000113e+00	6.478374892999999801e+00	7.462935686299999816e+01	2.523414534000000042e+00	6.994309194999999590e+00	8.680732600000000410e-02
7.608006991099999539e+01	2.177731597000000185e+00	6.575942705000000110e+00	7.608006991099999539e+01	2.638304658000000025e+00	7.089712343000000416e+00	8.643449899999999797e-02
7.755898323399999583e+01	2.236321149000000119e+00	6.674372554999999707e+00	7.755898323399999583e+01	2.691928348999999887e+00	7.161626990000000248e+00	8.605544199999999588e-02
7.906664501299999870e+01	2.296459202999999949e+00	6.773633756999999811e+00	7.906664501299999870e+01	2.730683990000000172e+00	7.298568997000000280e+00	8.566992800000000630e-02
8.060361408900000413e+01	2.358169453999999998e+00	6.873693283999999792e+00	8.060361408900000413e+01	2.840662374999999962e+00	7.456502322999999599e+00	8.527773099999999551e-02
8.217046016099999406e+01	2.421473601999999836e+00	6.974516097000000414e+00	8.217046016099999406e+01	2.976498808000000107e+00	7.550783185000000231e+00	8.487862999999999658e-02
8.376776400699999670e+01	2.486391527999999962e+00	7.076065672000000362e+00	8.376776400699999670e+01	3.061409164000000072e+00	7.636609628000000427e+00	8.447241900000000692e-02
8.539611769200000424e+01	2.552941686000000043e+00	7.178303679999999964e+00	8.539611769200000424e+01	3.174057406000000192e+00	7.778435800999999650e+00	8.405890000000000584e-02
8.705612479100000201e+01	2.621140550999999874e+00	7.281189441000000429e+00	8.705612479100000201e+01	3.373778036000000036e+00	7.858226636999999570e+00	8.363787699999999936e-02
8.874840061199999752e+01	2.691001830999999900e+00	7.384680424999999993e+00	8.874840061199999752e+01	3.493193924999999922e+00	7.811873055000000399e+00	8.320916600000000107e-02
9.047357242299999314e+01	2.762536853999999931e+00	7.488732960000000105e+00	9.047357242299999314e+01	3.461968473000000213e+00	7.846709190000000333e+00	8.277260200000000068e-02
9.223227968800000554e+01	2.835755020000000126e+00	7.593301628999999942e+00	9.223227968800000554e+01	3.505548468000000195e+00	8.039520817999999736e+00	8.232802699999999807e-02
9.402517429700000662e+01	2.910662811999999988e+00	7.698338800000000148e+00	9.402517429700000662e+01	3.704520534999999892e+00	8.154216776000000166e+00	8.187529400000000124e-02
9.585292081599999392e+01	2.987263197999999953e+00	7.803795709000000080e+00	9.585292081599999392e+01	3.809613385000000019e+00	8.127679339000000169e+00	8.141427099999999639e-02
9.771619672699999626e+01	3.065556599999999854e+00	7.909622806999999867e+00	9.771619672699999626e+01	3.801257820000000009e+00	8.205691679999999266e+00	8.094484899999999927e-02
9.961569268399999544e+01	3.145540679999999867e+00	8.015768629000000089e+00	9.961569268399999544e+01	3.895180815999999879e+00	8.356675883999999499e+00	8.046692699999999365e-02
1.015521127629999967e+02	3.227208892999999801e+00	8.122180369000000510e+00	1.015521127629999967e+02	4.002610454000000040e+00	8.413452023999999696e+00	7.998041699999999810e-02
1.035261747309999976e+02	3.310551219000000156e+00	8.228805196999999794e+00	1.035261747309999976e+02	4.027650140000000434e+00	8.527571358999999518e+00	7.948526300000000044e-02
1.055386103040000023e+02	3.395554857000000037e+00	8.335589099999999974e+00	1.055386103040000023e+02	4.167435467999999865e+00	8.704996398000000468e+00	7.898141799999999768e-02
1.075901654219999983e+02	3.482202415999999801e+00	8.442476762000000079e+00	1.075901654219999983e+02	4.327480089999999890e+00	8.741967992999999382e+00	7.846885200000000560e-02
1.096816005270000005e+02	3.570472248000000182e+00	8.549413514999999464e+00	1.096816005270000005e+02	4.363247009000000176e+00	8.837409750999999147e+00	7.794756299999999749e-02
1.118136908430000034e+02	3.660339773000000019e+00	8.656344243999999577e+00	1.118136908430000034e+02	4.554564004000000388e+00	9.011571610000000732e+00	7.741757000000000499e-02
1.139872266619999976e+02	3.751775396999999845e+00	8.763212928999999818e+00	1.139872266619999976e+02	4.765909199000000207e+00	8.953404905999999386e+00	7.687890299999999844e-02
1.162030136390000052e+02	3.844744896999999995e+00	8.869965032999999721e+00	1.162030136390000052e+02	4.755633121999999879e+00	8.934671379999999274e+00	7.633162599999999964e-02
1.184618730899999974e+02	3.939210958999999956e+00	8.976546031999999897e+00	1.184618730899999974e+02	4.829662691000000230e+00	9.014698066999999426e+00	7.577582400000000551e-02
1.207646422979999983e+02	4.035130604999999981e+00	9.082901341999999545e+00	1.207646422979999983e+02	4.821960337000000152e+00	8.975145982000000799e+00	7.521159500000000608e-02
