1.000000000000000000e+00	1.149638070000000012e-01	2.257748059999999946e-01	1.000000000000000000e+00	1.462050769999999889e-01	1.907426670000000046e-01	2.257748059999999946e-01
1.019438905999999978e+00	1.158610669999999981e-01	2.299820840000000033e-01	1.019438905999999978e+00	1.465228060000000054e-01	1.944212539999999878e-01	2.255967299999999953e-01
1.039255682999999930e+00	1.167916080000000051e-01	2.342604480000000100e-01	1.039255682999999930e+00	1.468530620000000064e-01	1.981695470000000014e-01	2.254117559999999909e-01
1.059457676000000070e+00	1.177565790000000001e-01	2.386106550000000048e-01	1.059457676000000070e+00	1.471963400000000088e-01	2.019887870000000030e-01	2.252196190000000098e-01
1.080052374999999953e+00	1.187571570000000021e-01	2.430334389999999900e-01	1.080052374999999953e+00	1.475531539999999919e-01	2.058802309999999969e-01	2.250200499999999992e-01
1.101047410999999920e+00	1.197945549999999970e-01	2.475295130000000066e-01	1.101047410999999920e+00	1.479240370000000082e-01	2.098451550000000054e-01	2.248127649999999977e-01
1.122450568000000093e+00	1.208700159999999968e-01	2.520995619999999993e-01	1.122450568000000093e+00	1.483095470000000138e-01	2.138848509999999870e-01	2.245974739999999914e-01
1.144269779000000042e+00	1.219848159999999959e-01	2.567442440000000103e-01	1.144269779000000042e+00	1.487102580000000118e-01	2.180006250000000034e-01	2.243738740000000009e-01
1.166513131999999953e+00	1.231402620000000003e-01	2.614641830000000167e-01	1.166513131999999953e+00	1.491267719999999908e-01	2.221937999999999969e-01	2.241416539999999957e-01
1.189188871000000036e+00	1.243376929999999991e-01	2.662599709999999842e-01	1.189188871000000036e+00	1.495597110000000118e-01	2.264657160000000113e-01	2.239004900000000076e-01
1.212305401000000060e+00	1.255784809999999918e-01	2.711321600000000109e-01	1.212305401000000060e+00	1.500097230000000115e-01	2.308177270000000003e-01	2.236500469999999907e-01
1.235871291999999899e+00	1.268640259999999909e-01	2.760812619999999940e-01	1.235871291999999899e+00	1.504774809999999963e-01	2.352512009999999931e-01	2.233899789999999885e-01
1.259895277999999896e+00	1.281957599999999919e-01	2.811077450000000200e-01	1.259895277999999896e+00	1.509636819999999879e-01	2.397675210000000112e-01	2.231199289999999946e-01
1.284386264000000111e+00	1.295751440000000032e-01	2.862120269999999800e-01	1.284386264000000111e+00	1.514690539999999919e-01	2.443680830000000137e-01	2.228395270000000095e-01
1.309353326999999956e+00	1.310036649999999914e-01	2.913944749999999861e-01	1.309353326999999956e+00	1.519943500000000003e-01	2.490542960000000083e-01	2.225483900000000126e-01
1.334805723999999971e+00	1.324828389999999911e-01	2.966553980000000146e-01	1.334805723999999971e+00	1.525403529999999896e-01	2.538275819999999960e-01	2.222461239999999894e-01
1.360752885999999995e+00	1.340142069999999963e-01	3.019950470000000164e-01	1.360752885999999995e+00	1.531078760000000039e-01	2.586893740000000275e-01	2.219323219999999874e-01
1.387204434000000042e+00	1.355993319999999891e-01	3.074136049999999787e-01	1.387204434000000042e+00	1.536977649999999862e-01	2.636411140000000097e-01	2.216065620000000069e-01
1.414170170000000004e+00	1.372397989999999957e-01	3.129111880000000068e-01	1.414170170000000004e+00	1.543108940000000040e-01	2.686842560000000102e-01	2.212684119999999977e-01
1.441660090999999921e+00	1.389372100000000054e-01	3.184878340000000252e-01	1.441660090999999921e+00	1.549481749999999936e-01	2.738202590000000103e-01	2.209174240000000011e-01
1.469684385999999954e+00	1.406931839999999989e-01	3.241435029999999995e-01	1.469684385999999954e+00	1.556105510000000136e-01	2.790505930000000134e-01	2.205531380000000097e-01
1.498253443000000074e+00	1.425093520000000058e-01	3.298780709999999949e-01	1.498253443000000074e+00	1.562990019999999924e-01	2.843767320000000209e-01	2.201750789999999958e-01
1.527377849999999926e+00	1.443873539999999955e-01	3.356913200000000153e-01	1.527377849999999926e+00	1.570145460000000048e-01	2.898001519999999775e-01	2.197827599999999937e-01
1.557068405000000100e+00	1.463288309999999925e-01	3.415829389999999743e-01	1.557068405000000100e+00	1.577582339999999972e-01	2.953223349999999914e-01	2.193756799999999896e-01
1.587336110999999939e+00	1.483354289999999909e-01	3.475525139999999791e-01	1.587336110999999939e+00	1.585311620000000032e-01	3.009447630000000040e-01	2.189533210000000063e-01
1.618192188000000087e+00	1.504087829999999903e-01	3.535995200000000005e-01	1.618192188000000087e+00	1.593344620000000100e-01	3.066689160000000136e-01	2.185151569999999877e-01
1.649648073999999909e+00	1.525505179999999961e-01	3.597233220000000120e-01	1.649648073999999909e+00	1.601693080000000102e-01	3.124962709999999921e-01	2.180606439999999979e-01
1.681715427999999957e+00	1.547622409999999948e-01	3.659231600000000251e-01	1.681715427999999957e+00	1.610369170000000016e-01	3.184282999999999975e-01	2.175892269999999962e-01
1.714406136000000025e+00	1.570455319999999877e-01	3.721981500000000054e-01	1.714406136000000025e+00	1.619385469999999883e-01	3.244664669999999806e-01	2.171003370000000043e-01
1.747732314999999925e+00	1.594019369999999935e-01	3.785472739999999892e-01	1.747732314999999925e+00	1.628755040000000043e-01	3.306122240000000101e-01	2.165933939999999946e-01
1.781706320000000066e+00	1.618329579999999990e-01	3.849693719999999764e-01	1.781706320000000066e+00	1.638491360000000063e-01	3.368670100000000223e-01	2.160678040000000022e-01
1.816340741000000092e+00	1.643400439999999907e-01	3.914631379999999883e-01	1.816340741000000092e+00	1.648608390000000090e-01	3.432322480000000176e-01	2.155229630000000118e-01
1.851648417999999907e+00	1.669245779999999901e-01	3.980271160000000141e-01	1.851648417999999907e+00	1.659120540000000033e-01	3.497093399999999797e-01	2.149582570000000137e-01
1.887642437000000006e+00	1.695878690000000022e-01	4.046596860000000184e-01	1.887642437000000006e+00	1.670042730000000086e-01	3.562996620000000170e-01	2.143730600000000042e-01
1.924336140999999945e+00	1.723311339999999969e-01	4.113590659999999954e-01	1.924336140999999945e+00	1.681390319999999938e-01	3.630045630000000023e-01	2.137667410000000101e-01
1.961743129999999891e+00	1.751554840000000002e-01	4.181233019999999745e-01	1.961743129999999891e+00	1.693179190000000112e-01	3.698253610000000191e-01	2.131386600000000076e-01
1.999877270999999901e+00	1.780619139999999878e-01	4.249502629999999948e-01	1.999877270999999901e+00	1.705425700000000044e-01	3.767633329999999781e-01	2.124881710000000035e-01
2.038752697000000058e+00	1.810512770000000105e-01	4.318376360000000247e-01	2.038752697000000058e+00	1.718146700000000027e-01	3.838197170000000047e-01	2.118146240000000069e-01
2.078383818999999910e+00	1.841242710000000060e-01	4.387829240000000186e-01	2.078383818999999910e+00	1.731359530000000091e-01	3.909957000000000016e-01	2.111173689999999992e-01
2.118785325999999802e+00	1.872814180000000051e-01	4.457834390000000035e-01	2.118785325999999802e+00	1.745082020000000012e-01	3.982924159999999825e-01	2.103957549999999899e-01
2.159972194999999928e+00	1.905230410000000041e-01	4.528363009999999966e-01	2.159972194999999928e+00	1.759332479999999865e-01	4.057109400000000199e-01	2.096491339999999870e-01
2.201959690999999886e+00	1.938492400000000060e-01	4.599384369999999778e-01	2.201959690999999886e+00	1.774129680000000042e-01	4.132522779999999729e-01	2.088768649999999949e-01
2.244763378000000031e+00	1.972598700000000038e-01	4.670865799999999735e-01	2.244763378000000031e+00	1.789492850000000135e-01	4.209173629999999888e-01	2.080783139999999865e-01
2.288399123000000035e+00	2.007545079999999982e-01	4.742772690000000013e-01	2.288399123000000035e+00	1.805441660000000059e-01	4.287070450000000088e-01	2.072528630000000094e-01
2.332883097999999933e+00	2.043324300000000093e-01	4.815068570000000103e-01	2.332883097999999933e+00	1.821996180000000076e-01	4.366220860000000203e-01	2.063999079999999930e-01
2.378231792999999872e+00	2.079925770000000118e-01	4.887715089999999929e-01	2.378231792999999872e+00	1.839176879999999958e-01	4.446631460000000091e-01	2.055188689999999929e-01
2.424462017000000191e+00	2.117335230000000068e-01	4.960672130000000069e-01	2.424462017000000191e+00	1.857004560000000137e-01	4.528307779999999894e-01	2.046091919999999953e-01
2.471590905999999865e+00	2.155534410000000123e-01	5.033897939999999460e-01	2.471590905999999865e+00	1.875500320000000054e-01	4.611254189999999809e-01	2.036703539999999979e-01
2.519635929000000107e+00	2.194500649999999997e-01	5.107349169999999550e-01	2.519635929000000107e+00	1.894685500000000133e-01	4.695473729999999901e-01	2.027018710000000057e-01
2.568614895000000065e+00	2.234206539999999963e-01	5.180981159999999974e-01	2.568614895000000065e+00	1.914581660000000130e-01	4.780968090000000115e-01	2.017033059999999989e-01
2.618545957999999896e+00	2.274619529999999945e-01	5.254748030000000458e-01	2.618545957999999896e+00	1.935210430000000037e-01	4.867737429999999810e-01	2.006742709999999874e-01
2.669447626999999823e+00	2.315701480000000034e-01	5.328602989999999817e-01	2.669447626999999823e+00	1.956593490000000102e-01	4.955780280000000038e-01	1.996144420000000030e-01
2.721338767999999853e+00	2.357408300000000123e-01	5.402498639999999686e-01	2.721338767999999853e+00	1.978752450000000052e-01	5.045093419999999718e-01	1.985235619999999868e-01
2.774238616999999962e+00	2.399689479999999875e-01	5.476387280000000191e-01	2.774238616999999962e+00	2.001708719999999997e-01	5.135671739999999597e-01	1.974014510000000056e-01
2.828166780000000102e+00	2.442487650000000066e-01	5.550221300000000024e-01	2.828166780000000102e+00	2.025483419999999923e-01	5.227508119999999536e-01	1.962480199999999952e-01
2.883143248000000103e+00	2.485738180000000019e-01	5.623953720000000045e-01	2.883143248000000103e+00	2.050097170000000080e-01	5.320593270000000263e-01	1.950632780000000066e-01
2.939188398999999841e+00	2.529368739999999782e-01	5.697538619999999998e-01	2.939188398999999841e+00	2.075570009999999910e-01	5.414915609999999546e-01	1.938473430000000053e-01
2.996323004999999817e+00	2.573298889999999783e-01	5.770931830000000096e-01	2.996323004999999817e+00	2.101921109999999870e-01	5.510461110000000051e-01	1.926004580000000022e-01
3.054568247000000181e+00	2.617439659999999946e-01	5.844091550000000135e-01	3.054568247000000181e+00	2.129168640000000112e-01	5.607213159999999696e-01	1.913229979999999941e-01
3.113945710999999950e+00	2.661693219999999860e-01	5.916979150000000187e-01	3.113945710999999950e+00	2.157329480000000077e-01	5.705152420000000335e-01	1.900154880000000102e-01
3.174477409000000083e+00	2.705952540000000073e-01	5.989559960000000460e-01	3.174477409000000083e+00	2.186418960000000022e-01	5.804256660000000068e-01	1.886786139999999945e-01
3.236185777000000208e+00	2.750101110000000015e-01	6.061804269999999661e-01	3.236185777000000208e+00	2.216450570000000064e-01	5.904500689999999663e-01	1.873132349999999946e-01
3.299093688000000135e+00	2.794012750000000045e-01	6.133688299999999760e-01	3.299093688000000135e+00	2.247435600000000089e-01	6.005856160000000443e-01	1.859204040000000113e-01
3.363224460000000082e+00	2.837551429999999875e-01	6.205195300000000413e-01	3.363224460000000082e+00	2.279382789999999936e-01	6.108291489999999602e-01	1.845013729999999963e-01
3.428601863999999999e+00	2.880571279999999956e-01	6.276316790000000534e-01	3.428601863999999999e+00	2.312297919999999896e-01	6.211771740000000541e-01	1.830576150000000069e-01
3.495250132999999870e+00	2.922916640000000066e-01	6.347053799999999857e-01	3.495250132999999870e+00	2.346183310000000133e-01	6.316258580000000400e-01	1.815908320000000076e-01
3.563193971000000015e+00	2.964422239999999764e-01	6.417418259999999597e-01	3.563193971000000015e+00	2.381037390000000087e-01	6.421710179999999824e-01	1.801029729999999995e-01
3.632458563999999779e+00	3.004913590000000134e-01	6.487434380000000056e-01	3.632458563999999779e+00	2.416854099999999894e-01	6.528081230000000179e-01	1.785962389999999900e-01
3.703069584000000081e+00	3.044207409999999947e-01	6.557140200000000085e-01	3.703069584000000081e+00	2.453622320000000134e-01	6.635322930000000508e-01	1.770731030000000095e-01
3.775053204999999856e+00	3.082112399999999974e-01	6.626589069999999637e-01	3.775053204999999856e+00	2.491325219999999951e-01	6.743383080000000529e-01	1.755363090000000015e-01
3.848436109000000105e+00	3.118430059999999782e-01	6.695851229999999488e-01	3.848436109000000105e+00	2.529939549999999926e-01	6.852206170000000318e-01	1.739888890000000077e-01
3.923245496999999915e+00	3.152955849999999893e-01	6.765015380000000134e-01	3.923245496999999915e+00	2.569434930000000228e-01	6.961733570000000482e-01	1.724341590000000035e-01
3.999509096999999791e+00	3.185480520000000260e-01	6.834190199999999882e-01	3.999509096999999791e+00	2.609773029999999938e-01	7.071903809999999790e-01	1.708757260000000056e-01
4.077255177999999702e+00	3.215791669999999991e-01	6.903505859999999883e-01	4.077255177999999702e+00	2.650906729999999989e-01	7.182652899999999452e-01	1.693174829999999909e-01
4.156512558000000190e+00	3.243675639999999971e-01	6.973115410000000347e-01	4.156512558000000190e+00	2.692779229999999746e-01	7.293914799999999810e-01	1.677636070000000090e-01
4.237310615000000169e+00	3.268919590000000097e-01	7.043196040000000435e-01	4.237310615000000169e+00	2.735323139999999986e-01	7.405621980000000049e-01	1.662185449999999953e-01
4.319679297000000417e+00	3.291313869999999975e-01	7.113950249999999587e-01	4.319679297000000417e+00	2.778459529999999789e-01	7.517706109999999775e-01	1.646870000000000001e-01
4.403649137000000380e+00	3.310654659999999749e-01	7.185606669999999863e-01	4.403649137000000380e+00	2.822096949999999826e-01	7.630098910000000512e-01	1.631739140000000032e-01
4.489251258000000355e+00	3.326746850000000255e-01	7.258420799999999451e-01	4.489251258000000355e+00	2.866130459999999824e-01	7.742733130000000186e-01	1.616844410000000121e-01
4.576517391000000323e+00	3.339407110000000012e-01	7.332675279999999463e-01	4.576517391000000323e+00	2.910440670000000174e-01	7.855543809999999683e-01	1.602239139999999951e-01
4.665479881999999634e+00	3.348467210000000138e-01	7.408679940000000297e-01	4.665479881999999634e+00	2.954892800000000208e-01	7.968469550000000234e-01	1.587978110000000109e-01
4.756171707000000026e+00	3.353777450000000049e-01	7.486771410000000460e-01	4.756171707000000026e+00	2.999335859999999743e-01	8.081454179999999488e-01	1.574117140000000081e-01
4.848626481000000155e+00	3.355210240000000010e-01	7.567312280000000335e-01	4.848626481000000155e+00	3.043601819999999791e-01	8.194448570000000265e-01	1.560712569999999910e-01
4.942878474999999661e+00	3.352663750000000054e-01	7.650689830000000358e-01	4.942878474999999661e+00	3.087504979999999843e-01	8.307412600000000369e-01	1.547820739999999917e-01
5.038962624999999917e+00	3.346065509999999743e-01	7.737314259999999999e-01	5.038962624999999917e+00	3.130841520000000044e-01	8.420317550000000484e-01	1.535497449999999875e-01
5.136914545999999859e+00	3.335376030000000158e-01	7.827616379999999818e-01	5.136914545999999859e+00	3.173389169999999981e-01	8.533148529999999843e-01	1.523797269999999926e-01
5.236770543999999639e+00	3.320592199999999883e-01	7.922044849999999583e-01	5.236770543999999639e+00	3.214907260000000044e-01	8.645907269999999478e-01	1.512772950000000061e-01
5.338567634000000339e+00	3.301750529999999961e-01	8.021062770000000341e-01	5.338567634000000339e+00	3.255136989999999897e-01	8.758615119999999532e-01	1.502474689999999946e-01
5.442343548000000197e+00	3.278930139999999827e-01	8.125143879999999763e-01	5.442343548000000197e+00	3.293802109999999783e-01	8.871316200000000096e-01	1.492949460000000117e-01
5.548136752999999644e+00	3.252255290000000132e-01	8.234768239999999961e-01	5.548136752999999644e+00	3.330610090000000190e-01	8.984080749999999727e-01	1.484240310000000118e-01
5.655986461000000354e+00	3.221897599999999917e-01	8.350417359999999789e-01	5.655986461000000354e+00	3.365253650000000207e-01	9.097008570000000294e-01	1.476385669999999983e-01
5.765932649999999882e+00	3.188077690000000186e-01	8.472569089999999470e-01	5.765932649999999882e+00	3.397412989999999966e-01	9.210232569999999841e-01	1.469418670000000038e-01
5.878016072000000314e+00	3.151066290000000270e-01	8.601691989999999954e-01	5.878016072000000314e+00	3.426758520000000030e-01	9.323922220000000483e-01	1.463366530000000110e-01
5.992278274000000238e+00	3.111184770000000044e-01	8.738239509999999877e-01	5.992278274000000238e+00	3.452954309999999860e-01	9.438286999999999649e-01	1.458249950000000128e-01
6.108761608000000010e+00	3.068805010000000277e-01	8.882643829999999907e-01	6.108761608000000010e+00	3.475662170000000106e-01	9.553579519999999548e-01	1.454082580000000124e-01
6.227509249999999774e+00	3.024348570000000014e-01	9.035309679999999899e-01	6.227509249999999774e+00	3.494546439999999810e-01	9.670098369999999832e-01	1.450870539999999931e-01
6.348565215999999900e+00	2.978285139999999886e-01	9.196607890000000340e-01	6.348565215999999900e+00	3.509279550000000136e-01	9.788190530000000500e-01	1.448612019999999945e-01
6.471974377999999639e+00	2.931130359999999935e-01	9.366868969999999628e-01	6.471974377999999639e+00	3.519548160000000037e-01	9.908253089999999874e-01	1.447296979999999900e-01
6.597782480000000227e+00	2.883442800000000084e-01	9.546376770000000178e-01	6.597782480000000227e+00	3.525060010000000132e-01	1.003073429999999933e+00	1.446906870000000123e-01
6.726036152999999906e+00	2.835820210000000174e-01	9.735362060000000151e-01	6.726036152999999906e+00	3.525551230000000258e-01	1.015613365999999962e+00	1.447414469999999953e-01
6.856782937000000189e+00	2.788895080000000082e-01	9.933996339999999758e-01	6.856782937000000189e+00	3.520794159999999784e-01	1.028500100000000028e+00	1.448783839999999989e-01
6.990071294999999907e+00	2.743329250000000052e-01	1.014238575000000031e+00	6.990071294999999907e+00	3.510605459999999733e-01	1.041793439999999960e+00	1.450970289999999885e-01
7.125950633999999617e+00	2.699807850000000009e-01	1.036056520999999897e+00	7.125950633999999617e+00	3.494854239999999890e-01	1.055557679999999943e+00	1.453920429999999986e-01
7.264471318000000011e+00	2.659032250000000208e-01	1.058849273000000091e+00	7.264471318000000011e+00	3.473470260000000032e-01	1.069861133000000075e+00	1.457572380000000112e-01
7.405684692000000346e+00	2.621712050000000183e-01	1.082604415999999903e+00	7.405684692000000346e+00	3.446451709999999724e-01	1.084775510999999915e+00	1.461855940000000020e-01
7.549643099999999940e+00	2.588556060000000159e-01	1.107300817999999909e+00	7.549643099999999940e+00	3.413872519999999744e-01	1.100375182000000063e+00	1.466692930000000061e-01
7.696399901999999571e+00	2.560262039999999795e-01	1.132908186999999955e+00	7.696399901999999571e+00	3.375888859999999769e-01	1.116736270000000086e+00	1.471997559999999872e-01
7.846009495999999750e+00	2.537505130000000109e-01	1.159386696000000105e+00	7.846009495999999750e+00	3.332744690000000176e-01	1.133935641999999966e+00	1.477676900000000071e-01
7.998527336999999626e+00	2.520924820000000066e-01	1.186686692999999959e+00	7.998527336999999626e+00	3.284776019999999797e-01	1.152049759999999923e+00	1.483631480000000002e-01
8.154009956999999531e+00	2.511110360000000097e-01	1.214748536000000101e+00	8.154009956999999531e+00	3.232413740000000257e-01	1.171153445000000071e+00	1.489756010000000130e-01
8.312514990000000381e+00	2.508584340000000190e-01	1.243502585000000105e+00	8.312514990000000381e+00	3.176184839999999787e-01	1.191318536000000039e+00	1.495940259999999911e-01
8.474101187000000479e+00	2.513784580000000268e-01	1.272869414999999949e+00	8.474101187000000479e+00	3.116711870000000162e-01	1.212612499000000010e+00	1.502070120000000009e-01
8.638828442999999524e+00	2.527044270000000092e-01	1.302760297999999928e+00	8.638828442999999524e+00	3.054710489999999945e-01	1.235096976999999985e+00	1.508028899999999950e-01
8.806757815999999295e+00	2.548570589999999969e-01	1.333078046000000016e+00	8.806757815999999295e+00	2.990984959999999915e-01	1.258826315999999945e+00	1.513699000000000017e-01
8.977951553000000473e+00	2.578422149999999857e-01	1.363718285000000030e+00	8.977951553000000473e+00	2.926421670000000086e-01	1.283846091000000023e+00	1.518963740000000007e-01
9.152473109000000662e+00	2.616486129999999743e-01	1.394571264999999949e+00	9.152473109000000662e+00	2.861980359999999890e-01	1.310191638000000047e+00	1.523709769999999908e-01
9.330387173000000089e+00	2.662455850000000068e-01	1.425524283999999975e+00	9.330387173000000089e+00	2.798683100000000090e-01	1.337886619999999915e+00	1.527829719999999891e-01
9.511759690999999961e+00	2.715810630000000114e-01	1.456464806000000056e+00	9.511759690999999961e+00	2.737600929999999821e-01	1.366941646999999982e+00	1.531225400000000014e-01
9.696657892999999362e+00	2.775799409999999967e-01	1.487284328999999961e+00	9.696657892999999362e+00	2.679837769999999786e-01	1.397352971999999971e+00	1.533811280000000055e-01
9.885150314000000549e+00	2.841430810000000196e-01	1.517883003999999980e+00	9.885150314000000549e+00	2.626511659999999915e-01	1.429101286000000082e+00	1.535518379999999961e-01
1.007730682100000053e+01	2.911472050000000200e-01	1.548174938999999917e+00	1.007730682100000053e+01	2.578732750000000129e-01	1.462150658999999964e+00	1.536298299999999950e-01
1.027319864000000038e+01	2.984459729999999755e-01	1.578094054999999996e+00	1.027319864000000038e+01	2.537578030000000040e-01	1.496447678000000003e+00	1.536127270000000045e-01
1.047289838200000034e+01	3.058725219999999800e-01	1.607600227999999909e+00	1.047289838200000034e+01	2.504062120000000169e-01	1.531920853999999999e+00	1.535009860000000059e-01
1.067648006900000013e+01	3.132436869999999929e-01	1.636685350000000039e+00	1.067648006900000013e+01	2.479104199999999925e-01	1.568480402000000051e+00	1.532982159999999872e-01
1.088401916099999944e+01	3.203660560000000102e-01	1.665378846999999940e+00	1.088401916099999944e+01	2.463490740000000012e-01	1.606018527000000029e+00	1.530113849999999998e-01
1.109559258500000034e+01	3.270438419999999735e-01	1.693752064999999973e+00	1.109559258500000034e+01	2.457834269999999988e-01	1.644410388000000056e+00	1.526508880000000123e-01
1.131127876599999915e+01	3.330883900000000120e-01	1.721920936000000069e+00	1.131127876599999915e+01	2.462528979999999978e-01	1.683515929999999994e+00	1.522304389999999952e-01
1.153115765000000081e+01	3.383289210000000047e-01	1.750046337999999979e+00	1.153115765000000081e+01	2.477704320000000127e-01	1.723182827000000028e+00	1.517667520000000048e-01
1.175531073900000045e+01	3.426238979999999823e-01	1.778331657000000066e+00	1.175531073900000045e+01	2.503179139999999747e-01	1.763250755000000058e+00	1.512789999999999968e-01
1.198382111799999983e+01	3.458722309999999744e-01	1.807017273000000035e+00	1.198382111799999983e+01	2.538419579999999787e-01	1.803557215999999963e+00	1.507880709999999957e-01
1.221677348999999957e+01	3.480234269999999963e-01	1.836371916999999909e+00	1.221677348999999957e+01	2.582505700000000126e-01	1.843945045999999977e+00	1.503156230000000093e-01
1.245425420099999947e+01	3.490857660000000195e-01	1.866681143000000098e+00	1.245425420099999947e+01	2.634112730000000013e-01	1.884271610999999957e+00	1.498830130000000094e-01
1.269635127699999977e+01	3.491316979999999903e-01	1.898233430999999971e+00	1.269635127699999977e+01	2.691513959999999872e-01	1.924419518999999967e+00	1.495101540000000062e-01
1.294315445500000017e+01	3.482998050000000179e-01	1.931304684000000105e+00	1.294315445500000017e+01	2.752612680000000034e-01	1.964308359999999976e+00	1.492143740000000107e-01
1.319475521700000087e+01	3.467929570000000128e-01	1.966141986000000008e+00	1.319475521700000087e+01	2.815009809999999835e-01	2.003906704999999899e+00	1.490093570000000089e-01
1.345124682199999988e+01	3.448724930000000022e-01	2.002947569999999899e+00	1.345124682199999988e+01	2.876111929999999872e-01	2.043243244000000125e+00	1.489042309999999980e-01
1.371272434399999973e+01	3.428485210000000172e-01	2.041863880999999825e+00	1.371272434399999973e+01	2.933280469999999807e-01	2.082415660000000113e+00	1.489028609999999975e-01
1.397928470299999937e+01	3.410665649999999882e-01	2.082960522000000037e+00	1.397928470299999937e+01	2.984018139999999875e-01	2.121595693999999810e+00	1.490033689999999966e-01
1.425102670300000085e+01	3.398908310000000044e-01	2.126223815999999989e+00	1.425102670300000085e+01	3.026182170000000227e-01	2.161028911999999913e+00	1.491979390000000016e-01
1.452805107100000015e+01	3.396844139999999901e-01	2.171549666999999850e+00	1.452805107100000015e+01	3.058208379999999837e-01	2.201027993999999932e+00	1.494728820000000014e-01
1.481046048900000045e+01	3.407867520000000261e-01	2.218740497000000200e+00	1.481046048900000045e+01	3.079325099999999926e-01	2.241958933999999903e+00	1.498090149999999898e-01
1.509835963699999972e+01	3.434887420000000136e-01	2.267507252999999778e+00	1.509835963699999972e+01	3.089733740000000228e-01	2.284220259000000031e+00	1.501823579999999880e-01
1.539185523000000089e+01	3.480062340000000254e-01	2.317477723000000100e+00	1.539185523000000089e+01	3.090733749999999835e-01	2.328216206000000010e+00	1.505651980000000112e-01
1.569105605600000075e+01	3.544531790000000071e-01	2.368212638000000148e+00	1.569105605600000075e+01	3.084772989999999826e-01	2.374325417000000105e+00	1.509275489999999942e-01
1.599607301900000067e+01	3.628166030000000153e-01	2.419231035000000141e+00	1.599607301900000067e+01	3.075410239999999962e-01	2.422867244999999947e+00	1.512390590000000090e-01
1.630701917700000081e+01	3.729367330000000202e-01	2.470045880999999888e+00	1.630701917700000081e+01	3.067182319999999796e-01	2.474067928999999832e+00	1.514713299999999874e-01
1.662400978899999870e+01	3.844967610000000202e-01	2.520209750999999887e+00	1.662400978899999870e+01	3.065372749999999979e-01	2.528028948999999859e+00	1.516005940000000052e-01
1.694716235199999943e+01	3.970274690000000217e-01	2.569368278999999866e+00	1.694716235199999943e+01	3.075681530000000108e-01	2.584699904999999909e+00	1.516105309999999928e-01
1.727659664700000164e+01	4.099316789999999933e-01	2.617316294000000099e+00	1.727659664700000164e+01	3.103796639999999996e-01	2.643858492000000115e+00	1.514949009999999874e-01
1.761243478400000129e+01	4.225315760000000198e-01	2.664048521999999863e+00	1.761243478400000129e+01	3.154870450000000215e-01	2.705100829000000040e+00	1.512595250000000058e-01
1.795480124699999891e+01	4.341382449999999782e-01	2.709794553000000050e+00	1.795480124699999891e+01	3.232911580000000229e-01	2.767846431999999801e+00	1.509231159999999961e-01
1.830382293899999979e+01	4.441375779999999773e-01	2.755027542000000107e+00	1.830382293899999979e+01	3.340120560000000016e-01	2.831363324999999875e+00	1.505165099999999923e-01
1.865962923200000034e+01	4.520813900000000274e-01	2.800438817999999941e+00	1.865962923200000034e+01	3.476229829999999965e-01	2.894819404000000151e+00	1.500800889999999999e-01
1.902235200899999867e+01	4.577689389999999858e-01	2.846876079999999920e+00	1.902235200899999867e+01	3.637954409999999972e-01	2.957364973999999869e+00	1.496595199999999903e-01
1.939212572099999932e+01	4.613035710000000233e-01	2.895249950999999822e+00	1.939212572099999932e+01	3.818710160000000076e-01	3.018247063000000008e+00	1.493002880000000032e-01
1.976908742799999885e+01	4.631124380000000151e-01	2.946420146999999989e+00	1.976908742799999885e+01	4.008789569999999802e-01	3.076947636999999958e+00	1.490417880000000084e-01
2.015337685900000153e+01	4.639230859999999845e-01	3.001076455999999837e+00	2.015337685900000153e+01	4.196167550000000079e-01	3.133325997000000029e+00	1.489118409999999892e-01
2.054513645600000160e+01	4.646969970000000005e-01	3.059630310000000186e+00	2.054513645600000160e+01	4.368013130000000244e-01	3.187733698999999810e+00	1.489223650000000010e-01
2.094451143199999876e+01	4.665250360000000041e-01	3.122130894000000101e+00	2.094451143199999876e+01	4.512803169999999864e-01	3.241064386000000130e+00	1.490667810000000093e-01
2.135164981899999859e+01	4.704925289999999927e-01	3.188217428999999825e+00	2.135164981899999859e+01	4.622718599999999789e-01	3.294706613999999867e+00	1.493194880000000002e-01
2.176670253200000005e+01	4.775234709999999771e-01	3.257118278000000089e+00	2.176670253200000005e+01	4.695839960000000035e-01	3.350386854999999997e+00	1.496376530000000094e-01
2.218982341499999933e+01	4.882167809999999886e-01	3.327708043999999976e+00	2.218982341499999933e+01	4.737633569999999961e-01	3.409916250999999843e+00	1.499655039999999995e-01
2.262116930499999867e+01	5.026948230000000128e-01	3.398633530000000125e+00	2.262116930499999867e+01	4.761350560000000010e-01	3.474877263000000216e+00	1.502412840000000027e-01
2.306090008700000027e+01	5.204956059999999995e-01	3.468513614999999994e+00	2.306090008700000027e+01	4.787172929999999882e-01	3.546295538999999941e+00	1.504066880000000106e-01
2.350917875500000065e+01	5.405507579999999646e-01	3.536201727999999989e+00	2.350917875500000065e+01	4.840105430000000153e-01	3.624337934000000150e+00	1.504179180000000116e-01
2.396617146899999895e+01	5.612917039999999469e-01	3.601071608999999896e+00	2.396617146899999895e+01	4.946643379999999812e-01	3.708070370999999810e+00	1.502564399999999911e-01
2.443204762199999891e+01	5.809054080000000120e-01	3.663255445999999971e+00	2.443204762199999891e+01	5.130177390000000281e-01	3.795315054000000021e+00	1.499364890000000061e-01
2.490697989699999937e+01	5.977152319999999852e-01	3.723746661999999930e+00	2.490697989699999937e+01	5.405114199999999647e-01	3.882676045000000187e+00	1.495061500000000043e-01
2.539114433700000006e+01	6.106056619999999935e-01	3.784297459999999891e+00	2.539114433700000006e+01	5.770096049999999810e-01	3.965847298999999992e+00	1.490400520000000062e-01
2.588472040299999932e+01	6.193714510000000173e-01	3.847097843999999878e+00	2.588472040299999932e+01	6.201745499999999911e-01	4.040336794999999981e+00	1.486242769999999991e-01
2.638789104800000018e+01	6.248779300000000259e-01	3.914296252000000198e+00	2.638789104800000018e+01	6.651873980000000408e-01	4.102658545999999795e+00	1.483368350000000002e-01
2.690084278000000140e+01	6.289699159999999623e-01	3.987475408999999971e+00	2.690084278000000140e+01	7.051989060000000142e-01	4.151798065000000371e+00	1.482286429999999933e-01
2.742376573299999976e+01	6.341330619999999696e-01	4.067208338000000367e+00	2.742376573299999976e+01	7.327386160000000093e-01	4.190414856000000299e+00	1.483096220000000021e-01
2.795685373499999926e+01	6.429618019999999712e-01	4.152798092000000274e+00	2.795685373499999926e+01	7.418337780000000548e-01	4.225086358999999625e+00	1.485431130000000044e-01
2.850030438499999974e+01	6.575162199999999846e-01	4.242278986999999724e+00	2.850030438499999974e+01	7.300559290000000479e-01	4.265222027000000082e+00	1.488503049999999883e-01
2.905431912099999892e+01	6.786792449999999866e-01	4.332740531999999867e+00	2.905431912099999892e+01	6.996276639999999825e-01	4.320983350999999750e+00	1.491255230000000098e-01
2.961910329799999886e+01	7.056798629999999628e-01	4.421003622999999827e+00	2.961910329799999886e+01	6.572635380000000360e-01	4.401057916000000070e+00	1.492619000000000029e-01
3.019486626100000137e+01	7.360085060000000068e-01	4.504581621999999896e+00	3.019486626100000137e+01	6.131247749999999552e-01	4.510993462000000065e+00	1.491836920000000066e-01
3.078182142600000049e+01	7.659337539999999667e-01	4.582678349000000040e+00	3.078182142600000049e+01	5.795202390000000481e-01	4.652189811999999591e+00	1.488761269999999970e-01
3.138018635699999948e+01	7.916385379999999472e-01	4.656798786000000412e+00	3.138018635699999948e+01	5.696427939999999523e-01	4.821145127000000308e+00	1.483993349999999933e-01
3.199018284799999989e+01	8.106532199999999522e-01	4.730560685999999571e+00	3.199018284799999989e+01	5.960019829999999574e-01	5.008557268999999756e+00	1.478753879999999965e-01
3.261203700299999753e+01	8.229917770000000354e-01	4.808603300999999774e+00	3.261203700299999753e+01	6.677317720000000012e-01	5.198507450000000141e+00	1.474487260000000022e-01
3.324597932300000025e+01	8.314434069999999677e-01	4.894937504999999689e+00	3.324597932300000025e+01	7.861817030000000095e-01	5.369126700999999890e+00	1.472339689999999923e-01
3.389224478799999929e+01	8.408244980000000313e-01	4.991354455999999828e+00	3.389224478799999929e+01	9.399397539999999607e-01	5.497128850000000178e+00	1.472712850000000018e-01
3.455107294599999790e+01	8.563852669999999501e-01	5.096474145000000178e+00	3.455107294599999790e+01	1.103526028000000103e+00	5.567228810999999666e+00	1.475055249999999984e-01
3.522270800300000104e+01	8.817999309999999813e-01	5.205830435000000200e+00	3.522270800300000104e+01	1.244763751999999890e+00	5.582092105000000082e+00	1.477975639999999924e-01
3.590739891100000136e+01	9.173409769999999464e-01	5.313211357000000135e+00	3.590739891100000136e+01	1.339374754000000056e+00	5.563826339000000232e+00	1.479698200000000019e-01
3.660539946000000100e+01	9.590749410000000141e-01	5.413161616000000009e+00	3.660539946000000100e+01	1.382421657999999942e+00	5.543221374999999895e+00	1.478787749999999901e-01
3.731696837700000202e+01	9.999589370000000477e-01	5.503857935000000090e+00	3.731696837700000202e+01	1.387860671999999962e+00	5.544493281000000273e+00	1.474894180000000110e-01
3.804236941500000313e+01	1.032981388999999917e+00	5.588767025000000110e+00	3.804236941500000313e+01	1.378439763000000040e+00	5.575932070000000351e+00	1.469090150000000039e-01
3.878187145599999752e+01	1.054999959999999959e+00	5.675602006000000088e+00	3.878187145599999752e+01	1.373585215999999942e+00	5.629433936999999943e+00	1.463467800000000096e-01
3.953574860700000215e+01	1.068971142000000096e+00	5.772642660999999897e+00	3.953574860700000215e+01	1.379936430999999963e+00	5.686745047999999692e+00	1.460107079999999891e-01
4.030428030600000255e+01	1.083032095999999944e+00	5.884293352000000255e+00	4.030428030600000255e+01	1.386928053000000105e+00	5.730651811000000428e+00	1.459967359999999881e-01
4.108775141899999994e+01	1.106685432999999996e+00	6.008222292000000131e+00	4.108775141899999994e+01	1.371167768000000065e+00	5.758240733000000056e+00	1.462290360000000067e-01
4.188645235399999933e+01	1.145657764000000078e+00	6.135681575000000443e+00	4.188645235399999933e+01	1.310961553000000057e+00	5.788080335000000076e+00	1.464836770000000066e-01
4.270067916200000013e+01	1.197763871000000035e+00	6.255597607000000338e+00	4.270067916200000013e+01	1.202581482000000035e+00	5.853570359999999972e+00	1.464987849999999925e-01
4.353073364699999814e+01	1.252720832999999923e+00	6.361349201000000342e+00	4.353073364699999814e+01	1.066032972999999995e+00	5.986806622999999661e+00	1.461346659999999964e-01
4.437692348400000242e+01	1.297784491999999901e+00	6.456308190999999752e+00	4.437692348400000242e+01	9.392632629999999594e-01	6.205063506000000118e+00	1.454879629999999979e-01
4.523956232500000141e+01	1.326667169000000035e+00	6.553038888999999756e+00	4.523956232500000141e+01	8.691554639999999887e-01	6.503729006000000368e+00	1.448519520000000060e-01
4.611896992199999801e+01	1.345015929000000110e+00	6.665244275000000052e+00	4.611896992199999801e+01	9.017490900000000309e-01	6.850157721999999616e+00	1.445228349999999884e-01
4.701547224000000114e+01	1.367625834000000040e+00	6.797877830000000010e+00	4.701547224000000114e+01	1.063022037000000086e+00	7.178258104000000195e+00	1.445881009999999967e-01
4.792940158300000064e+01	1.408692961000000077e+00	6.942409160999999607e+00	4.792940158300000064e+01	1.325924279000000094e+00	7.402870418000000008e+00	1.448465650000000104e-01
4.886109671199999838e+01	1.470792215999999986e+00	7.081215559000000326e+00	4.886109671199999838e+01	1.596279908999999941e+00	7.475352617999999616e+00	1.449254319999999929e-01
4.981090297499999764e+01	1.540469566999999929e+00	7.200464915999999604e+00	4.981090297499999764e+01	1.768982596000000074e+00	7.438112493000000214e+00	1.445560009999999895e-01
5.077917243200000286e+01	1.597140141999999985e+00	7.303271673000000241e+00	5.077917243200000286e+01	1.812195919000000099e+00	7.393771455000000437e+00	1.438241570000000080e-01
5.176626398799999862e+01	1.631172912000000030e+00	7.409610173999999994e+00	5.176626398799999862e+01	1.775394224000000021e+00	7.419773379999999641e+00	1.431358879999999889e-01
5.277254352500000323e+01	1.654373496999999915e+00	7.539631684999999806e+00	5.277254352500000323e+01	1.731665519000000097e+00	7.528326045000000022e+00	1.428703490000000076e-01
5.379838403400000146e+01	1.691305091999999899e+00	7.694788918999999616e+00	5.379838403400000146e+01	1.727325025000000069e+00	7.682953804000000275e+00	1.430301119999999870e-01
5.484416576099999929e+01	1.757556078999999993e+00	7.853965127000000379e+00	5.484416576099999929e+01	1.763108829999999960e+00	7.836637318000000185e+00	1.432051159999999934e-01
5.591027634099999943e+01	1.842409812999999952e+00	7.990905699999999889e+00	5.591027634099999943e+01	1.808296611000000054e+00	7.968880352000000222e+00	1.429237379999999946e-01
5.699711094300000269e+01	1.915447799000000062e+00	8.101886614999999736e+00	5.699711094300000269e+01	1.839293990999999906e+00	8.094356668999999727e+00	1.421455660000000010e-01
5.810507242199999922e+01	1.958155136000000018e+00	8.213854080999999141e+00	5.810507242199999922e+01	1.863108503999999943e+00	8.231900591000000489e+00	1.413620829999999995e-01
5.923457145900000143e+01	1.987038172000000102e+00	8.357009723999999196e+00	5.923457145900000143e+01	1.895588051000000052e+00	8.372343625999999261e+00	1.410833149999999869e-01
6.038602672199999688e+01	2.038323754999999959e+00	8.530081427000000716e+00	6.038602672199999688e+01	1.920737986000000008e+00	8.491107555999999335e+00	1.412591930000000051e-01
6.155986501499999974e+01	2.127611508000000207e+00	8.697622816999999174e+00	6.155986501499999974e+01	1.890078601999999997e+00	8.600086660000000549e+00	1.412872300000000136e-01
6.275652144000000021e+01	2.226623490999999788e+00	8.828788983000000812e+00	6.275652144000000021e+01	1.782741820999999893e+00	8.770464185999999884e+00	1.406832120000000019e-01
6.397643955699999907e+01	2.293413263000000146e+00	8.939752481999999389e+00	6.397643955699999907e+01	1.657492023000000092e+00	9.080362829000000247e+00	1.397350729999999874e-01
6.522007154800000706e+01	2.328830914000000085e+00	9.078027833000000157e+00	6.522007154800000706e+01	1.635293761000000012e+00	9.539433266999999717e+00	1.391907059999999974e-01
6.648787838399999828e+01	2.380150872999999834e+00	9.259576888999999866e+00	6.648787838399999828e+01	1.825878157000000002e+00	1.004565935399999965e+01	1.392671430000000099e-01
6.778032999799999914e+01	2.479781178000000086e+00	9.442453366000000514e+00	6.778032999799999914e+01	2.214703577999999951e+00	1.041818659099999955e+01	1.393096400000000123e-01
6.909790545699999598e+01	2.594786673999999849e+00	9.580010773999999785e+00	6.909790545699999598e+01	2.623974285000000073e+00	1.056705563100000056e+01	1.386440110000000114e-01
7.044109314199999972e+01	2.667846799999999963e+00	9.693831605999999823e+00	7.044109314199999972e+01	2.908504553999999853e+00	1.060588715899999990e+01	1.376161439999999958e-01
7.181039092499999299e+01	2.707472424000000100e+00	9.847962782999999831e+00	7.181039092499999299e+01	3.114567174999999910e+00	1.066768853099999959e+01	1.371384089999999889e-01
7.320630635999999924e+01	2.781225189999999792e+00	1.004833914099999959e+01	7.320630635999999924e+01	3.336856265000000210e+00	1.073168804200000004e+01	1.372605670000000000e-01
7.462935686299999816e+01	2.909761647999999923e+00	1.022576630200000025e+01	7.462935686299999816e+01	3.546671583999999822e+00	1.071891012799999920e+01	1.370206939999999984e-01
7.608006991099999539e+01	3.023222361000000191e+00	1.034639140700000048e+01	7.608006991099999539e+01	3.654875012000000201e+00	1.065924137100000024e+01	1.359934529999999864e-01
7.755898323399999583e+01	3.077043046000000004e+00	1.047963347600000006e+01	7.755898323399999583e+01	3.669926969000000039e+00	1.064141985000000012e+01	1.351182419999999995e-01
7.906664501299999870e+01	3.138918104000000042e+00	1.067929313900000032e+01	7.906664501299999870e+01	3.647196060000000184e+00	1.067046810199999918e+01	1.350669820000000021e-01
8.060361408900000413e+01	3.271744611999999996e+00	1.087918970399999985e+01	8.060361408900000413e+01	3.559703567000000124e+00	1.072987444800000034e+01	1.349714880000000006e-01
8.217046016099999406e+01	3.408311891999999954e+00	1.100834724499999950e+01	8.217046016099999406e+01	3.382139978000000102e+00	1.091358384299999962e+01	1.339696429999999994e-01
8.376776400699999670e+01	3.472689293999999816e+00	1.113776363100000033e+01	8.376776400699999670e+01	3.248985894000000041e+00	1.132468392400000035e+01	1.329600210000000116e-01
8.539611769200000424e+01	3.540779452999999855e+00	1.134555869299999920e+01	8.539611769200000424e+01	3.370594919000000189e+00	1.186809320699999937e+01	1.328580149999999960e-01
8.705612479100000201e+01	3.692081104000000114e+00	1.154903469099999924e+01	8.705612479100000201e+01	3.757768614999999812e+00	1.226658503900000063e+01	1.326619430000000044e-01
8.874840061199999752e+01	3.832568875000000208e+00	1.166988318399999969e+01	8.874840061199999752e+01	4.148749285000000064e+00	1.241271371100000032e+01	1.314940109999999940e-01
9.047357242299999314e+01	3.891652779999999812e+00	1.181666588200000056e+01	9.047357242299999314e+01	4.417461228999999712e+00	1.248812919599999915e+01	1.306090340000000127e-01
9.223227968800000554e+01	3.992213208999999985e+00	1.204623260900000048e+01	9.223227968800000554e+01	4.662230679000000322e+00	1.255653910700000075e+01	1.306075560000000135e-01
9.402517429700000662e+01	4.172148443000000206e+00	1.222089727900000078e+01	9.402517429700000662e+01	4.853957655000000315e+00	1.255748991900000000e+01	1.299747370000000068e-01
9.585292081599999392e+01	4.280061372999999669e+00	1.233166464099999970e+01	9.585292081599999392e+01	4.932757636999999917e+00	1.258643491599999997e+01	1.286519439999999903e-01
9.771619672699999626e+01	4.346281949999999838e+00	1.253468967799999945e+01	9.771619672699999626e+01	5.009710568000000031e+00	1.269612648899999918e+01	1.282764789999999988e-01
9.961569268399999544e+01	4.519428732999999809e+00	1.275522293899999937e+01	9.961569268399999544e+01	5.089586904999999994e+00	1.279072641900000029e+01	1.280443129999999929e-01
1.015521127629999967e+02	4.676383266000000205e+00	1.286770435899999931e+01	1.015521127629999967e+02	5.088000003000000326e+00	1.295472389100000044e+01	1.267103559999999962e-01
1.035261747309999976e+02	4.738833979999999890e+00	1.303956235100000072e+01	1.035261747309999976e+02	5.185138477999999829e+00	1.328391772099999990e+01	1.259542559999999867e-01
1.055386103040000023e+02	4.899211530999999731e+00	1.328012743899999926e+01	1.055386103040000023e+02	5.501143321999999891e+00	1.353816818700000013e+01	1.258319340000000064e-01
1.075901654219999983e+02	5.083768081999999744e+00	1.340085867400000019e+01	1.075901654219999983e+02	5.802504541000000238e+00	1.360903714200000003e+01	1.245546800000000010e-01
1.096816005270000005e+02	5.151114251000000088e+00	1.356029523700000006e+01	1.096816005270000005e+02	6.077415816000000248e+00	1.364067663400000008e+01	1.236332730000000019e-01
1.118136908430000034e+02	5.316833481999999833e+00	1.380691247600000082e+01	1.118136908430000034e+02	6.325588040999999606e+00	1.347136996100000061e+01	1.234814119999999987e-01
1.139872266619999976e+02	5.508140840000000260e+00	1.392130290699999939e+01	1.139872266619999976e+02	6.216323159999999959e+00	1.323757024600000065e+01	1.221303759999999988e-01
1.162030136390000052e+02	5.576806378999999758e+00	1.409415765600000015e+01	1.162030136390000052e+02	5.949962119000000271e+00	1.331537748899999940e+01	1.212890890000000027e-01
1.184618730899999974e+02	5.773328657999999614e+00	1.433316896400000040e+01	1.184618730899999974e+02	5.776796238000000194e+00	1.351708246799999991e+01	1.209939419999999932e-01
1.207646422979999983e+02	5.942075710000000122e+00	1.442852360000000012e+01	1.207646422979999983e+02	5.531195667000000427e+00	1.384267792600000035e+01	1.194763910000000012e-01
