1.000000000000000000e+00	3.160490400000000311e-02	1.910424689999999925e-01	1.000000000000000000e+00	-5.671370000000000230e-03	2.227371820000000058e-01	1.910424689999999925e-01
1.019438905999999978e+00	3.168815900000000046e-02	1.947459619999999947e-01	1.019438905999999978e+00	-5.318467999999999807e-03	2.270215459999999907e-01	1.910324989999999945e-01
1.039255682999999930e+00	3.177457799999999777e-02	1.985208529999999971e-01	1.039255682999999930e+00	-4.952054000000000004e-03	2.313864979999999960e-01	1.910221480000000027e-01
1.059457676000000070e+00	3.186427499999999746e-02	2.023684950000000093e-01	1.059457676000000070e+00	-4.571625999999999641e-03	2.358334430000000037e-01	1.910114009999999973e-01
1.080052374999999953e+00	3.195737099999999831e-02	2.062902669999999994e-01	1.080052374999999953e+00	-4.176664000000000071e-03	2.403638070000000126e-01	1.910002440000000135e-01
1.101047410999999920e+00	3.205398899999999801e-02	2.102875710000000065e-01	1.101047410999999920e+00	-3.766630999999999885e-03	2.449790310000000138e-01	1.909886610000000040e-01
1.122450568000000093e+00	3.215425699999999859e-02	2.143618360000000000e-01	1.122450568000000093e+00	-3.340972000000000212e-03	2.496805759999999874e-01	1.909766380000000041e-01
1.144269779000000042e+00	3.225830699999999995e-02	2.185145139999999930e-01	1.144269779000000042e+00	-2.899109999999999882e-03	2.544699200000000161e-01	1.909641569999999955e-01
1.166513131999999953e+00	3.236627499999999991e-02	2.227470850000000113e-01	1.166513131999999953e+00	-2.440453999999999887e-03	2.593485549999999806e-01	1.909512019999999866e-01
1.189188871000000036e+00	3.247830100000000109e-02	2.270610540000000122e-01	1.189188871000000036e+00	-1.964388999999999979e-03	2.643179929999999733e-01	1.909377559999999863e-01
1.212305401000000060e+00	3.259453200000000245e-02	2.314579549999999930e-01	1.212305401000000060e+00	-1.470280999999999932e-03	2.693797609999999954e-01	1.909238000000000046e-01
1.235871291999999899e+00	3.271511600000000242e-02	2.359393439999999953e-01	1.235871291999999899e+00	-9.574759999999999651e-04	2.745353999999999850e-01	1.909093169999999950e-01
1.259895277999999896e+00	3.284020800000000267e-02	2.405068109999999870e-01	1.259895277999999896e+00	-4.252980000000000063e-04	2.797864700000000093e-01	1.908942869999999958e-01
1.284386264000000111e+00	3.296996700000000280e-02	2.451619680000000079e-01	1.284386264000000111e+00	1.269490000000000072e-04	2.851345430000000181e-01	1.908786899999999898e-01
1.309353326999999956e+00	3.310455699999999973e-02	2.499064579999999980e-01	1.309353326999999956e+00	6.999859999999999893e-04	2.905812050000000091e-01	1.908625059999999873e-01
1.334805723999999971e+00	3.324414600000000219e-02	2.547419519999999937e-01	1.334805723999999971e+00	1.294554000000000061e-03	2.961280559999999729e-01	1.908457149999999991e-01
1.360752885999999995e+00	3.338891000000000081e-02	2.596701510000000157e-01	1.360752885999999995e+00	1.911417000000000107e-03	3.017767100000000036e-01	1.908282940000000094e-01
1.387204434000000042e+00	3.353902599999999956e-02	2.646927840000000143e-01	1.387204434000000042e+00	2.551363000000000068e-03	3.075287919999999953e-01	1.908102200000000026e-01
1.414170170000000004e+00	3.369467899999999821e-02	2.698116090000000078e-01	1.414170170000000004e+00	3.215202999999999811e-03	3.133859379999999750e-01	1.907914719999999897e-01
1.441660090999999921e+00	3.385605800000000137e-02	2.750284159999999978e-01	1.441660090999999921e+00	3.903771999999999798e-03	3.193497940000000201e-01	1.907720260000000112e-01
1.469684385999999954e+00	3.402335799999999660e-02	2.803450239999999982e-01	1.469684385999999954e+00	4.617928999999999784e-03	3.254220159999999806e-01	1.907518559999999974e-01
1.498253443000000074e+00	3.419677899999999660e-02	2.857632840000000063e-01	1.498253443000000074e+00	5.358556999999999904e-03	3.316042679999999798e-01	1.907309379999999888e-01
1.527377849999999926e+00	3.437652499999999806e-02	2.912850779999999751e-01	1.527377849999999926e+00	6.126562999999999801e-03	3.378982200000000269e-01	1.907092459999999989e-01
1.557068405000000100e+00	3.456280800000000042e-02	2.969123180000000084e-01	1.557068405000000100e+00	6.922880000000000179e-03	3.443055509999999875e-01	1.906867529999999866e-01
1.587336110999999939e+00	3.475584200000000207e-02	3.026469509999999974e-01	1.587336110999999939e+00	7.748462000000000231e-03	3.508279409999999765e-01	1.906634319999999938e-01
1.618192188000000087e+00	3.495585100000000306e-02	3.084909550000000111e-01	1.618192188000000087e+00	8.604290000000000549e-03	3.574670750000000230e-01	1.906392560000000069e-01
1.649648073999999909e+00	3.516305799999999704e-02	3.144463390000000191e-01	1.649648073999999909e+00	9.491368999999999501e-03	3.642246399999999884e-01	1.906141949999999863e-01
1.681715427999999957e+00	3.537769799999999909e-02	3.205151480000000275e-01	1.681715427999999957e+00	1.041072699999999983e-02	3.711023219999999845e-01	1.905882190000000032e-01
1.714406136000000025e+00	3.560000499999999707e-02	3.266994599999999971e-01	1.714406136000000025e+00	1.136341499999999997e-02	3.781018070000000120e-01	1.905612989999999896e-01
1.747732314999999925e+00	3.583022400000000079e-02	3.330013849999999831e-01	1.747732314999999925e+00	1.235050700000000015e-02	3.852247770000000182e-01	1.905334029999999901e-01
1.781706320000000066e+00	3.606859899999999980e-02	3.394230710000000206e-01	1.781706320000000066e+00	1.337310100000000009e-02	3.924729089999999809e-01	1.905044999999999933e-01
1.816340741000000092e+00	3.631538399999999917e-02	3.459666980000000169e-01	1.816340741000000092e+00	1.443231399999999991e-02	3.998478739999999920e-01	1.904745569999999888e-01
1.851648417999999907e+00	3.657083400000000345e-02	3.526344809999999996e-01	1.851648417999999907e+00	1.552928299999999963e-02	4.073513340000000094e-01	1.904435409999999940e-01
1.887642437000000006e+00	3.683521199999999912e-02	3.594286740000000036e-01	1.887642437000000006e+00	1.666516599999999862e-02	4.149849389999999971e-01	1.904114179999999990e-01
1.924336140999999945e+00	3.710878100000000041e-02	3.663515629999999912e-01	1.924336140999999945e+00	1.784113699999999997e-02	4.227503269999999813e-01	1.903781539999999939e-01
1.961743129999999891e+00	3.739181200000000344e-02	3.734054729999999878e-01	1.961743129999999891e+00	1.905838699999999955e-02	4.306491210000000236e-01	1.903437139999999972e-01
1.999877270999999901e+00	3.768457699999999688e-02	3.805927660000000268e-01	1.999877270999999901e+00	2.031812100000000149e-02	4.386829250000000013e-01	1.903080610000000006e-01
2.038752697000000058e+00	3.798735200000000201e-02	3.879158409999999835e-01	2.038752697000000058e+00	2.162155600000000011e-02	4.468533270000000224e-01	1.902711599999999947e-01
2.078383818999999910e+00	3.830041800000000274e-02	3.953771349999999907e-01	2.078383818999999910e+00	2.296991599999999994e-02	4.551618880000000145e-01	1.902329739999999991e-01
2.118785325999999802e+00	3.862405499999999742e-02	4.029791240000000219e-01	2.118785325999999802e+00	2.436443599999999973e-02	4.636101479999999997e-01	1.901934650000000060e-01
2.159972194999999928e+00	3.895854700000000309e-02	4.107243210000000033e-01	2.159972194999999928e+00	2.580634999999999873e-02	4.721996190000000149e-01	1.901525960000000071e-01
2.201959690999999886e+00	3.930418100000000053e-02	4.186152810000000057e-01	2.201959690999999886e+00	2.729689500000000157e-02	4.809317839999999733e-01	1.901103289999999946e-01
2.244763378000000031e+00	3.966124099999999986e-02	4.266545990000000232e-01	2.244763378000000031e+00	2.883730199999999869e-02	4.898080949999999989e-01	1.900666249999999891e-01
2.288399123000000035e+00	4.003001400000000265e-02	4.348449099999999734e-01	2.288399123000000035e+00	3.042879600000000101e-02	4.988299700000000114e-01	1.900214460000000105e-01
2.332883097999999933e+00	4.041078699999999663e-02	4.431888909999999737e-01	2.332883097999999933e+00	3.207258500000000068e-02	5.079987910000000051e-01	1.899747529999999962e-01
2.378231792999999872e+00	4.080384399999999884e-02	4.516892599999999813e-01	2.378231792999999872e+00	3.376986199999999771e-02	5.173159029999999659e-01	1.899265079999999939e-01
2.424462017000000191e+00	4.120946699999999963e-02	4.603487809999999847e-01	2.424462017000000191e+00	3.552179300000000289e-02	5.267826100000000400e-01	1.898766729999999958e-01
2.471590905999999865e+00	4.162793599999999733e-02	4.691702589999999784e-01	2.471590905999999865e+00	3.732951400000000114e-02	5.364001779999999497e-01	1.898252079999999953e-01
2.519635929000000107e+00	4.205952599999999986e-02	4.781565449999999884e-01	2.519635929000000107e+00	3.919412500000000327e-02	5.461698280000000238e-01	1.897720780000000107e-01
2.568614895000000065e+00	4.250450599999999746e-02	4.873105360000000164e-01	2.568614895000000065e+00	4.111667699999999731e-02	5.560927409999999460e-01	1.897172430000000076e-01
2.618545957999999896e+00	4.296314100000000330e-02	4.966351769999999832e-01	2.618545957999999896e+00	4.309816999999999815e-02	5.661700509999999520e-01	1.896606680000000045e-01
2.669447626999999823e+00	4.343568700000000060e-02	5.061334589999999523e-01	2.669447626999999823e+00	4.513954099999999831e-02	5.764028540000000200e-01	1.896023179999999919e-01
2.721338767999999853e+00	4.392238999999999866e-02	5.158084240000000431e-01	2.721338767999999853e+00	4.724165500000000045e-02	5.867921999999999860e-01	1.895421579999999884e-01
2.774238616999999962e+00	4.442348699999999762e-02	5.256631640000000161e-01	2.774238616999999962e+00	4.940529500000000185e-02	5.973391009999999834e-01	1.894801550000000112e-01
2.828166780000000102e+00	4.493920400000000342e-02	5.357008269999999905e-01	2.828166780000000102e+00	5.163115000000000065e-02	6.080445289999999448e-01	1.894162789999999930e-01
2.883143248000000103e+00	4.546975000000000322e-02	5.459246100000000324e-01	2.883143248000000103e+00	5.391980700000000015e-02	6.189094250000000130e-01	1.893504980000000060e-01
2.939188398999999841e+00	4.601532099999999792e-02	5.563377720000000082e-01	2.939188398999999841e+00	5.627173500000000328e-02	6.299346959999999607e-01	1.892827870000000079e-01
2.996323004999999817e+00	4.657609800000000327e-02	5.669436260000000338e-01	2.996323004999999817e+00	5.868727700000000297e-02	6.411212299999999864e-01	1.892131200000000124e-01
3.054568247000000181e+00	4.715223999999999804e-02	5.777455489999999694e-01	3.054568247000000181e+00	6.116663199999999856e-02	6.524698939999999947e-01	1.891414770000000023e-01
3.113945710999999950e+00	4.774388699999999874e-02	5.887469810000000026e-01	3.113945710999999950e+00	6.370984400000000158e-02	6.639815510000000032e-01	1.890678369999999886e-01
3.174477409000000083e+00	4.835115499999999983e-02	5.999514270000000371e-01	3.174477409000000083e+00	6.631679000000000046e-02	6.756570659999999728e-01	1.889921870000000059e-01
3.236185777000000208e+00	4.897413800000000039e-02	6.113624640000000499e-01	3.236185777000000208e+00	6.898716600000000254e-02	6.874973199999999673e-01	1.889145140000000056e-01
3.299093688000000135e+00	4.961290100000000092e-02	6.229837419999999515e-01	3.299093688000000135e+00	7.172046799999999556e-02	6.995032270000000052e-01	1.888348139999999897e-01
3.363224460000000082e+00	5.026748300000000169e-02	6.348189859999999740e-01	3.363224460000000082e+00	7.451598600000000627e-02	7.116757460000000535e-01	1.887530829999999882e-01
3.428601863999999999e+00	5.093788999999999956e-02	6.468720040000000004e-01	3.428601863999999999e+00	7.737278799999999790e-02	7.240159069999999586e-01	1.886693259999999983e-01
3.495250132999999870e+00	5.162409899999999968e-02	6.591466900000000351e-01	3.495250132999999870e+00	8.028970500000000288e-02	7.365248309999999909e-01	1.885835529999999871e-01
3.563193971000000015e+00	5.232604899999999948e-02	6.716470289999999510e-01	3.563193971000000015e+00	8.326532700000000009e-02	7.492037540000000551e-01	1.884957810000000011e-01
3.632458563999999779e+00	5.304364599999999985e-02	6.843771020000000149e-01	3.632458563999999779e+00	8.629798499999999373e-02	7.620540559999999797e-01	1.884060310000000016e-01
3.703069584000000081e+00	5.377675800000000089e-02	6.973410930000000230e-01	3.703069584000000081e+00	8.938575199999999887e-02	7.750772949999999994e-01	1.883143369999999983e-01
3.775053204999999856e+00	5.452521500000000187e-02	7.105432940000000475e-01	3.775053204999999856e+00	9.252643300000000515e-02	7.882752410000000154e-01	1.882207359999999996e-01
3.848436109000000105e+00	5.528880800000000179e-02	7.239881139999999604e-01	3.848436109000000105e+00	9.571756400000000498e-02	8.016499120000000200e-01	1.881252780000000069e-01
3.923245496999999915e+00	5.606728500000000143e-02	7.376800850000000409e-01	3.923245496999999915e+00	9.895641900000000379e-02	8.152036169999999915e-01	1.880280209999999896e-01
3.999509096999999791e+00	5.686035799999999973e-02	7.516238710000000545e-01	3.999509096999999791e+00	1.022400100000000062e-01	8.289390009999999531e-01	1.879290309999999964e-01
4.077255177999999702e+00	5.766769499999999798e-02	7.658242739999999715e-01	4.077255177999999702e+00	1.055651029999999935e-01	8.428590910000000047e-01	1.878283900000000117e-01
4.156512558000000190e+00	5.848892700000000305e-02	7.802862489999999873e-01	4.156512558000000190e+00	1.089282359999999977e-01	8.569673479999999621e-01	1.877261859999999893e-01
4.237310615000000169e+00	5.932364700000000018e-02	7.950149060000000212e-01	4.237310615000000169e+00	1.123257420000000062e-01	8.712677180000000243e-01	1.876225230000000133e-01
4.319679297000000417e+00	6.017141200000000051e-02	8.100155279999999847e-01	4.319679297000000417e+00	1.157537859999999974e-01	8.857646839999999688e-01	1.875175149999999957e-01
4.403649137000000380e+00	6.103174900000000319e-02	8.252935769999999449e-01	4.403649137000000380e+00	1.192084010000000055e-01	9.004633239999999539e-01	1.874112930000000066e-01
4.489251258000000355e+00	6.190415400000000290e-02	8.408547050000000356e-01	4.489251258000000355e+00	1.226855470000000059e-01	9.153693619999999642e-01	1.873039969999999999e-01
4.576517391000000323e+00	6.278810299999999789e-02	8.567047690000000326e-01	4.576517391000000323e+00	1.261811640000000123e-01	9.304892240000000037e-01	1.871957860000000029e-01
4.665479881999999634e+00	6.368305500000000230e-02	8.728498390000000162e-01	4.665479881999999634e+00	1.296912550000000053e-01	9.458300870000000415e-01	1.870868290000000100e-01
4.756171707000000026e+00	6.458846399999999821e-02	8.892962150000000010e-01	4.756171707000000026e+00	1.332119659999999872e-01	9.613999229999999896e-01	1.869773150000000050e-01
4.848626481000000155e+00	6.550378299999999598e-02	9.060504360000000146e-01	4.848626481000000155e+00	1.367396840000000002e-01	9.772075449999999552e-01	1.868674439999999937e-01
4.942878474999999661e+00	6.642847999999999808e-02	9.231192900000000368e-01	4.942878474999999661e+00	1.402711550000000085e-01	9.932626319999999787e-01	1.867574320000000010e-01
5.038962624999999917e+00	6.736205100000000612e-02	9.405098320000000456e-01	5.038962624999999917e+00	1.438036040000000015e-01	1.009575754000000103e+00	1.866475109999999882e-01
5.136914545999999859e+00	6.830403200000000064e-02	9.582293920000000131e-01	5.136914545999999859e+00	1.473348760000000035e-01	1.026158378999999954e+00	1.865379269999999923e-01
5.236770543999999639e+00	6.925402099999999894e-02	9.762855839999999841e-01	5.236770543999999639e+00	1.508635899999999919e-01	1.043022866999999909e+00	1.864289399999999874e-01
5.338567634000000339e+00	7.021169200000000610e-02	9.946863209999999844e-01	5.338567634000000339e+00	1.543893040000000050e-01	1.060182439999999948e+00	1.863208239999999960e-01
5.442343548000000197e+00	7.117682300000000017e-02	1.013439817000000076e+00	5.442343548000000197e+00	1.579126899999999945e-01	1.077651131999999956e+00	1.862138630000000072e-01
5.548136752999999644e+00	7.214931400000000605e-02	1.032554599000000017e+00	5.548136752999999644e+00	1.614357260000000016e-01	1.095443715999999901e+00	1.861083540000000036e-01
5.655986461000000354e+00	7.312921699999999636e-02	1.052039511000000038e+00	5.655986461000000354e+00	1.649618850000000025e-01	1.113575597999999944e+00	1.860046019999999911e-01
5.765932649999999882e+00	7.411676500000000112e-02	1.071903711000000037e+00	5.765932649999999882e+00	1.684963399999999945e-01	1.132062675000000018e+00	1.859029189999999998e-01
5.878016072000000314e+00	7.511239799999999689e-02	1.092156676999999965e+00	5.878016072000000314e+00	1.720461620000000025e-01	1.150921164999999968e+00	1.858036220000000016e-01
5.992278274000000238e+00	7.611680099999999782e-02	1.112808197000000110e+00	5.992278274000000238e+00	1.756205249999999995e-01	1.170167382000000034e+00	1.857070289999999957e-01
6.108761608000000010e+00	7.713093599999999717e-02	1.133868362000000074e+00	6.108761608000000010e+00	1.792308920000000028e-01	1.189817480999999955e+00	1.856134570000000095e-01
6.227509249999999774e+00	7.815607600000000488e-02	1.155347553999999999e+00	6.227509249999999774e+00	1.828911980000000048e-01	1.209887141999999915e+00	1.855232179999999897e-01
6.348565215999999900e+00	7.919384299999999988e-02	1.177256421999999914e+00	6.348565215999999900e+00	1.866180040000000040e-01	1.230391210000000068e+00	1.854366120000000007e-01
6.471974377999999639e+00	8.024624499999999383e-02	1.199605865999999965e+00	6.471974377999999639e+00	1.904306319999999886e-01	1.251343273000000034e+00	1.853539270000000017e-01
6.597782480000000227e+00	8.131570800000000043e-02	1.222406995000000052e+00	6.597782480000000227e+00	1.943512470000000047e-01	1.272755188000000093e+00	1.852754309999999904e-01
6.726036152999999906e+00	8.240511400000000153e-02	1.245671098999999948e+00	6.726036152999999906e+00	1.984049059999999920e-01	1.294636544000000056e+00	1.852013680000000051e-01
6.856782937000000189e+00	8.351782900000000176e-02	1.269409594999999946e+00	6.856782937000000189e+00	2.026195299999999921e-01	1.316994062000000021e+00	1.851319499999999896e-01
6.990071294999999907e+00	8.465773499999999785e-02	1.293633980999999933e+00	6.990071294999999907e+00	2.070258070000000061e-01	1.339830936000000028e+00	1.850673509999999911e-01
7.125950633999999617e+00	8.582924799999999688e-02	1.318355771000000010e+00	7.125950633999999617e+00	2.116569939999999872e-01	1.363146117000000102e+00	1.850077049999999945e-01
7.264471318000000011e+00	8.703733299999999451e-02	1.343586423999999946e+00	7.264471318000000011e+00	2.165486070000000041e-01	1.386933535999999911e+00	1.849530909999999861e-01
7.405684692000000346e+00	8.828751399999999749e-02	1.369337274999999909e+00	7.405684692000000346e+00	2.217379680000000075e-01	1.411181290000000033e+00	1.849035350000000077e-01
7.549643099999999940e+00	8.958586799999999906e-02	1.395619444000000042e+00	7.549643099999999940e+00	2.272635990000000106e-01	1.435870785999999955e+00	1.848589959999999977e-01
7.696399901999999571e+00	9.093900300000000436e-02	1.422443751999999950e+00	7.696399901999999571e+00	2.331644109999999881e-01	1.460975876000000007e+00	1.848193660000000127e-01
7.846009495999999750e+00	9.235403300000000204e-02	1.449820624000000002e+00	7.846009495999999750e+00	2.394786819999999983e-01	1.486462004000000059e+00	1.847844590000000120e-01
7.998527336999999626e+00	9.383852400000000649e-02	1.477759993000000049e+00	7.998527336999999626e+00	2.462427819999999934e-01	1.512285397000000087e+00	1.847540089999999968e-01
8.154009956999999531e+00	9.540042399999999756e-02	1.506271205000000002e+00	8.154009956999999531e+00	2.534896139999999742e-01	1.538392358000000071e+00	1.847276629999999864e-01
8.312514990000000381e+00	9.704797399999999519e-02	1.535362923999999962e+00	8.312514990000000381e+00	2.612467529999999982e-01	1.564718717999999953e+00	1.847049809999999903e-01
8.474101187000000479e+00	9.878959499999999394e-02	1.565043044999999911e+00	8.474101187000000479e+00	2.695342629999999962e-01	1.591189533999999961e+00	1.846854330000000100e-01
8.638828442999999524e+00	1.006337469999999956e-01	1.595318618000000077e+00	8.638828442999999524e+00	2.783621909999999811e-01	1.617719114000000014e+00	1.846683990000000108e-01
8.806757815999999295e+00	1.025887669999999974e-01	1.626195792999999945e+00	8.806757815999999295e+00	2.877277590000000274e-01	1.644211505999999989e+00	1.846531750000000027e-01
8.977951553000000473e+00	1.046626799999999941e-01	1.657679778999999964e+00	8.977951553000000473e+00	2.976123010000000235e-01	1.670561563999999999e+00	1.846389760000000102e-01
9.152473109000000662e+00	1.068629910000000044e-01	1.689774848000000107e+00	9.152473109000000662e+00	3.079780409999999802e-01	1.696656742999999912e+00	1.846249450000000125e-01
9.330387173000000089e+00	1.091964509999999999e-01	1.722484359999999937e+00	9.330387173000000089e+00	3.187648590000000115e-01	1.722379743000000074e+00	1.846101699999999901e-01
9.511759690999999961e+00	1.116688170000000035e-01	1.755810845999999925e+00	9.511759690999999961e+00	3.298872350000000009e-01	1.747612147999999976e+00	1.845936930000000031e-01
9.696657892999999362e+00	1.142845950000000027e-01	1.789756142000000105e+00	9.696657892999999362e+00	3.412316599999999922e-01	1.772239117000000030e+00	1.845745370000000107e-01
9.885150314000000549e+00	1.170467979999999936e-01	1.824321574000000057e+00	9.885150314000000549e+00	3.526548270000000040e-01	1.796155157999999918e+00	1.845517279999999982e-01
1.007730682100000053e+01	1.199567089999999947e-01	1.859508222999999960e+00	1.007730682100000053e+01	3.639829909999999780e-01	1.819270887999999919e+00	1.845243229999999901e-01
1.027319864000000038e+01	1.230136819999999992e-01	1.895317249999999953e+00	1.027319864000000038e+01	3.750128970000000117e-01	1.841520575000000104e+00	1.844914440000000044e-01
1.047289838200000034e+01	1.262149899999999991e-01	1.931750289000000009e+00	1.047289838200000034e+01	3.855146520000000132e-01	1.862870089999999923e+00	1.844523090000000087e-01
1.067648006900000013e+01	1.295557459999999994e-01	1.968809918999999908e+00	1.067648006900000013e+01	3.952368330000000096e-01	1.883324731000000085e+00	1.844062750000000084e-01
1.088401916099999944e+01	1.330289129999999986e-01	2.006500174000000136e+00	1.088401916099999944e+01	4.039139769999999796e-01	1.902936269000000014e+00	1.843528700000000020e-01
1.109559258500000034e+01	1.366254329999999906e-01	2.044827112000000113e+00	1.109559258500000034e+01	4.112763660000000043e-01	1.921808412999999938e+00	1.842918339999999877e-01
1.131127876599999915e+01	1.403344850000000088e-01	2.083799388000000086e+00	1.131127876599999915e+01	4.170617620000000025e-01	1.940099927999999974e+00	1.842231490000000027e-01
1.153115765000000081e+01	1.441439049999999888e-01	2.123428823999999882e+00	1.153115765000000081e+01	4.210284449999999734e-01	1.958024694999999982e+00	1.841470639999999992e-01
1.175531073900000045e+01	1.480407649999999908e-01	2.163730920999999974e+00	1.175531073900000045e+01	4.229686480000000026e-01	1.975848215999999935e+00	1.840641199999999977e-01
1.198382111799999983e+01	1.520121200000000006e-01	2.204725274999999929e+00	1.198382111799999983e+01	4.227213009999999938e-01	1.993880383999999895e+00	1.839751490000000045e-01
1.221677348999999957e+01	1.560459160000000067e-01	2.246435847999999957e+00	1.221677348999999957e+01	4.201829489999999723e-01	2.012464723999999983e+00	1.838812720000000123e-01
1.245425420099999947e+01	1.601320220000000127e-01	2.288891033000000075e+00	1.245425420099999947e+01	4.153157900000000180e-01	2.031964659999999867e+00	1.837838699999999881e-01
1.269635127699999977e+01	1.642633729999999903e-01	2.332123463999999924e+00	1.269635127699999977e+01	4.081520350000000241e-01	2.052747731999999825e+00	1.836845420000000062e-01
1.294315445500000017e+01	1.684371249999999931e-01	2.376169522000000089e+00	1.294315445500000017e+01	3.987941269999999983e-01	2.075168854999999812e+00	1.835850400000000049e-01
1.319475521700000087e+01	1.726557830000000071e-01	2.421068516000000059e+00	1.319475521700000087e+01	3.874107430000000019e-01	2.099553760000000047e+00	1.834871869999999960e-01
1.345124682199999988e+01	1.769281759999999926e-01	2.466861493000000127e+00	1.345124682199999988e+01	3.742288200000000176e-01	2.126183666000000194e+00	1.833927760000000073e-01
1.371272434399999973e+01	1.812701989999999930e-01	2.513589725000000108e+00	1.371272434399999973e+01	3.595221200000000006e-01	2.155282010000000081e+00	1.833034530000000051e-01
1.397928470299999937e+01	1.857051789999999980e-01	2.561292872000000109e+00	1.397928470299999937e+01	3.435969050000000080e-01	2.187003801999999997e+00	1.832205960000000133e-01
1.425102670300000085e+01	1.902637670000000003e-01	2.610006937000000082e+00	1.425102670300000085e+01	3.267752649999999814e-01	2.221427990000000019e+00	1.831451859999999876e-01
1.452805107100000015e+01	1.949832459999999990e-01	2.659762092999999883e+00	1.452805107100000015e+01	3.093765299999999829e-01	2.258553061999999834e+00	1.830776940000000130e-01
1.481046048900000045e+01	1.999061699999999941e-01	2.710580579999999795e+00	1.481046048900000045e+01	2.916969930000000155e-01	2.298296221000000195e+00	1.830179809999999962e-01
1.509835963699999972e+01	2.050782959999999933e-01	2.762474839999999876e+00	1.509835963699999972e+01	2.739881120000000059e-01	2.340496649999999956e+00	1.829652300000000065e-01
1.539185523000000089e+01	2.105458189999999952e-01	2.815446147999999926e+00	1.539185523000000089e+01	2.564334620000000009e-01	2.384923751000000092e+00	1.829179200000000116e-01
1.569105605600000075e+01	2.163520039999999867e-01	2.869483989999999984e+00	1.569105605600000075e+01	2.391250789999999904e-01	2.431291625000000067e+00	1.828738599999999992e-01
1.599607301900000067e+01	2.225333929999999960e-01	2.924566447000000124e+00	1.599607301900000067e+01	2.220405659999999948e-01	2.479281289000000221e+00	1.828302760000000138e-01
1.630701917700000081e+01	2.291158819999999929e-01	2.980661813000000215e+00	1.630701917700000081e+01	2.050233939999999977e-01	2.528572045000000212e+00	1.827839769999999864e-01
1.662400978899999870e+01	2.361110580000000125e-01	3.037731597000000061e+00	1.662400978899999870e+01	1.877700290000000050e-01	2.578882629999999843e+00	1.827315810000000040e-01
1.694716235199999943e+01	2.435133160000000074e-01	3.095734945999999876e+00	1.694716235199999943e+01	1.698285210000000101e-01	2.630021280999999878e+00	1.826698109999999875e-01
1.727659664700000164e+01	2.512982930000000059e-01	3.154634331000000014e+00	1.727659664700000164e+01	1.506134500000000098e-01	2.681941472000000104e+00	1.825958199999999920e-01
1.761243478400000129e+01	2.594232080000000162e-01	3.214402118999999836e+00	1.761243478400000129e+01	1.294410659999999935e-01	2.734797390999999855e+00	1.825075379999999969e-01
1.795480124699999891e+01	2.678295669999999906e-01	3.275027392000000148e+00	1.795480124699999891e+01	1.055857260000000047e-01	2.788990983000000146e+00	1.824039899999999881e-01
1.830382293899999979e+01	2.764485090000000089e-01	3.336522144999999995e+00	1.830382293899999979e+01	7.835467499999999863e-02	2.845201737000000008e+00	1.822855339999999991e-01
1.865962923200000034e+01	2.852087059999999785e-01	3.398925795999999888e+00	1.865962923200000034e+01	4.717383700000000318e-02	2.904392222999999884e+00	1.821539839999999910e-01
1.902235200899999867e+01	2.940463389999999899e-01	3.462306893000000052e+00	1.902235200899999867e+01	1.167441999999999959e-02	2.967786794999999866e+00	1.820125549999999925e-01
1.939212572099999932e+01	3.029161260000000078e-01	3.526761072000000219e+00	1.939212572099999932e+01	-2.822977399999999915e-02	3.036826577999999888e+00	1.818656250000000030e-01
1.976908742799999885e+01	3.118019630000000153e-01	3.592404612000000164e+00	1.976908742799999885e+01	-7.228058699999999337e-02	3.113108781000000214e+00	1.817182820000000087e-01
2.015337685900000153e+01	3.207253800000000044e-01	3.659363573999999897e+00	2.015337685900000153e+01	-1.198290889999999997e-01	3.198320204999999916e+00	1.815757030000000050e-01
2.054513645600000160e+01	3.297498799999999952e-01	3.727759201000000022e+00	2.054513645600000160e+01	-1.697971970000000108e-01	3.294172173999999842e+00	1.814424159999999953e-01
2.094451143199999876e+01	3.389794859999999965e-01	3.797691122999999891e+00	2.094451143199999876e+01	-2.206348780000000065e-01	3.402337088999999981e+00	1.813215430000000017e-01
2.135164981899999859e+01	3.485502839999999880e-01	3.869220698999999986e+00	2.135164981899999859e+01	-2.702593189999999979e-01	3.524376281999999971e+00	1.812141329999999995e-01
2.176670253200000005e+01	3.586147439999999853e-01	3.942357470000000141e+00	2.176670253200000005e+01	-3.159669689999999864e-01	3.661636167999999802e+00	1.811187280000000066e-01
2.218982341499999933e+01	3.693198220000000198e-01	4.017051964000000197e+00	2.218982341499999933e+01	-3.543216479999999891e-01	3.815076012000000016e+00	1.810312719999999931e-01
2.262116930499999867e+01	3.807813609999999849e-01	4.093197924000000043e+00	2.262116930499999867e+01	-3.810462539999999731e-01	3.984978603000000064e+00	1.809454620000000014e-01
2.306090008700000027e+01	3.930588930000000203e-01	4.170646054999999741e+00	2.306090008700000027e+01	-3.909879720000000169e-01	4.170492328999999998e+00	1.808535679999999923e-01
2.350917875500000065e+01	4.061362419999999807e-01	4.249229620999999568e+00	2.350917875500000065e+01	-3.782916969999999823e-01	4.368978550999999655e+00	1.807476839999999918e-01
2.396617146899999895e+01	4.199138499999999774e-01	4.328799593000000279e+00	2.396617146899999895e+01	-3.369914760000000120e-01	4.575227266999999820e+00	1.806212389999999890e-01
2.443204762199999891e+01	4.342179489999999920e-01	4.409263865999999865e+00	2.443204762199999891e+01	-2.622567860000000195e-01	4.780798491999999733e+00	1.804705010000000054e-01
2.490697989699999937e+01	4.488290690000000249e-01	4.490622124999999798e+00	2.490697989699999937e+01	-1.523751799999999990e-01	4.974035594000000060e+00	1.802957299999999874e-01
2.539114433700000006e+01	4.635279239999999801e-01	4.572986325999999657e+00	2.539114433700000006e+01	-1.105415099999999991e-02	5.141491924000000324e+00	1.801016239999999879e-01
2.588472040299999932e+01	4.781512520000000266e-01	4.656577583999999881e+00	2.588472040299999932e+01	1.511482269999999961e-01	5.271180939999999815e+00	1.798967700000000114e-01
2.638789104800000018e+01	4.926450749999999879e-01	4.741694308999999663e+00	2.638789104800000018e+01	3.178460200000000069e-01	5.356872222999999877e+00	1.796920529999999905e-01
2.690084278000000140e+01	5.071000949999999730e-01	4.828653262999999640e+00	2.690084278000000140e+01	4.709182889999999899e-01	5.401218923000000061e+00	1.794982149999999888e-01
2.742376573299999976e+01	5.217549670000000139e-01	4.917713535999999941e+00	2.742376573299999976e+01	5.960916280000000400e-01	5.415461507999999924e+00	1.793230580000000074e-01
2.795685373499999926e+01	5.369587909999999908e-01	5.009001099999999873e+00	2.795685373499999926e+01	6.870174110000000223e-01	5.415549236999999572e+00	1.791689850000000028e-01
2.850030438499999974e+01	5.530938199999999583e-01	5.102456208000000437e+00	2.850030438499999974e+01	7.459158909999999976e-01	5.416911102000000255e+00	1.790316389999999924e-01
2.905431912099999892e+01	5.704717009999999977e-01	5.197825425999999638e+00	2.905431912099999892e+01	7.812640410000000202e-01	5.430440150999999993e+00	1.789002660000000022e-01
2.961910329799999886e+01	5.892290890000000392e-01	5.294712739999999584e+00	2.961910329799999886e+01	8.043160620000000538e-01	5.460721967999999649e+00	1.787600619999999974e-01
3.019486626100000137e+01	6.092573390000000089e-01	5.392689063999999810e+00	3.019486626100000137e+01	8.258339850000000482e-01	5.506086312999999954e+00	1.785962229999999984e-01
3.078182142600000049e+01	6.302007800000000159e-01	5.491438116000000313e+00	3.078182142600000049e+01	8.534290700000000118e-01	5.559759155000000064e+00	1.783987390000000006e-01
3.138018635699999948e+01	6.515437290000000159e-01	5.590894716000000209e+00	3.138018635699999948e+01	8.894697040000000277e-01	5.611863771000000334e+00	1.781663960000000047e-01
3.199018284799999989e+01	6.727770140000000065e-01	5.691319524999999935e+00	3.199018284799999989e+01	9.298194149999999825e-01	5.652406318999999790e+00	1.779083150000000113e-01
3.261203700299999753e+01	6.935978860000000523e-01	5.793263156000000080e+00	3.261203700299999753e+01	9.642374769999999540e-01	5.675051665999999884e+00	1.776418680000000083e-01
3.324597932300000025e+01	7.140689399999999853e-01	5.897406636999999563e+00	3.324597932300000025e+01	9.791949039999999771e-01	5.680477078000000013e+00	1.773870630000000115e-01
3.389224478799999929e+01	7.346590610000000021e-01	6.004315759999999891e+00	3.389224478799999929e+01	9.625577859999999708e-01	5.677420954999999658e+00	1.771589869999999900e-01
3.455107294599999790e+01	7.561209479999999594e-01	6.114194427000000154e+00	3.455107294599999790e+01	9.079694879999999912e-01	5.680497572000000162e+00	1.769610580000000044e-01
3.522270800300000104e+01	7.792196390000000195e-01	6.226745045999999562e+00	3.522270800300000104e+01	8.167247880000000348e-01	5.706008801000000297e+00	1.767821220000000138e-01
3.590739891100000136e+01	8.043976969999999671e-01	6.341226361999999561e+00	3.590739891100000136e+01	6.968139899999999942e-01	5.768165048000000183e+00	1.765994349999999991e-01
3.660539946000000100e+01	8.315193189999999790e-01	6.456734072999999796e+00	3.660539946000000100e+01	5.606701139999999972e-01	5.877210062999999707e+00	1.763874769999999870e-01
3.731696837700000202e+01	8.598439589999999910e-01	6.572625498999999927e+00	3.731696837700000202e+01	4.233805520000000211e-01	6.039190908000000135e+00	1.761296750000000133e-01
3.804236941500000313e+01	8.883082909999999721e-01	6.688903586000000345e+00	3.804236941500000313e+01	3.021317079999999988e-01	6.256090644999999562e+00	1.758277330000000138e-01
3.878187145599999752e+01	9.160442989999999508e-01	6.806335587000000409e+00	3.878187145599999752e+01	2.165094909999999984e-01	6.524967576999999963e+00	1.755030210000000090e-01
3.953574860700000215e+01	9.428967099999999713e-01	6.926169508000000086e+00	3.953574860700000215e+01	1.882860530000000088e-01	6.835187801000000007e+00	1.751875139999999886e-01
4.030428030600000255e+01	9.696354849999999637e-01	7.049517480999999641e+00	4.030428030600000255e+01	2.382736840000000134e-01	7.163954445999999976e+00	1.749074150000000105e-01
4.108775141899999994e+01	9.976654889999999609e-01	7.176696923999999811e+00	4.108775141899999994e+01	3.774061420000000000e-01	7.473121164000000149e+00	1.746675510000000042e-01
4.188645235399999933e+01	1.028292315000000068e+00	7.306921144000000368e+00	4.188645235399999933e+01	5.925417600000000284e-01	7.714522610999999586e+00	1.744459299999999990e-01
4.270067916200000013e+01	1.061896643000000084e+00	7.438620895999999760e+00	4.270067916200000013e+01	8.373738010000000287e-01	7.850385385000000049e+00	1.742038079999999878e-01
4.353073364699999814e+01	1.097538332000000061e+00	7.570351807999999849e+00	4.353073364699999814e+01	1.045407179999999991e+00	7.880029202000000232e+00	1.739082060000000096e-01
4.437692348400000242e+01	1.133385214000000030e+00	7.701815803999999765e+00	4.437692348400000242e+01	1.164153795000000047e+00	7.846582066999999938e+00	1.735545229999999883e-01
4.523956232500000141e+01	1.167876603999999929e+00	7.834277611000000086e+00	4.523956232500000141e+01	1.181310131000000041e+00	7.812711829999999580e+00	1.731731519999999969e-01
4.611896992199999801e+01	1.200924050000000021e+00	7.969903642000000232e+00	4.611896992199999801e+01	1.121798521999999965e+00	7.828840299000000336e+00	1.728118309999999991e-01
4.701547224000000114e+01	1.234222558999999997e+00	8.110281812000000201e+00	4.701547224000000114e+01	1.027336755999999962e+00	7.918155901000000441e+00	1.725024000000000002e-01
4.792940158300000064e+01	1.270223456999999945e+00	8.255108376000000803e+00	4.792940158300000064e+01	9.379216849999999495e-01	8.078352478999999420e+00	1.722347469999999936e-01
4.886109671199999838e+01	1.310290414000000014e+00	8.402144523000000476e+00	4.886109671199999838e+01	8.809565280000000165e-01	8.290248304000000346e+00	1.719598019999999949e-01
4.981090297499999764e+01	1.353387679999999982e+00	8.548795294999999683e+00	4.981090297499999764e+01	8.666067819999999644e-01	8.528998199000000113e+00	1.716249810000000098e-01
5.077917243200000286e+01	1.396604053999999984e+00	8.694340990000000602e+00	5.077917243200000286e+01	8.909210459999999943e-01	8.776276956000000240e+00	1.712186430000000037e-01
5.176626398799999862e+01	1.437512671999999991e+00	8.840913416999999441e+00	5.176626398799999862e+01	9.482791739999999470e-01	9.026340827000000289e+00	1.707852320000000090e-01
5.277254352500000323e+01	1.476542186000000090e+00	8.991955693999999610e+00	5.277254352500000323e+01	1.044565927999999921e+00	9.277103538000000427e+00	1.703907960000000110e-01
5.379838403400000146e+01	1.517012153999999891e+00	9.149109152999999495e+00	5.379838403400000146e+01	1.194099575999999940e+00	9.510239118999999519e+00	1.700628989999999896e-01
5.484416576099999929e+01	1.562278065000000105e+00	9.310317532999999202e+00	5.484416576099999929e+01	1.392801232000000056e+00	9.682749549000000400e+00	1.697594890000000134e-01
5.591027634099999943e+01	1.612277806999999896e+00	9.471393248000000042e+00	5.591027634099999943e+01	1.589458655000000054e+00	9.755785530000000705e+00	1.694034419999999874e-01
5.699711094300000269e+01	1.663067338000000062e+00	9.630210885000000332e+00	5.699711094300000269e+01	1.703553207999999985e+00	9.748193869999999706e+00	1.689596319999999985e-01
5.810507242199999922e+01	1.710642570000000084e+00	9.789433204999999916e+00	5.810507242199999922e+01	1.695121161000000098e+00	9.745362427999999966e+00	1.684781170000000106e-01
5.923457145900000143e+01	1.755578132999999985e+00	9.954177129999999707e+00	5.923457145900000143e+01	1.607734081000000037e+00	9.835757784000000115e+00	1.680467479999999958e-01
6.038602672199999688e+01	1.803032575000000026e+00	1.012630534900000079e+01	6.038602672199999688e+01	1.538960703000000096e+00	1.004299506399999942e+01	1.676928570000000007e-01
6.155986501499999974e+01	1.857109273000000060e+00	1.030168013699999996e+01	6.155986501499999974e+01	1.572940554999999963e+00	1.030329053100000003e+01	1.673440989999999962e-01
6.275652144000000021e+01	1.915486792000000049e+00	1.047454350900000009e+01	6.275652144000000021e+01	1.706391597000000093e+00	1.050043699999999980e+01	1.669076499999999907e-01
6.397643955699999907e+01	1.971524676000000031e+00	1.064491412900000000e+01	6.397643955699999907e+01	1.827256278999999983e+00	1.057206008600000047e+01	1.663880359999999892e-01
6.522007154800000706e+01	2.022735996999999841e+00	1.081944298099999990e+01	6.522007154800000706e+01	1.823090788000000018e+00	1.059094316600000063e+01	1.658913079999999873e-01
6.648787838399999828e+01	2.074901416999999970e+00	1.100300165700000044e+01	6.648787838399999828e+01	1.703217218000000033e+00	1.068565953000000057e+01	1.654888369999999997e-01
6.778032999799999914e+01	2.134856194999999790e+00	1.119138440000000045e+01	6.778032999799999914e+01	1.570195468999999955e+00	1.091002016600000069e+01	1.651125689999999868e-01
6.909790545699999598e+01	2.200389523000000125e+00	1.137634445299999975e+01	6.909790545699999598e+01	1.511469154999999898e+00	1.121683889800000067e+01	1.646409450000000108e-01
7.044109314199999972e+01	2.262388801000000171e+00	1.155788627699999971e+01	7.044109314199999972e+01	1.532442687999999942e+00	1.152735623300000078e+01	1.640787469999999970e-01
7.181039092499999299e+01	2.318561567000000156e+00	1.174545022400000072e+01	7.181039092499999299e+01	1.588773473000000047e+00	1.181742148100000023e+01	1.635619869999999920e-01
7.320630635999999924e+01	2.378169606000000158e+00	1.194357144399999981e+01	7.320630635999999924e+01	1.677153942999999980e+00	1.210730125000000079e+01	1.631494890000000086e-01
7.462935686299999816e+01	2.447790200000000027e+00	1.214351425799999973e+01	7.462935686299999816e+01	1.832743522999999986e+00	1.236588528300000078e+01	1.627176589999999867e-01
7.608006991099999539e+01	2.519354770000000077e+00	1.233690183699999920e+01	7.608006991099999539e+01	2.015987910000000216e+00	1.250765024799999914e+01	1.621568150000000097e-01
7.755898323399999583e+01	2.582901044000000201e+00	1.253109156500000054e+01	7.755898323399999583e+01	2.094699104000000034e+00	1.253315082700000005e+01	1.615685380000000115e-01
7.906664501299999870e+01	2.645069181999999852e+00	1.273742099000000039e+01	7.906664501299999870e+01	2.003378092999999804e+00	1.256985652200000025e+01	1.610972740000000125e-01
8.060361408900000413e+01	2.718374435999999950e+00	1.294983549200000006e+01	8.060361408900000413e+01	1.803185810000000000e+00	1.272056786899999992e+01	1.606607300000000016e-01
8.217046016099999406e+01	2.797024459000000185e+00	1.315477381700000059e+01	8.217046016099999406e+01	1.559550113000000016e+00	1.299987602500000072e+01	1.600912760000000046e-01
8.376776400699999670e+01	2.866516149999999818e+00	1.335816394000000074e+01	8.376776400699999670e+01	1.291740754000000102e+00	1.343462168599999984e+01	1.594666409999999923e-01
8.539611769200000424e+01	2.933304568000000057e+00	1.357528665999999973e+01	8.539611769200000424e+01	1.083226231000000039e+00	1.410271352200000017e+01	1.589684289999999944e-01
8.705612479100000201e+01	3.013230559999999780e+00	1.379866817299999937e+01	8.705612479100000201e+01	1.143789492000000019e+00	1.498534666199999954e+01	1.585031289999999926e-01
8.874840061199999752e+01	3.097143089999999876e+00	1.401218231800000069e+01	8.874840061199999752e+01	1.624087014999999967e+00	1.582453122100000087e+01	1.578865899999999933e-01
9.047357242299999314e+01	3.169100287000000016e+00	1.422731056699999996e+01	9.047357242299999314e+01	2.360277541999999951e+00	1.632694961300000003e+01	1.572537720000000139e-01
9.223227968800000554e+01	3.243414467000000023e+00	1.445904706099999970e+01	9.223227968800000554e+01	3.080634628999999958e+00	1.648310817400000161e+01	1.567677510000000107e-01
9.402517429700000662e+01	3.333080623999999936e+00	1.468983484900000036e+01	9.402517429700000662e+01	3.655346194999999909e+00	1.636876921500000037e+01	1.562329980000000118e-01
9.585292081599999392e+01	3.417108583000000088e+00	1.491005983199999996e+01	9.585292081599999392e+01	3.917823362000000031e+00	1.609860434400000173e+01	1.555514400000000130e-01
9.771619672699999626e+01	3.490930463999999844e+00	1.514364947199999989e+01	9.771619672699999626e+01	3.867705842999999977e+00	1.598131034999999933e+01	1.549758380000000046e-01
9.961569268399999544e+01	3.580048968999999914e+00	1.538840152300000064e+01	9.961569268399999544e+01	3.813495088999999894e+00	1.613015316399999932e+01	1.544776840000000040e-01
1.015521127629999967e+02	3.673996437000000004e+00	1.561948139100000077e+01	1.015521127629999967e+02	3.906205928999999966e+00	1.630977719799999903e+01	1.538075469999999889e-01
1.035261747309999976e+02	3.751955723000000020e+00	1.585620278799999916e+01	1.035261747309999976e+02	3.982575953000000002e+00	1.640828885599999865e+01	1.531612930000000039e-01
1.055386103040000023e+02	3.840892707000000073e+00	1.611120268399999844e+01	1.055386103040000023e+02	4.003331159000000028e+00	1.652171745400000091e+01	1.526569530000000119e-01
1.075901654219999983e+02	3.941237242000000141e+00	1.635324541499999995e+01	1.075901654219999983e+02	3.972296737999999827e+00	1.661065972999999829e+01	1.519957269999999971e-01
1.096816005270000005e+02	4.023418818999999758e+00	1.659659374499999984e+01	1.096816005270000005e+02	3.757729257999999906e+00	1.678464949099999970e+01	1.513161160000000005e-01
1.118136908430000034e+02	4.115378714000000215e+00	1.686121785699999975e+01	1.118136908430000034e+02	3.545524958000000115e+00	1.728146702800000156e+01	1.507974360000000069e-01
1.139872266619999976e+02	4.219890902999999582e+00	1.711131502399999960e+01	1.139872266619999976e+02	3.651258386999999939e+00	1.793583246000000031e+01	1.501160749999999877e-01
1.162030136390000052e+02	4.304056797000000323e+00	1.736513194200000143e+01	1.162030136390000052e+02	4.027254377000000218e+00	1.846682112699999934e+01	1.494378789999999957e-01
1.184618730899999974e+02	4.403352583000000209e+00	1.763938840000000141e+01	1.184618730899999974e+02	4.595199840000000258e+00	1.875400301399999847e+01	1.489035069999999905e-01
1.207646422979999983e+02	4.508502948000000288e+00	1.789426098499999895e+01	1.207646422979999983e+02	5.082156185999999742e+00	1.858154603799999904e+01	1.481746700000000083e-01
