1.000000000000000000e+00	8.382053100000000367e-02	3.979451929999999749e-01	1.000000000000000000e+00	1.022774689999999959e-01	3.751986620000000161e-01	3.979451929999999749e-01
1.019438905999999978e+00	8.392263899999999333e-02	4.056847190000000269e-01	1.019438905999999978e+00	1.020788009999999968e-01	3.825491879999999845e-01	3.979490259999999835e-01
1.039255682999999930e+00	8.402891499999999569e-02	4.135748929999999990e-01	1.039255682999999930e+00	1.018728770000000006e-01	3.900459560000000270e-01	3.979529769999999855e-01
1.059457676000000070e+00	8.413953400000000193e-02	4.216186519999999827e-01	1.059457676000000070e+00	1.016594539999999963e-01	3.976920070000000140e-01	3.979570499999999789e-01
1.080052374999999953e+00	8.425467999999999846e-02	4.298189889999999846e-01	1.080052374999999953e+00	1.014382860000000025e-01	4.054904500000000023e-01	3.979612470000000179e-01
1.101047410999999920e+00	8.437454399999999577e-02	4.381789589999999790e-01	1.101047410999999920e+00	1.012091190000000002e-01	4.134444649999999832e-01	3.979655679999999918e-01
1.122450568000000093e+00	8.449932799999999855e-02	4.467016719999999941e-01	1.122450568000000093e+00	1.009716940000000007e-01	4.215573100000000184e-01	3.979700170000000092e-01
1.144269779000000042e+00	8.462923999999999447e-02	4.553903020000000246e-01	1.144269779000000042e+00	1.007257440000000059e-01	4.298323150000000203e-01	3.979745949999999866e-01
1.166513131999999953e+00	8.476450000000000651e-02	4.642480829999999781e-01	1.166513131999999953e+00	1.004709990000000053e-01	4.382728929999999967e-01	3.979793030000000065e-01
1.189188871000000036e+00	8.490533599999999792e-02	4.732783130000000060e-01	1.189188871000000036e+00	1.002071830000000052e-01	4.468825370000000241e-01	3.979841419999999852e-01
1.212305401000000060e+00	8.505198699999999556e-02	4.824843529999999769e-01	1.212305401000000060e+00	9.993401400000000157e-02	4.556648220000000249e-01	3.979891150000000044e-01
1.235871291999999899e+00	8.520470199999999328e-02	4.918696309999999738e-01	1.235871291999999899e+00	9.965120299999999376e-02	4.646234100000000145e-01	3.979942200000000097e-01
1.259895277999999896e+00	8.536374400000000529e-02	5.014376390000000461e-01	1.259895277999999896e+00	9.935845999999999567e-02	4.737620510000000174e-01	3.979994589999999999e-01
1.284386264000000111e+00	8.552938599999999891e-02	5.111919379999999569e-01	1.284386264000000111e+00	9.905548799999999710e-02	4.830845890000000087e-01	3.980048310000000034e-01
1.309353326999999956e+00	8.570191300000000456e-02	5.211361589999999877e-01	1.309353326999999956e+00	9.874198500000000434e-02	4.925949580000000272e-01	3.980103369999999918e-01
1.334805723999999971e+00	8.588162300000000415e-02	5.312740009999999957e-01	1.334805723999999971e+00	9.841764799999999647e-02	5.022971910000000317e-01	3.980159750000000218e-01
1.360752885999999995e+00	8.606883099999999842e-02	5.416092369999999656e-01	1.360752885999999995e+00	9.808216799999999735e-02	5.121954220000000113e-01	3.980217440000000106e-01
1.387204434000000042e+00	8.626386199999999671e-02	5.521457100000000118e-01	1.387204434000000042e+00	9.773523500000000364e-02	5.222938860000000405e-01	3.980276420000000148e-01
1.414170170000000004e+00	8.646705899999999889e-02	5.628873389999999866e-01	1.414170170000000004e+00	9.737653500000000018e-02	5.325969249999999988e-01	3.980336669999999799e-01
1.441660090999999921e+00	8.667877999999999694e-02	5.738381169999999809e-01	1.441660090999999921e+00	9.700575599999999854e-02	5.431089909999999854e-01	3.980398159999999907e-01
1.469684385999999954e+00	8.689940000000000164e-02	5.850021140000000175e-01	1.469684385999999954e+00	9.662258299999999800e-02	5.538346480000000405e-01	3.980460840000000222e-01
1.498253443000000074e+00	8.712931100000000095e-02	5.963834780000000224e-01	1.498253443000000074e+00	9.622670099999999782e-02	5.647785789999999473e-01	3.980524670000000209e-01
1.527377849999999926e+00	8.736892300000000111e-02	6.079864369999999907e-01	1.527377849999999926e+00	9.581779699999999622e-02	5.759455850000000376e-01	3.980589589999999900e-01
1.557068405000000100e+00	8.761866699999999730e-02	6.198152959999999601e-01	1.557068405000000100e+00	9.539556100000000372e-02	5.873405919999999947e-01	3.980655530000000164e-01
1.587336110999999939e+00	8.787899200000000299e-02	6.318744459999999785e-01	1.587336110999999939e+00	9.495968800000000043e-02	5.989686549999999610e-01	3.980722429999999923e-01
1.618192188000000087e+00	8.815036800000000672e-02	6.441683580000000520e-01	1.618192188000000087e+00	9.450987499999999319e-02	6.108349600000000379e-01	3.980790180000000067e-01
1.649648073999999909e+00	8.843328999999999773e-02	6.567015880000000028e-01	1.649648073999999909e+00	9.404582899999999746e-02	6.229448319999999484e-01	3.980858689999999811e-01
1.681715427999999957e+00	8.872827399999999587e-02	6.694787779999999966e-01	1.681715427999999957e+00	9.356726399999999721e-02	6.353037360000000078e-01	3.980927850000000046e-01
1.714406136000000025e+00	8.903585899999999498e-02	6.825046569999999591e-01	1.714406136000000025e+00	9.307390399999999897e-02	6.479172829999999550e-01	3.980997519999999734e-01
1.747732314999999925e+00	8.935661300000000140e-02	6.957840400000000480e-01	1.747732314999999925e+00	9.256548800000000132e-02	6.607912350000000323e-01	3.981067540000000071e-01
1.781706320000000066e+00	8.969112799999999497e-02	7.093218319999999855e-01	1.781706320000000066e+00	9.204176899999999550e-02	6.739315110000000386e-01	3.981137770000000020e-01
1.816340741000000092e+00	9.004002499999999576e-02	7.231230300000000000e-01	1.816340741000000092e+00	9.150251600000000596e-02	6.873441879999999671e-01	3.981207999999999969e-01
1.851648417999999907e+00	9.040395299999999523e-02	7.371927190000000518e-01	1.851648417999999907e+00	9.094752100000000339e-02	7.010355120000000273e-01	3.981278039999999740e-01
1.887642437000000006e+00	9.078359299999999577e-02	7.515360789999999680e-01	1.887642437000000006e+00	9.037659900000000190e-02	7.150119000000000336e-01	3.981347650000000016e-01
1.924336140999999945e+00	9.117965799999999676e-02	7.661583819999999712e-01	1.924336140999999945e+00	8.978959300000000088e-02	7.292799469999999840e-01	3.981416580000000094e-01
1.961743129999999891e+00	9.159289199999999520e-02	7.810649950000000397e-01	1.961743129999999891e+00	8.918637499999999829e-02	7.438464310000000301e-01	3.981484539999999850e-01
1.999877270999999901e+00	9.202407699999999580e-02	7.962613800000000186e-01	1.999877270999999901e+00	8.856685499999999989e-02	7.587183199999999461e-01	3.981551229999999997e-01
2.038752697000000058e+00	9.247402899999999926e-02	8.117530939999999529e-01	2.038752697000000058e+00	8.793098000000000580e-02	7.739027779999999579e-01	3.981616290000000169e-01
2.078383818999999910e+00	9.294360399999999911e-02	8.275457929999999740e-01	2.078383818999999910e+00	8.727874600000000427e-02	7.894071700000000469e-01	3.981679349999999729e-01
2.118785325999999802e+00	9.343369399999999769e-02	8.436452269999999976e-01	2.118785325999999802e+00	8.661019600000000040e-02	8.052390720000000002e-01	3.981739990000000007e-01
2.159972194999999928e+00	9.394523600000000141e-02	8.600572459999999975e-01	2.159972194999999928e+00	8.592543199999999604e-02	8.214062749999999635e-01	3.981797770000000125e-01
2.201959690999999886e+00	9.447920699999999561e-02	8.767877990000000343e-01	2.201959690999999886e+00	8.522461800000000198e-02	8.379167920000000214e-01	3.981852180000000074e-01
2.244763378000000031e+00	9.503662899999999747e-02	8.938429310000000072e-01	2.244763378000000031e+00	8.450798800000000610e-02	8.547788680000000250e-01	3.981902680000000139e-01
2.288399123000000035e+00	9.561856999999999995e-02	9.112287860000000128e-01	2.288399123000000035e+00	8.377585699999999524e-02	8.720009840000000345e-01	3.981948679999999796e-01
2.332883097999999933e+00	9.622614599999999851e-02	9.289516079999999842e-01	2.332883097999999933e+00	8.302862499999999479e-02	8.895918659999999534e-01	3.981989530000000221e-01
2.378231792999999872e+00	9.686052000000000550e-02	9.470177379999999978e-01	2.378231792999999872e+00	8.226678900000000683e-02	9.075604910000000247e-01	3.982024550000000107e-01
2.424462017000000191e+00	9.752290900000000484e-02	9.654336150000000227e-01	2.424462017000000191e+00	8.149095400000000433e-02	9.259160979999999652e-01	3.982052959999999864e-01
2.471590905999999865e+00	9.821457799999999683e-02	9.842057760000000322e-01	2.471590905999999865e+00	8.070184199999999586e-02	9.446681940000000166e-01	3.982073950000000195e-01
2.519635929000000107e+00	9.893684899999999338e-02	1.003340853000000088e+00	2.519635929000000107e+00	7.990030600000000427e-02	9.638265590000000271e-01	3.982086619999999910e-01
2.568614895000000065e+00	9.969109600000000682e-02	1.022845575000000062e+00	2.568614895000000065e+00	7.908734200000000492e-02	9.834012580000000003e-01	3.982090019999999786e-01
2.618545957999999896e+00	1.004787510000000050e-01	1.042726763999999973e+00	2.618545957999999896e+00	7.826410599999999995e-02	1.003402646000000065e+00	3.982083109999999815e-01
2.669447626999999823e+00	1.013013009999999964e-01	1.062991336000000064e+00	2.669447626999999823e+00	7.743192599999999814e-02	1.023841377999999969e+00	3.982064770000000031e-01
2.721338767999999853e+00	1.021602919999999998e-01	1.083646295999999953e+00	2.721338767999999853e+00	7.659232500000000277e-02	1.044728411999999995e+00	3.982033799999999957e-01
2.774238616999999962e+00	1.030573260000000047e-01	1.104698739000000041e+00	2.774238616999999962e+00	7.574703100000000633e-02	1.066075021000000067e+00	3.981988900000000275e-01
2.828166780000000102e+00	1.039940649999999966e-01	1.126155846999999932e+00	2.828166780000000102e+00	7.489800800000000203e-02	1.087892795999999995e+00	3.981928699999999766e-01
2.883143248000000103e+00	1.049722280000000008e-01	1.148024885000000106e+00	2.883143248000000103e+00	7.404746800000000517e-02	1.110193653999999919e+00	3.981851699999999772e-01
2.939188398999999841e+00	1.059935919999999976e-01	1.170313200000000053e+00	2.939188398999999841e+00	7.319790299999999472e-02	1.132989843999999913e+00	3.981756329999999733e-01
2.996323004999999817e+00	1.070599909999999932e-01	1.193028215000000003e+00	2.996323004999999817e+00	7.235210699999999884e-02	1.156293950000000015e+00	3.981640869999999999e-01
3.054568247000000181e+00	1.081733129999999932e-01	1.216177430999999975e+00	3.054568247000000181e+00	7.151320399999999688e-02	1.180118895999999973e+00	3.981503550000000113e-01
3.113945710999999950e+00	1.093354980000000032e-01	1.239768415999999984e+00	3.113945710999999950e+00	7.068467999999999973e-02	1.204477948000000076e+00	3.981342420000000271e-01
3.174477409000000083e+00	1.105485380000000017e-01	1.263808808000000061e+00	3.174477409000000083e+00	6.987041700000000410e-02	1.229384717999999932e+00	3.981155459999999868e-01
3.236185777000000208e+00	1.118144689999999997e-01	1.288306307000000039e+00	3.236185777000000208e+00	6.907472500000000348e-02	1.254853157999999969e+00	3.980940510000000043e-01
3.299093688000000135e+00	1.131353689999999995e-01	1.313268671000000110e+00	3.299093688000000135e+00	6.830238800000000554e-02	1.280897563999999988e+00	3.980695289999999775e-01
3.363224460000000082e+00	1.145133539999999978e-01	1.338703713999999989e+00	3.363224460000000082e+00	6.755869500000000194e-02	1.307532565000000035e+00	3.980417399999999772e-01
3.428601863999999999e+00	1.159505680000000039e-01	1.364619299999999980e+00	3.428601863999999999e+00	6.684949599999999437e-02	1.334773121000000007e+00	3.980104289999999989e-01
3.495250132999999870e+00	1.174491740000000034e-01	1.391023338000000109e+00	3.495250132999999870e+00	6.618124300000000071e-02	1.362634509000000049e+00	3.979753340000000139e-01
3.563193971000000015e+00	1.190113530000000003e-01	1.417923779999999967e+00	3.563193971000000015e+00	6.556104399999999888e-02	1.391132306000000041e+00	3.979361750000000031e-01
3.632458563999999779e+00	1.206392829999999999e-01	1.445328618000000009e+00	3.632458563999999779e+00	6.499671999999999394e-02	1.420282376999999929e+00	3.978926649999999787e-01
3.703069584000000081e+00	1.223351329999999987e-01	1.473245877000000092e+00	3.703069584000000081e+00	6.449686200000000202e-02	1.450100841000000029e+00	3.978445030000000160e-01
3.775053204999999856e+00	1.241010490000000049e-01	1.501683619000000025e+00	3.775053204999999856e+00	6.407089500000000271e-02	1.480604048000000006e+00	3.977913790000000005e-01
3.848436109000000105e+00	1.259391360000000071e-01	1.530649935000000017e+00	3.848436109000000105e+00	6.372914400000000146e-02	1.511808537999999924e+00	3.977329729999999897e-01
3.923245496999999915e+00	1.278514420000000096e-01	1.560152948999999900e+00	3.923245496999999915e+00	6.348290700000000508e-02	1.543730993999999912e+00	3.976689580000000168e-01
3.999509096999999791e+00	1.298399389999999876e-01	1.590200819000000099e+00	3.999509096999999791e+00	6.334452599999999822e-02	1.576388190000000078e+00	3.975989999999999802e-01
4.077255177999999702e+00	1.319065010000000093e-01	1.620801739000000019e+00	4.077255177999999702e+00	6.332746699999999840e-02	1.609796922999999991e+00	3.975227619999999740e-01
4.156512558000000190e+00	1.340528810000000126e-01	1.651963947000000044e+00	4.156512558000000190e+00	6.344639900000000055e-02	1.643973933999999915e+00	3.974399029999999833e-01
4.237310615000000169e+00	1.362806840000000130e-01	1.683695731000000029e+00	4.237310615000000169e+00	6.371727700000000272e-02	1.678935819999999968e+00	3.973500850000000195e-01
4.319679297000000417e+00	1.385913440000000052e-01	1.716005441999999936e+00	4.319679297000000417e+00	6.415742300000000509e-02	1.714698920000000015e+00	3.972529730000000092e-01
4.403649137000000380e+00	1.409860910000000078e-01	1.748901508000000105e+00	4.403649137000000380e+00	6.478561400000000525e-02	1.751279196999999899e+00	3.971482410000000129e-01
4.489251258000000355e+00	1.434659219999999957e-01	1.782392455999999958e+00	4.489251258000000355e+00	6.562215999999999883e-02	1.788692084000000015e+00	3.970355749999999739e-01
4.576517391000000323e+00	1.460315719999999984e-01	1.816486935999999996e+00	4.576517391000000323e+00	6.668898700000000512e-02	1.826952321999999906e+00	3.969146800000000197e-01
4.665479881999999634e+00	1.486834790000000073e-01	1.851193748000000028e+00	4.665479881999999634e+00	6.800970400000000415e-02	1.866073765999999967e+00	3.967852809999999897e-01
4.756171707000000026e+00	1.514217509999999933e-01	1.886521883999999982e+00	4.756171707000000026e+00	6.960966899999999902e-02	1.906069159999999929e+00	3.966471360000000113e-01
4.848626481000000155e+00	1.542461390000000043e-01	1.922480568999999972e+00	4.848626481000000155e+00	7.151603800000000399e-02	1.946949891999999904e+00	3.965000349999999729e-01
4.942878474999999661e+00	1.571560009999999896e-01	1.959079309000000046e+00	4.942878474999999661e+00	7.375779699999999994e-02	1.988725705000000010e+00	3.963438140000000165e-01
5.038962624999999917e+00	1.601502780000000070e-01	1.996327954999999932e+00	5.038962624999999917e+00	7.636576500000000212e-02	2.031404384000000007e+00	3.961783609999999789e-01
5.136914545999999859e+00	1.632274710000000129e-01	2.034236769000000056e+00	5.136914545999999859e+00	7.937257400000000129e-02	2.074991392999999906e+00	3.960036230000000268e-01
5.236770543999999639e+00	1.663856200000000118e-01	2.072816497999999896e+00	5.236770543999999639e+00	8.281260000000000010e-02	2.119489488000000144e+00	3.958196150000000135e-01
5.338567634000000339e+00	1.696222930000000073e-01	2.112078465999999821e+00	5.338567634000000339e+00	8.672184900000000363e-02	2.164898277999999898e+00	3.956264319999999723e-01
5.442343548000000197e+00	1.729345830000000028e-01	2.152034662999999792e+00	5.442343548000000197e+00	9.113778100000000104e-02	2.211213755999999808e+00	3.954242590000000002e-01
5.548136752999999644e+00	1.763191189999999964e-01	2.192697852999999863e+00	5.548136752999999644e+00	9.609905700000000162e-02	2.258427796999999959e+00	3.952133749999999779e-01
5.655986461000000354e+00	1.797720859999999976e-01	2.234081690000000009e+00	5.655986461000000354e+00	1.016451959999999932e-01	2.306527614000000170e+00	3.949941719999999767e-01
5.765932649999999882e+00	1.832892610000000089e-01	2.276200830000000064e+00	5.765932649999999882e+00	1.078161259999999982e-01	2.355495203999999898e+00	3.947671549999999807e-01
5.878016072000000314e+00	1.868660729999999937e-01	2.319071066999999875e+00	5.878016072000000314e+00	1.146516110000000005e-01	2.405306782999999893e+00	3.945329579999999892e-01
5.992278274000000238e+00	1.904976760000000047e-01	2.362709458999999956e+00	5.992278274000000238e+00	1.221905310000000050e-01	2.455932220000000221e+00	3.942923460000000158e-01
6.108761608000000010e+00	1.941790529999999904e-01	2.407134459999999976e+00	6.108761608000000010e+00	1.304700040000000005e-01	2.507334510000000183e+00	3.940462259999999994e-01
6.227509249999999774e+00	1.979051440000000051e-01	2.452366054000000073e+00	6.227509249999999774e+00	1.395243260000000041e-01	2.559469304999999917e+00	3.937956499999999971e-01
6.348565215999999900e+00	2.016710019999999881e-01	2.498425876000000212e+00	6.348565215999999900e+00	1.493837159999999997e-01	2.612284537999999934e+00	3.935418150000000170e-01
6.471974377999999639e+00	2.054719760000000006e-01	2.545337330000000176e+00	6.471974377999999639e+00	1.600728560000000134e-01	2.665720197999999819e+00	3.932860639999999908e-01
6.597782480000000227e+00	2.093039359999999960e-01	2.593125684999999958e+00	6.597782480000000227e+00	1.716092260000000036e-01	2.719708298000000024e+00	3.930298839999999960e-01
6.726036152999999906e+00	2.131635249999999926e-01	2.641818150000000198e+00	6.726036152999999906e+00	1.840012360000000124e-01	2.774173107000000194e+00	3.927748959999999845e-01
6.856782937000000189e+00	2.170484390000000097e-01	2.691443920000000212e+00	6.856782937000000189e+00	1.972461819999999921e-01	2.829031717999999973e+00	3.925228410000000112e-01
6.990071294999999907e+00	2.209577450000000109e-01	2.742034183999999986e+00	6.990071294999999907e+00	2.113280710000000062e-01	2.884195023000000191e+00	3.922755669999999917e-01
7.125950633999999617e+00	2.248922279999999996e-01	2.793622087000000143e+00	7.125950633999999617e+00	2.262153630000000026e-01	2.939569177000000089e+00	3.920350040000000202e-01
7.264471318000000011e+00	2.288547549999999930e-01	2.846242634000000216e+00	7.264471318000000011e+00	2.418587460000000133e-01	2.995057627000000000e+00	3.918031350000000246e-01
7.405684692000000346e+00	2.328506620000000138e-01	2.899932532999999868e+00	7.405684692000000346e+00	2.581890330000000122e-01	3.050563764000000067e+00	3.915819609999999784e-01
7.549643099999999940e+00	2.368881469999999934e-01	2.954729959999999878e+00	7.549643099999999940e+00	2.751153550000000059e-01	3.105994239000000157e+00	3.913734620000000053e-01
7.696399901999999571e+00	2.409786620000000101e-01	3.010674247999999942e+00	7.696399901999999571e+00	2.925238099999999952e-01	3.161262955999999846e+00	3.911795499999999870e-01
7.846009495999999750e+00	2.451372860000000098e-01	3.067805476000000198e+00	7.846009495999999750e+00	3.102767670000000089e-01	3.216295702000000034e+00	3.910020089999999837e-01
7.998527336999999626e+00	2.493830680000000133e-01	3.126163968000000182e+00	7.998527336999999626e+00	3.282130429999999821e-01	3.271035338999999986e+00	3.908424429999999838e-01
8.154009956999999531e+00	2.537393139999999936e-01	3.185789691000000090e+00	8.154009956999999531e+00	3.461491420000000208e-01	3.325447387000000088e+00	3.907022079999999953e-01
8.312514990000000381e+00	2.582338009999999850e-01	3.246721540999999878e+00	8.312514990000000381e+00	3.638817349999999839e-01	3.379525796999999887e+00	3.905823379999999734e-01
8.474101187000000479e+00	2.628988839999999994e-01	3.308996539999999875e+00	8.474101187000000479e+00	3.811915339999999985e-01	3.433298630999999990e+00	3.904834819999999929e-01
8.638828442999999524e+00	2.677714749999999810e-01	3.372648925000000020e+00	8.638828442999999524e+00	3.978485909999999737e-01	3.486833311999999907e+00	3.904058229999999852e-01
8.806757815999999295e+00	2.728928540000000180e-01	3.437709170000000203e+00	8.806757815999999295e+00	4.136190200000000039e-01	3.540241082000000095e+00	3.903490070000000256e-01
8.977951553000000473e+00	2.783082909999999854e-01	3.504202937000000073e+00	8.977951553000000473e+00	4.282730060000000116e-01	3.593680312000000043e+00	3.903120789999999785e-01
9.152473109000000662e+00	2.840664250000000113e-01	3.572150006999999849e+00	9.152473109000000662e+00	4.415938710000000267e-01	3.647358308999999910e+00	3.902934169999999758e-01
9.330387173000000089e+00	2.902183859999999949e-01	3.641563215000000131e+00	9.330387173000000089e+00	4.533878630000000021e-01	3.701531369000000016e+00	3.902906870000000250e-01
9.511759690999999961e+00	2.968166219999999744e-01	3.712447461000000004e+00	9.511759690999999961e+00	4.634943009999999974e-01	3.756502887999999984e+00	3.903008049999999729e-01
9.696657892999999362e+00	3.039134070000000243e-01	3.784798848999999965e+00	9.696657892999999362e+00	4.717956309999999931e-01	3.812619488999999806e+00	3.903199319999999806e-01
9.885150314000000549e+00	3.115590280000000156e-01	3.858604056999999976e+00	9.885150314000000549e+00	4.782270029999999839e-01	3.870265209999999900e+00	3.903434880000000162e-01
1.007730682100000053e+01	3.197996570000000149e-01	3.933840012000000108e+00	1.007730682100000053e+01	4.827850249999999788e-01	3.929853930999999800e+00	3.903662039999999944e-01
1.027319864000000038e+01	3.286749330000000024e-01	4.010474009000000173e+00	1.027319864000000038e+01	4.855354399999999848e-01	3.991820273000000086e+00	3.903822120000000062e-01
1.047289838200000034e+01	3.382153410000000027e-01	4.088464360999999769e+00	1.047289838200000034e+01	4.866196059999999823e-01	4.056609221999999626e+00	3.903851839999999962e-01
1.067648006900000013e+01	3.484394690000000017e-01	4.167761725000000084e+00	1.067648006900000013e+01	4.862597739999999780e-01	4.124664701000000377e+00	3.903685199999999966e-01
1.088401916099999944e+01	3.593513110000000066e-01	4.248311194000000235e+00	1.088401916099999944e+01	4.847632640000000270e-01	4.196417190000000019e+00	3.903255889999999728e-01
1.109559258500000034e+01	3.709378090000000072e-01	4.330055234999999669e+00	1.109559258500000034e+01	4.825256700000000176e-01	4.272270383000000393e+00	3.902500210000000025e-01
1.131127876599999915e+01	3.831668919999999812e-01	4.412937509999999897e+00	1.131127876599999915e+01	4.800332319999999764e-01	4.352586608000000190e+00	3.901360400000000173e-01
1.153115765000000081e+01	3.959862860000000206e-01	4.496907538000000315e+00	1.153115765000000081e+01	4.778643679999999838e-01	4.437670595000000162e+00	3.899788450000000184e-01
1.175531073900000045e+01	4.093234250000000185e-01	4.581926081999999845e+00	1.175531073900000045e+01	4.766901370000000138e-01	4.527750895999999692e+00	3.897749859999999900e-01
1.198382111799999983e+01	4.230867569999999800e-01	4.667971013999999919e+00	1.198382111799999983e+01	4.772730250000000174e-01	4.622958158000000317e+00	3.895227549999999983e-01
1.221677348999999957e+01	4.371687240000000085e-01	4.755043323999999849e+00	1.221677348999999957e+01	4.804629269999999841e-01	4.723299368000000165e+00	3.892225169999999901e-01
1.245425420099999947e+01	4.514506130000000006e-01	4.843172781999999899e+00	1.245425420099999947e+01	4.871884940000000275e-01	4.828627314000000226e+00	3.888769819999999822e-01
1.269635127699999977e+01	4.658093139999999743e-01	4.932422704000000380e+00	1.269635127699999977e+01	4.984412229999999888e-01	4.938604942000000442e+00	3.884913540000000109e-01
1.294315445500000017e+01	4.801259010000000216e-01	5.022893171999999851e+00	1.294315445500000017e+01	5.152487279999999892e-01	5.052665141000000304e+00	3.880733390000000171e-01
1.319475521700000087e+01	4.942956989999999773e-01	5.114722064999999596e+00	1.319475521700000087e+01	5.386328299999999514e-01	5.169967965999999748e+00	3.876329629999999971e-01
1.345124682199999988e+01	5.082392999999999494e-01	5.208083303999999636e+00	1.345124682199999988e+01	5.695477009999999618e-01	5.289359549000000271e+00	3.871821979999999774e-01
1.371272434399999973e+01	5.219137809999999655e-01	5.303181841999999868e+00	1.371272434399999973e+01	6.087937439999999700e-01	5.409340062000000060e+00	3.867343719999999929e-01
1.397928470299999937e+01	5.353231619999999635e-01	5.400245121000000204e+00	1.397928470299999937e+01	6.569049689999999497e-01	5.528051744999999961e+00	3.863033940000000221e-01
1.425102670300000085e+01	5.485270500000000160e-01	5.499511000000000038e+00	1.425102670300000085e+01	7.140121489999999849e-01	5.643301645000000200e+00	3.859027919999999945e-01
1.452805107100000015e+01	5.616462800000000533e-01	5.601212419000000331e+00	1.452805107100000015e+01	7.796914440000000113e-01	5.752635712000000012e+00	3.855446539999999866e-01
1.481046048900000045e+01	5.748644330000000080e-01	5.705559468999999773e+00	1.481046048900000045e+01	8.528183980000000330e-01	5.853479184000000224e+00	3.852384919999999879e-01
1.509835963699999972e+01	5.884241319999999886e-01	5.812719857000000268e+00	1.509835963699999972e+01	9.314581069999999796e-01	5.943350168000000266e+00	3.849901580000000267e-01
1.539185523000000089e+01	6.026172180000000100e-01	5.922799177999999998e+00	1.539185523000000089e+01	1.012829959999999918e+00	6.020137533999999846e+00	3.848008629999999930e-01
1.569105605600000075e+01	6.177682119999999832e-01	6.035822805999999652e+00	1.569105605600000075e+01	1.093383844999999965e+00	6.082412170999999645e+00	3.846664490000000214e-01
1.599607301900000067e+01	6.342108829999999475e-01	6.151721646000000376e+00	1.599607301900000067e+01	1.169009041000000027e+00	6.129718229999999934e+00	3.845769920000000064e-01
1.630701917700000081e+01	6.522584569999999582e-01	6.270324346999999854e+00	1.630701917700000081e+01	1.235366828999999944e+00	6.162778399999999657e+00	3.845168930000000262e-01
1.662400978899999870e+01	6.721689349999999674e-01	6.391358817999999609e+00	1.662400978899999870e+01	1.288300584999999998e+00	6.183554400000000228e+00	3.844655350000000249e-01
1.694716235199999943e+01	6.941082419999999864e-01	6.514465765999999824e+00	1.694716235199999943e+01	1.324247273999999974e+00	6.195133978000000319e+00	3.843986169999999980e-01
1.727659664700000164e+01	7.181153869999999939e-01	6.639226372000000431e+00	1.727659664700000164e+01	1.340566544999999943e+00	6.201460770999999816e+00	3.842901759999999833e-01
1.761243478400000129e+01	7.440752779999999511e-01	6.765204770000000423e+00	1.761243478400000129e+01	1.335724136999999923e+00	6.206965935000000378e+00	3.841152489999999919e-01
1.795480124699999891e+01	7.717058039999999952e-01	6.892003683000000436e+00	1.795480124699999891e+01	1.309307400000000010e+00	6.216183086000000024e+00	3.838529640000000187e-01
1.830382293899999979e+01	8.005658159999999857e-01	7.019328452999999968e+00	1.830382293899999979e+01	1.261895111999999930e+00	6.233423321000000072e+00	3.834897480000000192e-01
1.865962923200000034e+01	8.300890380000000013e-01	7.147051214000000208e+00	1.865962923200000034e+01	1.194834834999999984e+00	6.262560408999999773e+00	3.830221449999999805e-01
1.902235200899999867e+01	8.596454850000000425e-01	7.275264098000000068e+00	1.902235200899999867e+01	1.109990865999999965e+00	6.306941852999999654e+00	3.824587039999999827e-01
1.939212572099999932e+01	8.886268560000000205e-01	7.404309042000000396e+00	1.939212572099999932e+01	1.009517414999999918e+00	6.369412463999999829e+00	3.818203920000000084e-01
1.976908742799999885e+01	9.165465010000000134e-01	7.534773011999999603e+00	1.976908742799999885e+01	8.956938559999999550e-01	6.452420656000000143e+00	3.811391419999999863e-01
2.015337685900000153e+01	9.431393460000000450e-01	7.667441630999999980e+00	2.015337685900000153e+01	7.708410070000000225e-01	6.558173381999999663e+00	3.804544360000000069e-01
2.054513645600000160e+01	9.684440039999999694e-01	7.803210592000000112e+00	2.054513645600000160e+01	6.373251330000000436e-01	6.688809116999999915e+00	3.798081660000000026e-01
2.094451143199999876e+01	9.928491329999999948e-01	7.942961898000000076e+00	2.094451143199999876e+01	4.976514839999999773e-01	6.846563933999999740e+00	3.792383469999999757e-01
2.135164981899999859e+01	1.017088986000000084e+00	8.087419190000000313e+00	2.135164981899999859e+01	3.546509210000000079e-01	7.033908463999999583e+00	3.787725659999999772e-01
2.176670253200000005e+01	1.042178478000000075e+00	8.237002530999999905e+00	2.176670253200000005e+01	2.117691060000000125e-01	7.253629402999999698e+00	3.784221569999999812e-01
2.218982341499999933e+01	1.069285374999999982e+00	8.391707416999999225e+00	2.218982341499999933e+01	7.347407999999999717e-02	7.508813800000000427e+00	3.781781969999999937e-01
2.262116930499999867e+01	1.099546568999999918e+00	8.551035639000000188e+00	2.262116930499999867e+01	-5.420199299999999693e-02	7.802662374999999706e+00	3.780103280000000066e-01
2.306090008700000027e+01	1.133847441999999983e+00	8.714005809999999741e+00	2.306090008700000027e+01	-1.629923970000000111e-01	8.138003838999999573e+00	3.778692840000000275e-01
2.350917875500000065e+01	1.172598492999999964e+00	8.879266462000000359e+00	2.350917875500000065e+01	-2.416748250000000098e-01	8.516305709999999252e+00	3.776936040000000161e-01
2.396617146899999895e+01	1.215559440999999907e+00	9.045320409000000339e+00	2.396617146899999895e+01	-2.755561530000000259e-01	8.935905034999999330e+00	3.774203329999999967e-01
2.443204762199999891e+01	1.261771508999999902e+00	9.210842486000000662e+00	2.443204762199999891e+01	-2.467722920000000042e-01	9.389217156999999148e+00	3.769983849999999914e-01
2.490697989699999937e+01	1.309653144999999963e+00	9.375035953999999450e+00	2.490697989699999937e+01	-1.365366829999999920e-01	9.859078161999999423e+00	3.764019559999999820e-01
2.539114433700000006e+01	1.357283959000000095e+00	9.537937065999999575e+00	2.539114433700000006e+01	6.917848399999999842e-02	1.031554279700000087e+01	3.756402999999999825e-01
2.588472040299999932e+01	1.402846583999999952e+00	9.700561522999999298e+00	2.588472040299999932e+01	3.699616669999999941e-01	1.071647794299999923e+01	3.747601429999999900e-01
2.638789104800000018e+01	1.445132690999999969e+00	9.864807902000000794e+00	2.638789104800000018e+01	7.404017990000000271e-01	1.101655858300000013e+01	3.738384350000000245e-01
2.690084278000000140e+01	1.483974644999999981e+00	1.003309326900000009e+01	2.690084278000000140e+01	1.127194481999999942e+00	1.118574110299999980e+01	3.729657599999999795e-01
2.742376573299999976e+01	1.520460777000000041e+00	1.020777629300000022e+01	2.742376573299999976e+01	1.462432519000000042e+00	1.122836188399999990e+01	3.722237270000000042e-01
2.795685373499999926e+01	1.556832983999999920e+00	1.039049454999999966e+01	2.795685373499999926e+01	1.689503632999999949e+00	1.118746030700000027e+01	3.716617990000000149e-01
2.850030438499999974e+01	1.596035249999999905e+00	1.058158563799999996e+01	2.850030438499999974e+01	1.784343519999999961e+00	1.112892117400000025e+01	3.712797409999999965e-01
2.905431912099999892e+01	1.640964282000000107e+00	1.077977338400000029e+01	2.905431912099999892e+01	1.758797874000000094e+00	1.111795535999999984e+01	3.710213729999999877e-01
2.961910329799999886e+01	1.693565433999999925e+00	1.098228147500000063e+01	2.961910329799999886e+01	1.650066725000000067e+00	1.120368760799999919e+01	3.707837259999999802e-01
3.019486626100000137e+01	1.754018247000000086e+00	1.118547076900000015e+01	3.019486626100000137e+01	1.508842567999999940e+00	1.141551521000000058e+01	3.704427989999999893e-01
3.078182142600000049e+01	1.820337059000000091e+00	1.138595100300000063e+01	3.078182142600000049e+01	1.393790217999999914e+00	1.176451896800000085e+01	3.698920490000000005e-01
3.138018635699999948e+01	1.888693720000000020e+00	1.158188935499999950e+01	3.138018635699999948e+01	1.371667194000000034e+00	1.224138832699999924e+01	3.690828740000000052e-01
3.199018284799999989e+01	1.954564176000000097e+00	1.177401583700000032e+01	3.199018284799999989e+01	1.515776250000000047e+00	1.280509732400000011e+01	3.680509080000000099e-01
3.261203700299999753e+01	2.014423562999999806e+00	1.196578324300000062e+01	3.261203700299999753e+01	1.888807080000000083e+00	1.336377419000000089e+01	3.669130890000000256e-01
3.324597932300000025e+01	2.067352479000000187e+00	1.216240285099999952e+01	3.324597932300000025e+01	2.495163953000000046e+00	1.376868206099999981e+01	3.658307889999999896e-01
3.389224478799999929e+01	2.115819743999999947e+00	1.236896229399999925e+01	3.389224478799999929e+01	3.220083584000000165e+00	1.386666746899999936e+01	3.649496329999999955e-01
3.455107294599999790e+01	2.165161233000000074e+00	1.258827794900000008e+01	3.455107294599999790e+01	3.840611893000000165e+00	1.361833566900000037e+01	3.643382640000000228e-01
3.522270800300000104e+01	2.221740950000000048e+00	1.281933380499999942e+01	3.522270800300000104e+01	4.161660204000000363e+00	1.316197219700000076e+01	3.639508300000000030e-01
3.590739891100000136e+01	2.290283501000000221e+00	1.305709179399999975e+01	3.590739891100000136e+01	4.143922207000000135e+00	1.271821593900000025e+01	3.636323479999999941e-01
3.660539946000000100e+01	2.371346493999999971e+00	1.329414089499999996e+01	3.660539946000000100e+01	3.884847601999999789e+00	1.245080735400000016e+01	3.631743159999999970e-01
3.731696837700000202e+01	2.460248117999999984e+00	1.352397148700000074e+01	3.731696837700000202e+01	3.525234649000000164e+00	1.242311341899999988e+01	3.624080969999999846e-01
3.804236941500000313e+01	2.548566984999999896e+00	1.374461144700000048e+01	3.804236941500000313e+01	3.193051760999999988e+00	1.262534151000000016e+01	3.612974600000000147e-01
3.878187145599999752e+01	2.628150048999999822e+00	1.396053303899999953e+01	3.878187145599999752e+01	2.992230245000000011e+00	1.299989500999999947e+01	3.599757439999999864e-01
3.953574860700000215e+01	2.695797429999999828e+00	1.418115653000000087e+01	3.953574860700000215e+01	2.995062512000000066e+00	1.344240260499999984e+01	3.586919949999999857e-01
4.030428030600000255e+01	2.755844393999999919e+00	1.441615707699999938e+01	4.030428030600000255e+01	3.206118381000000017e+00	1.380373576699999916e+01	3.576830289999999857e-01
4.108775141899999994e+01	2.818720640000000000e+00	1.466985820100000026e+01	4.108775141899999994e+01	3.513671261999999906e+00	1.394566089199999936e+01	3.570372600000000229e-01
4.188645235399999933e+01	2.895645796999999799e+00	1.493783257399999975e+01	4.188645235399999933e+01	3.717337235000000017e+00	1.385236958900000026e+01	3.566268260000000079e-01
4.270067916200000013e+01	2.991756367999999888e+00	1.520818943699999970e+01	4.270067916200000013e+01	3.668505462999999800e+00	1.366945065400000026e+01	3.561580220000000185e-01
4.353073364699999814e+01	3.101585436000000140e+00	1.546807936299999930e+01	4.353073364699999814e+01	3.373053860000000181e+00	1.359349557100000006e+01	3.553369780000000255e-01
4.437692348400000242e+01	3.210920989999999975e+00	1.571254643500000014e+01	4.437692348400000242e+01	2.953238621000000119e+00	1.375156352399999982e+01	3.540702059999999984e-01
4.523956232500000141e+01	3.305717299999999970e+00	1.594956000800000062e+01	4.523956232500000141e+01	2.568249449000000073e+00	1.417329213100000018e+01	3.525577879999999831e-01
4.611896992199999801e+01	3.382711469999999832e+00	1.619602695600000075e+01	4.611896992199999801e+01	2.373567126000000194e+00	1.479891211099999992e+01	3.511792870000000066e-01
4.701547224000000114e+01	3.453433809999999937e+00	1.646614742999999947e+01	4.701547224000000114e+01	2.481475062999999981e+00	1.546740043600000014e+01	3.502282680000000092e-01
4.792940158300000064e+01	3.537349448000000063e+00	1.676003677199999942e+01	4.792940158300000064e+01	2.863962572000000151e+00	1.593429662099999966e+01	3.496817449999999883e-01
4.886109671199999838e+01	3.647513586000000085e+00	1.706145094400000062e+01	4.886109671199999838e+01	3.276291244999999908e+00	1.603103307900000019e+01	3.491827259999999988e-01
4.981090297499999764e+01	3.778442982000000061e+00	1.734863440999999895e+01	4.981090297499999764e+01	3.413075030999999981e+00	1.586115394499999987e+01	3.482898999999999856e-01
5.077917243200000286e+01	3.907643860999999941e+00	1.761277251199999938e+01	5.077917243200000286e+01	3.178966482999999954e+00	1.571606239800000004e+01	3.468503259999999866e-01
5.176626398799999862e+01	4.013754984000000192e+00	1.786844806299999888e+01	5.176626398799999862e+01	2.707071657999999825e+00	1.582128636999999927e+01	3.451755389999999757e-01
5.277254352500000323e+01	4.097189718000000092e+00	1.814314439800000045e+01	5.277254352500000323e+01	2.202959416000000115e+00	1.624223301199999980e+01	3.437989379999999984e-01
5.379838403400000146e+01	4.182650663999999630e+00	1.845230880500000126e+01	5.379838403400000146e+01	1.843884591999999989e+00	1.691784721000000147e+01	3.429900200000000066e-01
5.484416576099999929e+01	4.298052527000000289e+00	1.878239326199999937e+01	5.484416576099999929e+01	1.728193928000000046e+00	1.769927932499999912e+01	3.424683920000000104e-01
5.591027634099999943e+01	4.446232486999999622e+00	1.910022176900000090e+01	5.591027634099999943e+01	1.823387456000000073e+00	1.841342366199999958e+01	3.416227390000000086e-01
5.699711094300000269e+01	4.597486737999999740e+00	1.938576924699999893e+01	5.699711094300000269e+01	1.980193831000000015e+00	1.898444938000000093e+01	3.401184540000000145e-01
5.810507242199999922e+01	4.718114320999999833e+00	1.965728747800000065e+01	5.810507242199999922e+01	2.072343291999999781e+00	1.949463780800000023e+01	3.383058769999999771e-01
5.923457145900000143e+01	4.809444486000000296e+00	1.995541000500000095e+01	5.923457145900000143e+01	2.119027986999999946e+00	2.008054116199999939e+01	3.368878940000000211e-01
6.038602672199999688e+01	4.910771965000000350e+00	2.029763732199999993e+01	6.038602672199999688e+01	2.254681397999999781e+00	2.078591486099999841e+01	3.361313610000000174e-01
6.155986501499999974e+01	5.056628080000000303e+00	2.065388110600000005e+01	6.155986501499999974e+01	2.603168575000000207e+00	2.150538653499999953e+01	3.355088760000000114e-01
6.275652144000000021e+01	5.232062104999999796e+00	2.097733030799999909e+01	6.275652144000000021e+01	3.149349121999999834e+00	2.204438337799999914e+01	3.342653449999999915e-01
6.397643955699999907e+01	5.384507426999999957e+00	2.126449138799999972e+01	6.397643955699999907e+01	3.702383848999999838e+00	2.227824845900000028e+01	3.323800379999999888e-01
6.522007154800000706e+01	5.491305498000000007e+00	2.156655379200000056e+01	6.522007154800000706e+01	4.025888253999999833e+00	2.228488553100000047e+01	3.306735679999999733e-01
6.648787838399999828e+01	5.595644143000000348e+00	2.192387843299999872e+01	6.648787838399999828e+01	4.023606092999999717e+00	2.229867379899999946e+01	3.297424880000000003e-01
6.778032999799999914e+01	5.752521232000000317e+00	2.230637860399999894e+01	6.778032999799999914e+01	3.797757846000000104e+00	2.254631617600000126e+01	3.290981119999999982e-01
6.909790545699999598e+01	5.947987656999999651e+00	2.264845736399999865e+01	6.909790545699999598e+01	3.580189167999999977e+00	2.311687568800000037e+01	3.277734279999999778e-01
7.044109314199999972e+01	6.110376409999999758e+00	2.294674385100000080e+01	7.044109314199999972e+01	3.607063689999999934e+00	2.389774619099999953e+01	3.257579179999999797e-01
7.181039092499999299e+01	6.218962959999999818e+00	2.327440060400000021e+01	7.181039092499999299e+01	3.934849081999999942e+00	2.461070614500000175e+01	3.241090919999999875e-01
7.320630635999999924e+01	6.344557819000000265e+00	2.366898772600000100e+01	7.320630635999999924e+01	4.334205414000000367e+00	2.506851708900000020e+01	3.233189719999999823e-01
7.462935686299999816e+01	6.540558974999999720e+00	2.406433339399999838e+01	7.462935686299999816e+01	4.565973095999999565e+00	2.542311677300000028e+01	3.224513030000000224e-01
7.608006991099999539e+01	6.746140113000000049e+00	2.439295357499999994e+01	7.608006991099999539e+01	4.732822865000000156e+00	2.591507414799999864e+01	3.206221240000000083e-01
7.755898323399999583e+01	6.882146967999999809e+00	2.471024209699999830e+01	7.755898323399999583e+01	5.091037541999999583e+00	2.645064685099999835e+01	3.185993560000000002e-01
7.906664501299999870e+01	6.998438647999999596e+00	2.510493160100000054e+01	7.906664501299999870e+01	5.549542470999999644e+00	2.670509534500000015e+01	3.175160850000000035e-01
8.060361408900000413e+01	7.192491569999999612e+00	2.553195058700000075e+01	8.060361408900000413e+01	5.692420873999999742e+00	2.672485506299999969e+01	3.167593770000000086e-01
8.217046016099999406e+01	7.421347092999999617e+00	2.588539135699999960e+01	8.217046016099999406e+01	5.461057368999999717e+00	2.696448319799999993e+01	3.150206449999999880e-01
8.376776400699999670e+01	7.572043636000000078e+00	2.620981347500000069e+01	8.376776400699999670e+01	5.250021009000000127e+00	2.760732913400000044e+01	3.128866310000000261e-01
8.539611769200000424e+01	7.693741365000000165e+00	2.662318151899999918e+01	8.539611769200000424e+01	5.304763885999999928e+00	2.838717079499999940e+01	3.117610290000000228e-01
8.705612479100000201e+01	7.908358448000000429e+00	2.706861414999999838e+01	8.705612479100000201e+01	5.472107057999999746e+00	2.911525580400000024e+01	3.109329089999999796e-01
8.874840061199999752e+01	8.146033168000000657e+00	2.742161444599999953e+01	8.874840061199999752e+01	5.716589754000000134e+00	2.992322850700000103e+01	3.089815060000000169e-01
9.047357242299999314e+01	8.284286523000000457e+00	2.777066217999999864e+01	9.047357242299999314e+01	6.264738599000000185e+00	3.067444583400000013e+01	3.069477800000000034e-01
9.223227968800000554e+01	8.433429823999999186e+00	2.822965224600000056e+01	9.223227968800000554e+01	6.854601792000000415e+00	3.097091861099999832e+01	3.060712839999999990e-01
9.402517429700000662e+01	8.691857965000000519e+00	2.866380338400000127e+01	9.402517429700000662e+01	6.932764348000000076e+00	3.111700202000000104e+01	3.048524360000000044e-01
9.585292081599999392e+01	8.898411327999999898e+00	2.900088430599999967e+01	9.585292081599999392e+01	6.742322530000000036e+00	3.171828896399999920e+01	3.025560829999999757e-01
9.771619672699999626e+01	9.021001885000000442e+00	2.942380239899999950e+01	9.771619672699999626e+01	6.794568768000000425e+00	3.265023290199999906e+01	3.011148960000000208e-01
9.961569268399999544e+01	9.253030544999999663e+00	2.991249538499999971e+01	9.961569268399999544e+01	7.011165743000000283e+00	3.365856492099999997e+01	3.002789479999999900e-01
1.015521127629999967e+02	9.511816642999999516e+00	3.027957214899999983e+01	1.015521127629999967e+02	7.506850695999999878e+00	3.496184445200000113e+01	2.981678209999999996e-01
1.035261747309999976e+02	9.642660237999999495e+00	3.067495412399999921e+01	1.035261747309999976e+02	8.825917848999999649e+00	3.610352519199999932e+01	2.963014350000000019e-01
1.055386103040000023e+02	9.851763747999999765e+00	3.118884651000000119e+01	1.055386103040000023e+02	1.031557040799999925e+01	3.621739122500000008e+01	2.955207240000000124e-01
1.075901654219999983e+02	1.013643094000000033e+01	3.158529086400000097e+01	1.075901654219999983e+02	1.109866959300000033e+01	3.594502306199999708e+01	2.935704279999999944e-01
1.096816005270000005e+02	1.027682639500000050e+01	3.197825546299999999e+01	1.096816005270000005e+02	1.160563232400000011e+01	3.577017008499999662e+01	2.915553320000000004e-01
1.118136908430000034e+02	1.048788349900000050e+01	3.251080142499999681e+01	1.118136908430000034e+02	1.172446258099999916e+01	3.553826465200000229e+01	2.907586819999999905e-01
1.139872266619999976e+02	1.078158016299999922e+01	3.291347196299999922e+01	1.139872266619999976e+02	1.153942398699999927e+01	3.587552588399999820e+01	2.887470200000000209e-01
1.162030136390000052e+02	1.091641937600000034e+01	3.333186773500000299e+01	1.162030136390000052e+02	1.191362428699999931e+01	3.648756383500000311e+01	2.868416810000000150e-01
1.184618730899999974e+02	1.116241731899999934e+01	3.388028862499999860e+01	1.184618730899999974e+02	1.231791510000000045e+01	3.660622449699999947e+01	2.860016289999999795e-01
1.207646422979999983e+02	1.143853290700000080e+01	3.426431145800000166e+01	1.207646422979999983e+02	1.239399929800000066e+01	3.693982614800000164e+01	2.837280090000000032e-01
