1.000000000000000000e+00	5.535950000000000419e-04	2.430874680000000010e-01	1.000000000000000000e+00	7.975725999999999649e-02	1.731011809999999929e-01	2.430874680000000010e-01
1.019438905999999978e+00	5.716259999999999918e-04	2.478131759999999961e-01	1.019438905999999978e+00	7.897461499999999801e-02	1.766348440000000131e-01	2.430878150000000126e-01
1.039255682999999930e+00	5.903730000000000479e-04	2.526307669999999783e-01	1.039255682999999930e+00	7.816371699999999367e-02	1.802467379999999897e-01	2.430881749999999897e-01
1.059457676000000070e+00	6.098629999999999850e-04	2.575420270000000067e-01	1.059457676000000070e+00	7.732364099999999851e-02	1.839389039999999864e-01	2.430885469999999882e-01
1.080052374999999953e+00	6.301279999999999815e-04	2.625487779999999827e-01	1.080052374999999953e+00	7.645344099999999699e-02	1.877134490000000044e-01	2.430889320000000076e-01
1.101047410999999920e+00	6.511979999999999678e-04	2.676528779999999830e-01	1.101047410999999920e+00	7.555214899999999900e-02	1.915725480000000092e-01	2.430893299999999924e-01
1.122450568000000093e+00	6.731039999999999983e-04	2.728562199999999827e-01	1.122450568000000093e+00	7.461877199999999988e-02	1.955184490000000108e-01	2.430897429999999970e-01
1.144269779000000042e+00	6.958819999999999893e-04	2.781607349999999923e-01	1.144269779000000042e+00	7.365229600000000598e-02	1.995534720000000095e-01	2.430901699999999943e-01
1.166513131999999953e+00	7.195650000000000266e-04	2.835683900000000035e-01	1.166513131999999953e+00	7.265168399999999416e-02	2.036800139999999926e-01	2.430906110000000120e-01
1.189188871000000036e+00	7.441909999999999498e-04	2.890811919999999868e-01	1.189188871000000036e+00	7.161587699999999446e-02	2.079005519999999885e-01	2.430910679999999935e-01
1.212305401000000060e+00	7.697970000000000160e-04	2.947011869999999756e-01	1.212305401000000060e+00	7.054379600000000583e-02	2.122176440000000108e-01	2.430915399999999948e-01
1.235871291999999899e+00	7.964229999999999877e-04	3.004304589999999830e-01	1.235871291999999899e+00	6.943433899999999770e-02	2.166339340000000002e-01	2.430920279999999878e-01
1.259895277999999896e+00	8.241099999999999684e-04	3.062711340000000004e-01	1.259895277999999896e+00	6.828638200000000658e-02	2.211521559999999886e-01	2.430925329999999995e-01
1.284386264000000111e+00	8.528999999999999689e-04	3.122253790000000251e-01	1.284386264000000111e+00	6.709878399999999465e-02	2.257751329999999890e-01	2.430930540000000029e-01
1.309353326999999956e+00	8.828389999999999545e-04	3.182954040000000040e-01	1.309353326999999956e+00	6.587038400000000404e-02	2.305057819999999924e-01	2.430935929999999967e-01
1.334805723999999971e+00	9.139729999999999990e-04	3.244834620000000003e-01	1.334805723999999971e+00	6.460000100000000411e-02	2.353471229999999914e-01	2.430941490000000094e-01
1.360752885999999995e+00	9.463499999999999907e-04	3.307918470000000277e-01	1.360752885999999995e+00	6.328643800000000041e-02	2.403022710000000117e-01	2.430947240000000120e-01
1.387204434000000042e+00	9.800200000000000664e-04	3.372229010000000193e-01	1.387204434000000042e+00	6.192848100000000050e-02	2.453744509999999934e-01	2.430953170000000052e-01
1.414170170000000004e+00	1.015035999999999976e-03	3.437790110000000232e-01	1.414170170000000004e+00	6.052490199999999848e-02	2.505669939999999873e-01	2.430959289999999884e-01
1.441660090999999921e+00	1.051452999999999936e-03	3.504626089999999805e-01	1.441660090999999921e+00	5.907445699999999689e-02	2.558833440000000126e-01	2.430965599999999893e-01
1.469684385999999954e+00	1.089326999999999960e-03	3.572761760000000009e-01	1.469684385999999954e+00	5.757589300000000299e-02	2.613270619999999989e-01	2.430972110000000075e-01
1.498253443000000074e+00	1.128719000000000033e-03	3.642222399999999749e-01	1.498253443000000074e+00	5.602794500000000261e-02	2.669018280000000076e-01	2.430978829999999868e-01
1.527377849999999926e+00	1.169688000000000108e-03	3.713033789999999890e-01	1.527377849999999926e+00	5.442933800000000072e-02	2.726114450000000078e-01	2.430985750000000112e-01
1.557068405000000100e+00	1.212301000000000047e-03	3.785222209999999921e-01	1.557068405000000100e+00	5.277879299999999746e-02	2.784598440000000119e-01	2.430992879999999967e-01
1.587336110999999939e+00	1.256622999999999898e-03	3.858814440000000179e-01	1.587336110999999939e+00	5.107502500000000306e-02	2.844510900000000175e-01	2.431000219999999989e-01
1.618192188000000087e+00	1.302725000000000020e-03	3.933837809999999879e-01	1.618192188000000087e+00	4.931674800000000053e-02	2.905893800000000082e-01	2.431007789999999891e-01
1.649648073999999909e+00	1.350679000000000029e-03	4.010320150000000194e-01	1.649648073999999909e+00	4.750267700000000010e-02	2.968790539999999756e-01	2.431015569999999959e-01
1.681715427999999957e+00	1.400561999999999944e-03	4.088289840000000064e-01	1.681715427999999957e+00	4.563152899999999706e-02	3.033245949999999747e-01	2.431023569999999911e-01
1.714406136000000025e+00	1.452451000000000002e-03	4.167775830000000070e-01	1.714406136000000025e+00	4.370203000000000282e-02	3.099306350000000099e-01	2.431031800000000020e-01
1.747732314999999925e+00	1.506430000000000009e-03	4.248807609999999957e-01	1.747732314999999925e+00	4.171291500000000319e-02	3.167019569999999784e-01	2.431040250000000014e-01
1.781706320000000066e+00	1.562584000000000108e-03	4.331415259999999989e-01	1.781706320000000066e+00	3.966292999999999902e-02	3.236435029999999990e-01	2.431048939999999881e-01
1.816340741000000092e+00	1.621002000000000077e-03	4.415629420000000138e-01	1.816340741000000092e+00	3.755084300000000042e-02	3.307603749999999954e-01	2.431057849999999909e-01
1.851648417999999907e+00	1.681778000000000092e-03	4.501481370000000037e-01	1.851648417999999907e+00	3.537543900000000158e-02	3.380578399999999983e-01	2.431067000000000089e-01
1.887642437000000006e+00	1.745009000000000057e-03	4.589002950000000136e-01	1.887642437000000006e+00	3.313553000000000331e-02	3.455413359999999767e-01	2.431076379999999870e-01
1.924336140999999945e+00	1.810795000000000026e-03	4.678226639999999992e-01	1.924336140999999945e+00	3.082995900000000053e-02	3.532164749999999742e-01	2.431085990000000085e-01
1.961743129999999891e+00	1.879241000000000028e-03	4.769185559999999935e-01	1.961743129999999891e+00	2.845760300000000145e-02	3.610890460000000246e-01	2.431095839999999897e-01
1.999877270999999901e+00	1.950459000000000090e-03	4.861913449999999970e-01	1.999877270999999901e+00	2.601737800000000073e-02	3.691650220000000093e-01	2.431105909999999870e-01
2.038752697000000058e+00	2.024562000000000150e-03	4.956444729999999743e-01	2.038752697000000058e+00	2.350824699999999948e-02	3.774505610000000178e-01	2.431116210000000000e-01
2.078383818999999910e+00	2.101669000000000020e-03	5.052814460000000230e-01	2.078383818999999910e+00	2.092922300000000027e-02	3.859520149999999816e-01	2.431126730000000014e-01
2.118785325999999802e+00	2.181904000000000135e-03	5.151058410000000087e-01	2.118785325999999802e+00	1.827937500000000048e-02	3.946759280000000092e-01	2.431137479999999906e-01
2.159972194999999928e+00	2.265398000000000064e-03	5.251213030000000392e-01	2.159972194999999928e+00	1.555783600000000023e-02	4.036290439999999924e-01	2.431148439999999966e-01
2.201959690999999886e+00	2.352284999999999966e-03	5.353315450000000197e-01	2.201959690999999886e+00	1.276381000000000043e-02	4.128183120000000206e-01	2.431159609999999915e-01
2.244763378000000031e+00	2.442705999999999784e-03	5.457403570000000093e-01	2.244763378000000031e+00	9.896574999999999470e-03	4.222508830000000213e-01	2.431170980000000037e-01
2.288399123000000035e+00	2.536805999999999957e-03	5.563515989999999745e-01	2.288399123000000035e+00	6.955494999999999907e-03	4.319341250000000021e-01	2.431182540000000059e-01
2.332883097999999933e+00	2.634739999999999999e-03	5.671692050000000096e-01	2.332883097999999933e+00	3.940024999999999777e-03	4.418756140000000276e-01	2.431194279999999985e-01
2.378231792999999872e+00	2.736665000000000104e-03	5.781971879999999731e-01	2.378231792999999872e+00	8.497160000000000346e-04	4.520831499999999892e-01	2.431206200000000095e-01
2.424462017000000191e+00	2.842747999999999976e-03	5.894396370000000163e-01	2.424462017000000191e+00	-2.315769000000000074e-03	4.625647489999999973e-01	2.431218280000000120e-01
2.471590905999999865e+00	2.953162000000000061e-03	6.009007189999999721e-01	2.471590905999999865e+00	-5.556654000000000281e-03	4.733286549999999870e-01	2.431230500000000072e-01
2.519635929000000107e+00	3.068084999999999909e-03	6.125846820000000470e-01	2.519635929000000107e+00	-8.873037999999999759e-03	4.843833379999999966e-01	2.431242839999999961e-01
2.568614895000000065e+00	3.187705999999999786e-03	6.244958569999999876e-01	2.568614895000000065e+00	-1.226488599999999915e-02	4.957375019999999965e-01	2.431255300000000064e-01
2.618545957999999896e+00	3.312219999999999834e-03	6.366386579999999684e-01	2.618545957999999896e+00	-1.573201700000000092e-02	5.074000810000000028e-01	2.431267840000000124e-01
2.669447626999999823e+00	3.441828000000000075e-03	6.490175820000000373e-01	2.669447626999999823e+00	-1.927409899999999940e-02	5.193802490000000160e-01	2.431280449999999871e-01
2.721338767999999853e+00	3.576744000000000191e-03	6.616372149999999452e-01	2.721338767999999853e+00	-2.289063499999999945e-02	5.316874169999999955e-01	2.431293089999999879e-01
2.774238616999999962e+00	3.717186999999999835e-03	6.745022309999999521e-01	2.774238616999999962e+00	-2.658095099999999850e-02	5.443312409999999657e-01	2.431305749999999877e-01
2.828166780000000102e+00	3.863385999999999904e-03	6.876173909999999667e-01	2.828166780000000102e+00	-3.034419000000000005e-02	5.573216199999999620e-01	2.431318389999999885e-01
2.883143248000000103e+00	4.015580000000000364e-03	7.009875500000000148e-01	2.883143248000000103e+00	-3.417929299999999948e-02	5.706687000000000287e-01	2.431330979999999919e-01
2.939188398999999841e+00	4.174014999999999670e-03	7.146176560000000455e-01	2.939188398999999841e+00	-3.808498999999999912e-02	5.843828770000000228e-01	2.431343480000000001e-01
2.996323004999999817e+00	4.338950999999999746e-03	7.285127489999999595e-01	2.996323004999999817e+00	-4.205978800000000073e-02	5.984747959999999756e-01	2.431355859999999869e-01
3.054568247000000181e+00	4.510654999999999699e-03	7.426779690000000489e-01	3.054568247000000181e+00	-4.610195599999999949e-02	6.129553589999999774e-01	2.431368070000000103e-01
3.113945710999999950e+00	4.689406000000000130e-03	7.571185499999999458e-01	3.113945710999999950e+00	-5.020950899999999939e-02	6.278357199999999860e-01	2.431380059999999899e-01
3.174477409000000083e+00	4.875492999999999841e-03	7.718398300000000045e-01	3.174477409000000083e+00	-5.438019399999999975e-02	6.431272919999999615e-01	2.431391790000000108e-01
3.236185777000000208e+00	5.069216999999999994e-03	7.868472469999999719e-01	3.236185777000000208e+00	-5.861147500000000315e-02	6.588417450000000342e-01	2.431403199999999931e-01
3.299093688000000135e+00	5.270890000000000297e-03	8.021463399999999577e-01	3.299093688000000135e+00	-6.290051100000000617e-02	6.749910080000000034e-01	2.431414249999999944e-01
3.363224460000000082e+00	5.480836999999999688e-03	8.177427569999999868e-01	3.363224460000000082e+00	-6.724414500000000516e-02	6.915872739999999741e-01	2.431424859999999910e-01
3.428601863999999999e+00	5.699393999999999988e-03	8.336422519999999725e-01	3.428601863999999999e+00	-7.163887700000000358e-02	7.086429939999999705e-01	2.431434980000000134e-01
3.495250132999999870e+00	5.926909000000000170e-03	8.498506869999999935e-01	3.495250132999999870e+00	-7.608084599999999365e-02	7.261708829999999892e-01	2.431444540000000099e-01
3.563193971000000015e+00	6.163743999999999647e-03	8.663740359999999585e-01	3.563193971000000015e+00	-8.056580900000000212e-02	7.441839180000000553e-01	2.431453470000000117e-01
3.632458563999999779e+00	6.410273999999999660e-03	8.832183869999999937e-01	3.632458563999999779e+00	-8.508911099999999506e-02	7.626953389999999722e-01	2.431461699999999948e-01
3.703069584000000081e+00	6.666886999999999813e-03	9.003899410000000270e-01	3.703069584000000081e+00	-8.964566599999999885e-02	7.817186449999999898e-01	2.431469139999999918e-01
3.775053204999999856e+00	6.933983000000000334e-03	9.178950190000000342e-01	3.775053204999999856e+00	-9.422992099999999427e-02	8.012675949999999991e-01	2.431475710000000068e-01
3.848436109000000105e+00	7.211979999999999780e-03	9.357400580000000412e-01	3.848436109000000105e+00	-9.883582999999999952e-02	8.213562049999999504e-01	2.431481339999999880e-01
3.923245496999999915e+00	7.501304999999999779e-03	9.539316199999999801e-01	3.923245496999999915e+00	-1.034568170000000065e-01	8.419987399999999678e-01	2.431485919999999967e-01
3.999509096999999791e+00	7.802403000000000290e-03	9.724763889999999966e-01	3.999509096999999791e+00	-1.080857419999999985e-01	8.632097159999999603e-01	2.431489380000000089e-01
4.077255177999999702e+00	8.115732000000000501e-03	9.913811750000000034e-01	4.077255177999999702e+00	-1.127148580000000011e-01	8.850038839999999629e-01	2.431491610000000025e-01
4.156512558000000190e+00	8.441765000000000380e-03	1.010652917000000039e+00	4.156512558000000190e+00	-1.173357679999999931e-01	9.073962260000000279e-01	2.431492520000000102e-01
4.237310615000000169e+00	8.780990000000000670e-03	1.030298688000000018e+00	4.237310615000000169e+00	-1.219393790000000005e-01	9.304019390000000111e-01	2.431492000000000098e-01
4.319679297000000417e+00	9.133910000000000293e-03	1.050325688999999896e+00	4.319679297000000417e+00	-1.265158490000000135e-01	9.540364209999999678e-01	2.431489970000000056e-01
4.403649137000000380e+00	9.501041000000000000e-03	1.070741264000000026e+00	4.403649137000000380e+00	-1.310545310000000019e-01	9.783152499999999696e-01	2.431486320000000034e-01
4.489251258000000355e+00	9.882917999999999217e-03	1.091552891000000081e+00	4.489251258000000355e+00	-1.355439119999999886e-01	1.003254155000000036e+00	2.431480950000000085e-01
4.576517391000000323e+00	1.028008899999999920e-02	1.112768194000000044e+00	4.576517391000000323e+00	-1.399715460000000022e-01	1.028868990999999955e+00	2.431473759999999984e-01
4.665479881999999634e+00	1.069311799999999972e-02	1.134394939999999963e+00	4.665479881999999634e+00	-1.443239859999999875e-01	1.055175696000000052e+00	2.431464650000000061e-01
4.756171707000000026e+00	1.112258500000000080e-02	1.156441048000000027e+00	4.756171707000000026e+00	-1.485867039999999861e-01	1.082190242000000024e+00	2.431453530000000085e-01
4.848626481000000155e+00	1.156908499999999979e-02	1.178914583999999932e+00	4.848626481000000155e+00	-1.527440089999999862e-01	1.109928585000000023e+00	2.431440300000000110e-01
4.942878474999999661e+00	1.203323000000000066e-02	1.201823775000000039e+00	4.942878474999999661e+00	-1.567789639999999929e-01	1.138406586999999970e+00	2.431424889999999894e-01
5.038962624999999917e+00	1.251564800000000074e-02	1.225177004000000069e+00	5.038962624999999917e+00	-1.606732909999999959e-01	1.167639939999999932e+00	2.431407210000000041e-01
5.136914545999999859e+00	1.301698299999999933e-02	1.248982819999999938e+00	5.136914545999999859e+00	-1.644072769999999906e-01	1.197644064999999980e+00	2.431387190000000031e-01
5.236770543999999639e+00	1.353789799999999960e-02	1.273249937000000109e+00	5.236770543999999639e+00	-1.679596730000000038e-01	1.228433995999999917e+00	2.431364759999999903e-01
5.338567634000000339e+00	1.407907100000000029e-02	1.297987243999999984e+00	5.338567634000000339e+00	-1.713075930000000080e-01	1.260024239000000046e+00	2.431339889999999948e-01
5.442343548000000197e+00	1.464120099999999952e-02	1.323203804000000039e+00	5.442343548000000197e+00	-1.744264160000000008e-01	1.292428613000000004e+00	2.431312529999999916e-01
5.548136752999999644e+00	1.522500499999999979e-02	1.348908865000000068e+00	5.548136752999999644e+00	-1.772896840000000029e-01	1.325660059000000057e+00	2.431282650000000101e-01
5.655986461000000354e+00	1.583122000000000001e-02	1.375111857000000049e+00	5.655986461000000354e+00	-1.798690089999999964e-01	1.359730418000000052e+00	2.431250259999999941e-01
5.765932649999999882e+00	1.646060599999999915e-02	1.401822407000000048e+00	5.765932649999999882e+00	-1.821339919999999946e-01	1.394650179999999962e+00	2.431215369999999987e-01
5.878016072000000314e+00	1.711394600000000141e-02	1.429050335999999977e+00	5.878016072000000314e+00	-1.840521519999999966e-01	1.430428186999999962e+00	2.431177999999999950e-01
5.992278274000000238e+00	1.779204900000000075e-02	1.456805670000000053e+00	5.992278274000000238e+00	-1.855888800000000116e-01	1.467071302999999993e+00	2.431138210000000077e-01
6.108761608000000010e+00	1.849575100000000125e-02	1.485098642999999941e+00	6.108761608000000010e+00	-1.867074210000000123e-01	1.504584034000000070e+00	2.431096090000000043e-01
6.227509249999999774e+00	1.922592199999999946e-02	1.513939705000000080e+00	6.227509249999999774e+00	-1.873688950000000075e-01	1.542968104000000062e+00	2.431051720000000083e-01
6.348565215999999900e+00	1.998346299999999992e-02	1.543339526000000017e+00	6.348565215999999900e+00	-1.875323700000000038e-01	1.582221982999999943e+00	2.431005230000000128e-01
6.471974377999999639e+00	2.076931699999999895e-02	1.573309002000000012e+00	6.471974377999999639e+00	-1.871549959999999901e-01	1.622340370000000087e+00	2.430956780000000095e-01
6.597782480000000227e+00	2.158446799999999902e-02	1.603859265999999950e+00	6.597782480000000227e+00	-1.861922229999999900e-01	1.663313626000000101e+00	2.430906549999999888e-01
6.726036152999999906e+00	2.242994900000000111e-02	1.635001683999999900e+00	6.726036152999999906e+00	-1.845981080000000107e-01	1.705127172000000080e+00	2.430854739999999958e-01
6.856782937000000189e+00	2.330684900000000101e-02	1.666747870000000020e+00	6.856782937000000189e+00	-1.823257480000000097e-01	1.747760859000000000e+00	2.430801569999999912e-01
6.990071294999999907e+00	2.421631499999999868e-02	1.699109685000000036e+00	6.990071294999999907e+00	-1.793278419999999873e-01	1.791188320000000056e+00	2.430747289999999894e-01
7.125950633999999617e+00	2.515956600000000126e-02	1.732099242999999955e+00	7.125950633999999617e+00	-1.755574129999999955e-01	1.835376332000000055e+00	2.430692170000000041e-01
7.264471318000000011e+00	2.613789399999999832e-02	1.765728916999999898e+00	7.264471318000000011e+00	-1.709687039999999991e-01	1.880284207000000096e+00	2.430636499999999922e-01
7.405684692000000346e+00	2.715267799999999954e-02	1.800011338000000016e+00	7.405684692000000346e+00	-1.655182769999999914e-01	1.925863257999999911e+00	2.430580579999999935e-01
7.549643099999999940e+00	2.820538800000000138e-02	1.834959396999999992e+00	7.549643099999999940e+00	-1.591663050000000079e-01	1.972056382000000108e+00	2.430524689999999932e-01
7.696399901999999571e+00	2.929759599999999867e-02	1.870586249000000034e+00	7.696399901999999571e+00	-1.518780839999999965e-01	2.018797807999999971e+00	2.430469150000000023e-01
7.846009495999999750e+00	3.043098899999999857e-02	1.906905309999999965e+00	7.846009495999999750e+00	-1.436257439999999996e-01	2.066013090000000219e+00	2.430414230000000064e-01
7.998527336999999626e+00	3.160736799999999680e-02	1.943930252999999997e+00	7.998527336999999626e+00	-1.343901309999999960e-01	2.113619395999999817e+00	2.430360199999999915e-01
8.154009956999999531e+00	3.282866799999999835e-02	1.981675003999999962e+00	8.154009956999999531e+00	-1.241628260000000039e-01	2.161526185000000044e+00	2.430307309999999998e-01
8.312514990000000381e+00	3.409695399999999876e-02	2.020153740000000031e+00	8.312514990000000381e+00	-1.129482200000000020e-01	2.209636333999999813e+00	2.430255759999999932e-01
8.474101187000000479e+00	3.541443799999999947e-02	2.059380877999999804e+00	8.474101187000000479e+00	-1.007655489999999959e-01	2.257847782999999886e+00	2.430205669999999929e-01
8.638828442999999524e+00	3.678347199999999761e-02	2.099371064000000064e+00	8.638828442999999524e+00	-8.765075399999999739e-02	2.306055741999999853e+00	2.430157139999999938e-01
8.806757815999999295e+00	3.820656099999999999e-02	2.140139168000000147e+00	8.806757815999999295e+00	-7.365802100000000407e-02	2.354155470999999888e+00	2.430110159999999964e-01
8.977951553000000473e+00	3.968635300000000060e-02	2.181700267000000082e+00	8.977951553000000473e+00	-5.886080700000000110e-02	2.402045612000000219e+00	2.430064650000000048e-01
9.152473109000000662e+00	4.122563800000000195e-02	2.224069638000000015e+00	9.152473109000000662e+00	-4.335217100000000184e-02	2.449631962999999857e+00	2.430020400000000025e-01
9.330387173000000089e+00	4.282734099999999794e-02	2.267262740000000054e+00	9.330387173000000089e+00	-2.724421900000000007e-02	2.496831572000000055e+00	2.429977130000000041e-01
9.511759690999999961e+00	4.449450700000000258e-02	2.311295207000000129e+00	9.511759690999999961e+00	-1.066652799999999977e-02	2.543576902999999945e+00	2.429934400000000050e-01
9.696657892999999362e+00	4.623028500000000290e-02	2.356182835999999892e+00	9.696657892999999362e+00	6.236570999999999781e-03	2.589819788999999872e+00	2.429891680000000054e-01
9.885150314000000549e+00	4.803790799999999722e-02	2.401941583999999796e+00	9.885150314000000549e+00	2.330984499999999918e-02	2.635534831999999827e+00	2.429848320000000117e-01
1.007730682100000053e+01	4.992066099999999812e-02	2.448587562000000162e+00	1.007730682100000053e+01	4.039205299999999721e-02	2.680721875999999781e+00	2.429803520000000105e-01
1.027319864000000038e+01	5.188185599999999703e-02	2.496137041999999973e+00	1.027319864000000038e+01	5.732165699999999808e-02	2.725407174999999960e+00	2.429756429999999912e-01
1.047289838200000034e+01	5.392479900000000242e-02	2.544606465999999845e+00	1.047289838200000034e+01	7.394299799999999590e-02	2.769642955000000129e+00	2.429706060000000056e-01
1.067648006900000013e+01	5.605275099999999788e-02	2.594012471000000097e+00	1.067648006900000013e+01	9.011246400000000323e-02	2.813505128000000077e+00	2.429651399999999961e-01
1.088401916099999944e+01	5.826889600000000058e-02	2.644371911999999991e+00	1.088401916099999944e+01	1.057040640000000004e-01	2.857089100000000048e+00	2.429591379999999912e-01
1.109559258500000034e+01	6.057630900000000179e-02	2.695701911000000006e+00	1.109559258500000034e+01	1.206138130000000003e-01	2.900503725000000088e+00	2.429524959999999900e-01
1.131127876599999915e+01	6.297792900000000194e-02	2.748019906000000123e+00	1.131127876599999915e+01	1.347622699999999896e-01	2.943863712999999827e+00	2.429451139999999898e-01
1.153115765000000081e+01	6.547654199999999869e-02	2.801343716999999955e+00	1.153115765000000081e+01	1.480946780000000074e-01	2.987280950000000157e+00	2.429369020000000101e-01
1.175531073900000045e+01	6.807477700000000298e-02	2.855691619999999986e+00	1.175531073900000045e+01	1.605782159999999958e-01	3.030855403999999975e+00	2.429277870000000061e-01
1.198382111799999983e+01	7.077511599999999903e-02	2.911082433999999886e+00	1.198382111799999983e+01	1.721960369999999962e-01	3.074666442999999916e+00	2.429177140000000068e-01
1.221677348999999957e+01	7.357993000000000172e-02	2.967535601999999884e+00	1.221677348999999957e+01	1.829379929999999932e-01	3.118765574999999846e+00	2.429066569999999980e-01
1.245425420099999947e+01	7.649153200000000097e-02	3.025071285000000110e+00	1.245425420099999947e+01	1.927881559999999883e-01	3.163171701000000002e+00	2.428946150000000082e-01
1.269635127699999977e+01	7.951226000000000127e-02	3.083710438999999859e+00	1.269635127699999977e+01	2.017096019999999879e-01	3.207870098999999975e+00	2.428816259999999894e-01
1.294315445500000017e+01	8.264458600000000599e-02	3.143474879999999860e+00	1.294315445500000017e+01	2.096272949999999913e-01	3.252816331000000005e+00	2.428677559999999902e-01
1.319475521700000087e+01	8.589124600000000442e-02	3.204387329999999867e+00	1.319475521700000087e+01	2.164103950000000054e-01	3.297946215000000070e+00	2.428531090000000114e-01
1.345124682199999988e+01	8.925539400000000179e-02	3.266471425999999845e+00	1.345124682199999988e+01	2.218558379999999997e-01	3.343192712000000011e+00	2.428378180000000108e-01
1.371272434399999973e+01	9.274076700000000173e-02	3.329751690999999791e+00	1.371272434399999973e+01	2.256755659999999941e-01	3.388510061999999934e+00	2.428220389999999895e-01
1.397928470299999937e+01	9.635185100000000225e-02	3.394253453000000142e+00	1.397928470299999937e+01	2.274902329999999862e-01	3.433904721999999854e+00	2.428059459999999947e-01
1.425102670300000085e+01	1.000940359999999973e-01	3.460002718999999782e+00	1.425102670300000085e+01	2.268322829999999957e-01	3.479471514000000099e+00	2.427897159999999888e-01
1.452805107100000015e+01	1.039737389999999956e-01	3.527025987000000029e+00	1.452805107100000015e+01	2.231609730000000125e-01	3.525432125000000028e+00	2.427735119999999969e-01
1.481046048900000045e+01	1.079984809999999934e-01	3.595350009000000124e+00	1.481046048900000045e+01	2.158908599999999900e-01	3.572171904000000175e+00	2.427574759999999998e-01
1.509835963699999972e+01	1.121768880000000024e-01	3.665001530000000063e+00	1.509835963699999972e+01	2.044336360000000019e-01	3.620270145000000106e+00	2.427417030000000031e-01
1.539185523000000089e+01	1.165186150000000059e-01	3.736006988999999834e+00	1.539185523000000089e+01	1.882511219999999930e-01	3.670519137999999959e+00	2.427262299999999873e-01
1.569105605600000075e+01	1.210341610000000012e-01	3.808392244000000204e+00	1.569105605600000075e+01	1.669152969999999903e-01	3.723928512000000079e+00	2.427110219999999985e-01
1.599607301900000067e+01	1.257345830000000109e-01	3.882182337999999788e+00	1.599607301900000067e+01	1.401700700000000077e-01	3.781713560000000030e+00	2.426959629999999868e-01
1.630701917700000081e+01	1.306311099999999947e-01	3.957401339000000018e+00	1.630701917700000081e+01	1.079897290000000065e-01	3.845268991999999830e+00	2.426808540000000014e-01
1.662400978899999870e+01	1.357346829999999949e-01	4.034072315999999603e+00	1.662400978899999870e+01	7.063083700000000187e-02	3.916131929000000067e+00	2.426654199999999928e-01
1.694716235199999943e+01	1.410554460000000010e-01	4.112217468999999959e+00	1.694716235199999943e+01	2.867761400000000058e-02	3.995939015999999899e+00	2.426493230000000001e-01
1.727659664700000164e+01	1.466022590000000125e-01	4.191858446000000349e+00	1.727659664700000164e+01	-1.691526800000000066e-02	4.086381584999999816e+00	2.426321879999999986e-01
1.761243478400000129e+01	1.523822940000000015e-01	4.273016859000000167e+00	1.761243478400000129e+01	-6.477491200000000393e-02	4.189159377000000184e+00	2.426136369999999931e-01
1.795480124699999891e+01	1.584007940000000114e-01	4.355714980000000125e+00	1.795480124699999891e+01	-1.130476630000000066e-01	4.305927467000000064e+00	2.425933279999999970e-01
1.830382293899999979e+01	1.646610709999999922e-01	4.439976562000000015e+00	1.830382293899999979e+01	-1.593122090000000102e-01	4.438222587000000274e+00	2.425709960000000109e-01
1.865962923200000034e+01	1.711648239999999932e-01	4.525827706000000283e+00	1.865962923200000034e+01	-2.004629629999999940e-01	4.587344091000000290e+00	2.425464969999999998e-01
1.902235200899999867e+01	1.779127889999999879e-01	4.613297656000000302e+00	1.902235200899999867e+01	-2.325694889999999904e-01	4.754151330000000009e+00	2.425198339999999897e-01
1.939212572099999932e+01	1.849057410000000123e-01	4.702419371999999598e+00	1.939212572099999932e+01	-2.507411500000000237e-01	4.938725064999999859e+00	2.424911760000000027e-01
1.976908742799999885e+01	1.921457550000000014e-01	4.793229732000000354e+00	1.976908742799999885e+01	-2.490699929999999895e-01	5.139832794000000149e+00	2.424608500000000055e-01
2.015337685900000153e+01	1.996376049999999958e-01	4.885769237999999959e+00	2.015337685900000153e+01	-2.207974669999999973e-01	5.354155482000000355e+00	2.424293100000000090e-01
2.054513645600000160e+01	2.073900780000000055e-01	4.980081135999999908e+00	2.054513645600000160e+01	-1.589471660000000008e-01	5.575316042999999944e+00	2.423970820000000137e-01
2.094451143199999876e+01	2.154169720000000121e-01	5.076209957999999745e+00	2.094451143199999876e+01	-5.773664800000000152e-02	5.792956206000000385e+00	2.423646869999999953e-01
2.135164981899999859e+01	2.237374880000000121e-01	5.174199596000000234e+00	2.135164981899999859e+01	8.501753500000000519e-02	5.992467246000000358e+00	2.423325430000000114e-01
2.176670253200000005e+01	2.323757989999999940e-01	5.274091162999999582e+00	2.176670253200000005e+01	2.647924070000000074e-01	6.156347368999999681e+00	2.423008789999999968e-01
2.218982341499999933e+01	2.413596470000000105e-01	5.375920996999999701e+00	2.218982341499999933e+01	4.678466869999999833e-01	6.268036964000000211e+00	2.422696609999999973e-01
2.262116930499999867e+01	2.507180199999999859e-01	5.479719267000000116e+00	2.262116930499999867e+01	6.715232920000000494e-01	6.317810369000000037e+00	2.422385509999999964e-01
2.306090008700000027e+01	2.604781310000000016e-01	5.585509626000000338e+00	2.306090008700000027e+01	8.489811059999999854e-01	6.308105752000000344e+00	2.422069219999999912e-01
2.350917875500000065e+01	2.706622100000000142e-01	5.693310289000000246e+00	2.350917875500000065e+01	9.771065220000000329e-01	6.254636826999999677e+00	2.421739330000000079e-01
2.396617146899999895e+01	2.812847549999999974e-01	5.803136655000000310e+00	2.396617146899999895e+01	1.043412401000000100e+00	6.181882225999999925e+00	2.421386600000000056e-01
2.443204762199999891e+01	2.923510619999999949e-01	5.915005287999999695e+00	2.443204762199999891e+01	1.048183929999999986e+00	6.115585590000000238e+00	2.421002680000000074e-01
2.490697989699999937e+01	3.038577080000000041e-01	6.028938650999999815e+00	2.490697989699999937e+01	1.001778268000000027e+00	6.076536896000000354e+00	2.420581970000000027e-01
2.539114433700000006e+01	3.157954219999999923e-01	6.144969578999999626e+00	2.539114433700000006e+01	9.198997159999999784e-01	6.077896943999999912e+00	2.420123130000000067e-01
2.588472040299999932e+01	3.281542279999999923e-01	6.263144259999999797e+00	2.588472040299999932e+01	8.195984280000000455e-01	6.125483799999999590e+00	2.419629869999999905e-01
2.638789104800000018e+01	3.409300860000000211e-01	6.383522514000000037e+00	2.638789104800000018e+01	7.170043120000000325e-01	6.219243645999999792e+00	2.419110529999999870e-01
2.690084278000000140e+01	3.541315500000000172e-01	6.506174536999999702e+00	2.690084278000000140e+01	6.263747179999999970e-01	6.354517363000000252e+00	2.418576470000000089e-01
2.742376573299999976e+01	3.677845390000000214e-01	6.631174148999999574e+00	2.742376573299999976e+01	5.594975960000000414e-01	6.522612138000000392e+00	2.418039230000000039e-01
2.795685373499999926e+01	3.819332570000000260e-01	6.758589617000000160e+00	2.795685373499999926e+01	5.245759840000000507e-01	6.711000147000000027e+00	2.417507230000000007e-01
2.850030438499999974e+01	3.966359649999999792e-01	6.888474278000000339e+00	2.850030438499999974e+01	5.242284440000000156e-01	6.904097768999999829e+00	2.416982699999999928e-01
2.905431912099999892e+01	4.119555999999999774e-01	7.020859939000000161e+00	2.905431912099999892e+01	5.532406029999999975e-01	7.085821271000000365e+00	2.416459980000000007e-01
2.961910329799999886e+01	4.279469949999999967e-01	7.155756000000000228e+00	2.961910329799999886e+01	5.979475929999999995e-01	7.244344090000000236e+00	2.415925939999999938e-01
3.019486626100000137e+01	4.446442219999999779e-01	7.293156145000000201e+00	3.019486626100000137e+01	6.393666230000000228e-01	7.377404247000000304e+00	2.415362960000000114e-01
3.078182142600000049e+01	4.620526660000000008e-01	7.433052247000000001e+00	3.078182142600000049e+01	6.600550090000000258e-01	7.494674497000000102e+00	2.414753870000000135e-01
3.138018635699999948e+01	4.801500659999999865e-01	7.575452229999999787e+00	3.138018635699999948e+01	6.513668019999999670e-01	7.614806693000000237e+00	2.414087709999999942e-01
3.199018284799999989e+01	4.988985539999999941e-01	7.720396049999999732e+00	3.199018284799999989e+01	6.170683780000000285e-01	7.758525127999999604e+00	2.413364149999999986e-01
3.261203700299999753e+01	5.182658369999999515e-01	7.867962868000000221e+00	3.261203700299999753e+01	5.721600890000000383e-01	7.941459429000000014e+00	2.412594730000000021e-01
3.324597932300000025e+01	5.382491640000000022e-01	8.018264064000000246e+00	3.324597932300000025e+01	5.385615230000000420e-01	8.169121761999999620e+00	2.411799629999999972e-01
3.389224478799999929e+01	5.588925359999999953e-01	8.171421322000000487e+00	3.389224478799999929e+01	5.391948970000000063e-01	8.434241275999999843e+00	2.411000329999999914e-01
3.455107294599999790e+01	5.802877050000000425e-01	8.327535577000000799e+00	3.455107294599999790e+01	5.904848000000000319e-01	8.716768128000000004e+00	2.410210409999999914e-01
3.522270800300000104e+01	6.025542230000000554e-01	8.486658677999999512e+00	3.522270800300000104e+01	6.939344360000000433e-01	8.988971762000000254e+00	2.409428220000000009e-01
3.590739891100000136e+01	6.258025010000000110e-01	8.648782002000000801e+00	3.590739891100000136e+01	8.317838180000000081e-01	9.227982671999999553e+00	2.408635060000000050e-01
3.660539946000000100e+01	6.500936170000000125e-01	8.813852137999999670e+00	3.660539946000000100e+01	9.748832299999999895e-01	9.431211748999999145e+00	2.407801109999999911e-01
3.731696837700000202e+01	6.754156089999999724e-01	8.981812830999999164e+00	3.731696837700000202e+01	1.103503912000000087e+00	9.621312729999999647e+00	2.406897779999999931e-01
3.804236941500000313e+01	7.016932820000000293e-01	9.152657901999999623e+00	3.804236941500000313e+01	1.227642479000000009e+00	9.831410610000000716e+00	2.405911629999999968e-01
3.878187145599999752e+01	7.288350839999999664e-01	9.326468859000000222e+00	3.878187145599999752e+01	1.391157940999999898e+00	1.007644406000000004e+01	2.404852710000000005e-01
3.953574860700000215e+01	7.568000969999999494e-01	9.503411636999999246e+00	3.953574860700000215e+01	1.652747232999999927e+00	1.032306363300000029e+01	2.403751530000000081e-01
4.030428030600000255e+01	7.856508279999999678e-01	9.683683609999999220e+00	4.030428030600000255e+01	2.037789926999999945e+00	1.047421122399999938e+01	2.402643969999999907e-01
4.108775141899999994e+01	8.155557860000000048e-01	9.867430278000000499e+00	4.108775141899999994e+01	2.469455745999999952e+00	1.040773045399999930e+01	2.401550329999999900e-01
4.188645235399999933e+01	8.467271499999999840e-01	1.005467642800000050e+01	4.188645235399999933e+01	2.759683233000000069e+00	1.009539591699999939e+01	2.400460259999999957e-01
4.270067916200000013e+01	8.793174070000000508e-01	1.024532062199999949e+01	4.270067916200000013e+01	2.745061433000000051e+00	9.683561533000000665e+00	2.399334350000000005e-01
4.353073364699999814e+01	9.133344410000000524e-01	1.043921333399999973e+01	4.353073364699999814e+01	2.425190590000000146e+00	9.390101623999999703e+00	2.398124829999999930e-01
4.437692348400000242e+01	9.486396990000000029e-01	1.063628563099999980e+01	4.437692348400000242e+01	1.925817743000000082e+00	9.358795477999999335e+00	2.396805549999999896e-01
4.523956232500000141e+01	9.850526050000000255e-01	1.083664764100000077e+01	4.523956232500000141e+01	1.399090597000000047e+00	9.641674696000000822e+00	2.395391799999999904e-01
4.611896992199999801e+01	1.022509866000000045e+00	1.104057436699999961e+01	4.611896992199999801e+01	1.001607238999999927e+00	1.024221114400000054e+01	2.393933430000000084e-01
4.701547224000000114e+01	1.061169094000000035e+00	1.124836085299999944e+01	4.701547224000000114e+01	9.343645870000000242e-01	1.110185395000000064e+01	2.392480670000000087e-01
4.792940158300000064e+01	1.101358606000000018e+00	1.146013048400000045e+01	4.792940158300000064e+01	1.423761400999999926e+00	1.196850801100000083e+01	2.391043929999999984e-01
4.886109671199999838e+01	1.143376192000000069e+00	1.167574490400000009e+01	4.886109671199999838e+01	2.410642925999999964e+00	1.230500051099999936e+01	2.389578970000000024e-01
4.981090297499999764e+01	1.187272649999999929e+00	1.189491955199999929e+01	4.981090297499999764e+01	3.217916577000000000e+00	1.182638711399999920e+01	2.388015239999999872e-01
5.077917243200000286e+01	1.232810616000000081e+00	1.211749368599999954e+01	5.077917243200000286e+01	3.282943958999999801e+00	1.107399691700000055e+01	2.386311769999999999e-01
5.176626398799999862e+01	1.279681905999999980e+00	1.234364300400000047e+01	5.176626398799999862e+01	2.804424871000000152e+00	1.066149066400000045e+01	2.384495630000000033e-01
5.277254352500000323e+01	1.327839506999999974e+00	1.257381517600000009e+01	5.277254352500000323e+01	2.212696708999999817e+00	1.073322953899999987e+01	2.382643389999999917e-01
5.379838403400000146e+01	1.377642017999999968e+00	1.280838288100000000e+01	5.379838403400000146e+01	1.819085795999999977e+00	1.116851871899999971e+01	2.380811820000000023e-01
5.484416576099999929e+01	1.429615032999999924e+00	1.304730134799999952e+01	5.484416576099999929e+01	1.799791869000000100e+00	1.169835117999999952e+01	2.378977080000000133e-01
5.591027634099999943e+01	1.483988445000000045e+00	1.329013612900000041e+01	5.591027634099999943e+01	2.061272311000000190e+00	1.195251469199999939e+01	2.377047120000000124e-01
5.699711094300000269e+01	1.540463898000000054e+00	1.353652247600000003e+01	5.699711094300000269e+01	2.171711431999999942e+00	1.181400340799999960e+01	2.374948879999999873e-01
5.810507242199999922e+01	1.598535070999999919e+00	1.378663917699999963e+01	5.810507242199999922e+01	1.840542474000000039e+00	1.163539034899999969e+01	2.372708370000000122e-01
5.923457145900000143e+01	1.658118866999999996e+00	1.404114041100000065e+01	5.923457145900000143e+01	1.214494543000000037e+00	1.178946209599999939e+01	2.370429980000000048e-01
6.038602672199999688e+01	1.719802489000000101e+00	1.430049655400000042e+01	6.038602672199999688e+01	6.070926979999999862e-01	1.238634015000000055e+01	2.368179749999999861e-01
6.155986501499999974e+01	1.784302186999999984e+00	1.456443240399999972e+01	6.155986501499999974e+01	3.129817679999999935e-01	1.331605423899999963e+01	2.365897389999999934e-01
6.275652144000000021e+01	1.851649230000000035e+00	1.483221785099999934e+01	6.275652144000000021e+01	4.776642409999999894e-01	1.425796387900000006e+01	2.363454429999999884e-01
6.397643955699999907e+01	1.921134134999999965e+00	1.510362408199999962e+01	6.397643955699999907e+01	8.817263640000000402e-01	1.489856551299999943e+01	2.360810349999999946e-01
6.522007154800000706e+01	1.992268302999999907e+00	1.537937187100000003e+01	6.522007154800000706e+01	1.193120041000000020e+00	1.535197456999999943e+01	2.358073440000000021e-01
6.648787838399999828e+01	2.065618881999999878e+00	1.566030604100000012e+01	6.648787838399999828e+01	1.510040811999999955e+00	1.590617282300000035e+01	2.355362569999999989e-01
6.778032999799999914e+01	2.142246504000000051e+00	1.594622555399999975e+01	6.778032999799999914e+01	2.164438737999999862e+00	1.641039485199999959e+01	2.352633209999999975e-01
6.909790545699999598e+01	2.222284838999999845e+00	1.623608338200000034e+01	6.909790545699999598e+01	2.982454967999999873e+00	1.635609127200000046e+01	2.349721499999999907e-01
7.044109314199999972e+01	2.304713587000000174e+00	1.652955532800000071e+01	7.044109314199999972e+01	3.274131839999999904e+00	1.584123577799999971e+01	2.346578480000000022e-01
7.181039092499999299e+01	2.388970036999999991e+00	1.682772450599999914e+01	7.181039092499999299e+01	2.970624276000000119e+00	1.557720972199999920e+01	2.343355089999999974e-01
7.320630635999999924e+01	2.476093572999999992e+00	1.713152494899999922e+01	7.320630635999999924e+01	2.636065367000000048e+00	1.581854162600000002e+01	2.340170649999999963e-01
7.462935686299999816e+01	2.567306067000000080e+00	1.744015435000000025e+01	7.462935686299999816e+01	2.651944220999999935e+00	1.618362030600000168e+01	2.336902670000000071e-01
7.608006991099999539e+01	2.662010098000000102e+00	1.775229797800000142e+01	7.608006991099999539e+01	2.738655083999999906e+00	1.623198086400000051e+01	2.333370359999999977e-01
7.755898323399999583e+01	2.758783923000000193e+00	1.806851393299999842e+01	7.755898323399999583e+01	2.429421752000000101e+00	1.621532366499999966e+01	2.329648119999999933e-01
7.906664501299999870e+01	2.858123146000000059e+00	1.839047574099999949e+01	7.906664501299999870e+01	1.928942136000000085e+00	1.662274080899999973e+01	2.325946140000000051e-01
8.060361408900000413e+01	2.961906708999999971e+00	1.871789164899999847e+01	8.060361408900000413e+01	1.756874424999999906e+00	1.735025870300000150e+01	2.322214940000000005e-01
8.217046016099999406e+01	3.069980496999999975e+00	1.904885357699999915e+01	8.217046016099999406e+01	1.891423556999999978e+00	1.783963296099999951e+01	2.318211870000000119e-01
8.376776400699999670e+01	3.180387887000000191e+00	1.938360032900000007e+01	8.376776400699999670e+01	1.732568660000000094e+00	1.811429979300000070e+01	2.313968929999999924e-01
8.539611769200000424e+01	3.293500231999999972e+00	1.972430782800000060e+01	8.539611769200000424e+01	1.331134876999999994e+00	1.881950976999999980e+01	2.309742919999999977e-01
8.705612479100000201e+01	3.411698007000000032e+00	2.007056932300000085e+01	8.705612479100000201e+01	1.404127609999999970e+00	1.994706557399999980e+01	2.305474700000000043e-01
8.874840061199999752e+01	3.534447686000000033e+00	2.041999146499999895e+01	8.874840061199999752e+01	2.003937183000000122e+00	2.069154231899999985e+01	2.300885569999999991e-01
9.047357242299999314e+01	3.659390453999999959e+00	2.077350779300000028e+01	9.047357242299999314e+01	2.308202865000000159e+00	2.107266681400000152e+01	2.296085720000000108e-01
9.223227968800000554e+01	3.787974601000000163e+00	2.113353630199999955e+01	9.223227968800000554e+01	2.565312431000000171e+00	2.182916739099999859e+01	2.291338390000000058e-01
9.402517429700000662e+01	3.922569526000000195e+00	2.149819316499999999e+01	9.402517429700000662e+01	3.455602030000000102e+00	2.238767860200000115e+01	2.286429490000000120e-01
9.585292081599999392e+01	4.060821865000000308e+00	2.186551370800000171e+01	9.585292081599999392e+01	4.030812591000000111e+00	2.211457601600000089e+01	2.281152569999999880e-01
9.771619672699999626e+01	4.201450288000000199e+00	2.223848360399999891e+01	9.771619672699999626e+01	3.841354808000000176e+00	2.218401569999999978e+01	2.275823700000000060e-01
9.961569268399999544e+01	4.347999042999999730e+00	2.261758554400000065e+01	9.961569268399999544e+01	4.058282564999999842e+00	2.278168410600000016e+01	2.270484190000000013e-01
1.015521127629999967e+02	4.499927414000000070e+00	2.299914908599999919e+01	1.015521127629999967e+02	4.526336963000000324e+00	2.278180730900000128e+01	2.264763230000000072e-01
1.035261747309999976e+02	4.653944330999999934e+00	2.338508835400000052e+01	1.035261747309999976e+02	4.252207709000000335e+00	2.278623893800000033e+01	2.258857569999999926e-01
1.055386103040000023e+02	4.813389167000000413e+00	2.377786900999999986e+01	1.055386103040000023e+02	4.177507681999999889e+00	2.347631517499999987e+01	2.253001910000000108e-01
1.075901654219999983e+02	4.979315650000000204e+00	2.417322533700000164e+01	1.075901654219999983e+02	4.536022571000000170e+00	2.371138020500000110e+01	2.246787640000000030e-01
1.096816005270000005e+02	5.147373488000000386e+00	2.457219422100000017e+01	1.096816005270000005e+02	4.135616565000000300e+00	2.389346556399999955e+01	2.240320540000000082e-01
1.118136908430000034e+02	5.320897637999999930e+00	2.497823170799999914e+01	1.118136908430000034e+02	3.993618339999999822e+00	2.501133634600000022e+01	2.233915320000000038e-01
1.139872266619999976e+02	5.501323422999999657e+00	2.538643156999999917e+01	1.139872266619999976e+02	4.680270224000000034e+00	2.562600552399999998e+01	2.227129509999999923e-01
1.162030136390000052e+02	5.683694621999999974e+00	2.579836020000000119e+01	1.162030136390000052e+02	4.667667005000000202e+00	2.595290356900000006e+01	2.220111110000000110e-01
1.184618730899999974e+02	5.872558510000000176e+00	2.621718666199999959e+01	1.184618730899999974e+02	5.100090400000000024e+00	2.699325294699999844e+01	2.213132879999999969e-01
1.207646422979999983e+02	6.067694924000000434e+00	2.663705014399999982e+01	1.207646422979999983e+02	5.953158625000000370e+00	2.702542471499999976e+01	2.205699419999999911e-01
