1.000000000000000000e+00	1.144112100000000028e-02	1.848411490000000101e-01	1.000000000000000000e+00	1.262343600000000003e-02	1.908367149999999901e-01	1.848411490000000101e-01
1.019438905999999978e+00	1.147874100000000064e-02	1.884312860000000034e-01	1.019438905999999978e+00	1.278014599999999917e-02	1.945105249999999897e-01	1.848382319999999912e-01
1.039255682999999930e+00	1.151780999999999985e-02	1.920910359999999928e-01	1.039255682999999930e+00	1.294252800000000002e-02	1.982536689999999935e-01	1.848352040000000029e-01
1.059457676000000070e+00	1.155838200000000072e-02	1.958217439999999920e-01	1.059457676000000070e+00	1.311076700000000060e-02	2.020673769999999925e-01	1.848320589999999930e-01
1.080052374999999953e+00	1.160051399999999927e-02	1.996247780000000027e-01	1.080052374999999953e+00	1.328505299999999979e-02	2.059528959999999964e-01	1.848287939999999907e-01
1.101047410999999920e+00	1.164426300000000018e-02	2.035015320000000127e-01	1.101047410999999920e+00	1.346557699999999941e-02	2.099114910000000056e-01	1.848254039999999987e-01
1.122450568000000093e+00	1.168969199999999979e-02	2.074534279999999953e-01	1.122450568000000093e+00	1.365253699999999931e-02	2.139444420000000124e-01	1.848218839999999918e-01
1.144269779000000042e+00	1.173686200000000068e-02	2.114819139999999931e-01	1.144269779000000042e+00	1.384613399999999953e-02	2.180530489999999988e-01	1.848182290000000005e-01
1.166513131999999953e+00	1.178583899999999934e-02	2.155884650000000069e-01	1.166513131999999953e+00	1.404657299999999970e-02	2.222386279999999936e-01	1.848144339999999997e-01
1.189188871000000036e+00	1.183669000000000041e-02	2.197745839999999951e-01	1.189188871000000036e+00	1.425406000000000069e-02	2.265025119999999892e-01	1.848104949999999913e-01
1.212305401000000060e+00	1.188948499999999998e-02	2.240418040000000111e-01	1.212305401000000060e+00	1.446880899999999914e-02	2.308460539999999950e-01	1.848064060000000064e-01
1.235871291999999899e+00	1.194429600000000008e-02	2.283916850000000109e-01	1.235871291999999899e+00	1.469103400000000038e-02	2.352706210000000131e-01	1.848021609999999926e-01
1.259895277999999896e+00	1.200119799999999938e-02	2.328258179999999899e-01	1.259895277999999896e+00	1.492095300000000069e-02	2.397775980000000084e-01	1.847977550000000080e-01
1.284386264000000111e+00	1.206026699999999952e-02	2.373458230000000113e-01	1.284386264000000111e+00	1.515878600000000048e-02	2.443683869999999925e-01	1.847931810000000008e-01
1.309353326999999956e+00	1.212158399999999948e-02	2.419533510000000109e-01	1.309353326999999956e+00	1.540475499999999914e-02	2.490444089999999944e-01	1.847884340000000014e-01
1.334805723999999971e+00	1.218523200000000070e-02	2.466500829999999922e-01	1.334805723999999971e+00	1.565908599999999914e-02	2.538070969999999815e-01	1.847835070000000135e-01
1.360752885999999995e+00	1.225129500000000059e-02	2.514377340000000238e-01	1.360752885999999995e+00	1.592200300000000054e-02	2.586579050000000213e-01	1.847783950000000119e-01
1.387204434000000042e+00	1.231986199999999913e-02	2.563180480000000205e-01	1.387204434000000042e+00	1.619373299999999835e-02	2.635983029999999783e-01	1.847730890000000015e-01
1.414170170000000004e+00	1.239102400000000048e-02	2.612928050000000169e-01	1.414170170000000004e+00	1.647450199999999851e-02	2.686297730000000161e-01	1.847675830000000130e-01
1.441660090999999921e+00	1.246487599999999973e-02	2.663638150000000038e-01	1.441660090999999921e+00	1.676453799999999897e-02	2.737538190000000093e-01	1.847618709999999942e-01
1.469684385999999954e+00	1.254151499999999961e-02	2.715329260000000078e-01	1.469684385999999954e+00	1.706406599999999926e-02	2.789719569999999926e-01	1.847559440000000053e-01
1.498253443000000074e+00	1.262104099999999951e-02	2.768020159999999841e-01	1.498253443000000074e+00	1.737330700000000103e-02	2.842857200000000195e-01	1.847497949999999944e-01
1.527377849999999926e+00	1.270355800000000021e-02	2.821730009999999789e-01	1.527377849999999926e+00	1.769248299999999843e-02	2.896966559999999968e-01	1.847434159999999936e-01
1.557068405000000100e+00	1.278917299999999917e-02	2.876478330000000194e-01	1.557068405000000100e+00	1.802181099999999869e-02	2.952063289999999895e-01	1.847367990000000071e-01
1.587336110999999939e+00	1.287799700000000040e-02	2.932284980000000041e-01	1.587336110999999939e+00	1.836150199999999830e-02	3.008163169999999997e-01	1.847299360000000112e-01
1.618192188000000087e+00	1.297014299999999995e-02	2.989170210000000050e-01	1.618192188000000087e+00	1.871176000000000089e-02	3.065282140000000211e-01	1.847228180000000108e-01
1.649648073999999909e+00	1.306572899999999988e-02	3.047154639999999914e-01	1.649648073999999909e+00	1.907278499999999835e-02	3.123436279999999843e-01	1.847154370000000101e-01
1.681715427999999957e+00	1.316487700000000018e-02	3.106259270000000239e-01	1.681715427999999957e+00	1.944476599999999875e-02	3.182641809999999793e-01	1.847077819999999870e-01
1.714406136000000025e+00	1.326771000000000027e-02	3.166505490000000034e-01	1.714406136000000025e+00	1.982788099999999859e-02	3.242915120000000040e-01	1.846998460000000009e-01
1.747732314999999925e+00	1.337435799999999939e-02	3.227915089999999765e-01	1.747732314999999925e+00	2.022229600000000072e-02	3.304272719999999941e-01	1.846916180000000018e-01
1.781706320000000066e+00	1.348495299999999918e-02	3.290510269999999959e-01	1.781706320000000066e+00	2.062816500000000039e-02	3.366731259999999892e-01	1.846830889999999947e-01
1.816340741000000092e+00	1.359962999999999970e-02	3.354313609999999835e-01	1.816340741000000092e+00	2.104562299999999941e-02	3.430307550000000205e-01	1.846742480000000131e-01
1.851648417999999907e+00	1.371853100000000082e-02	3.419348130000000041e-01	1.851648417999999907e+00	2.147478900000000107e-02	3.495018540000000007e-01	1.846650860000000061e-01
1.887642437000000006e+00	1.384179800000000064e-02	3.485637289999999888e-01	1.887642437000000006e+00	2.191576099999999888e-02	3.560881300000000027e-01	1.846555910000000078e-01
1.924336140999999945e+00	1.396957899999999933e-02	3.553204950000000140e-01	1.924336140999999945e+00	2.236861199999999952e-02	3.627913070000000073e-01	1.846457519999999963e-01
1.961743129999999891e+00	1.410202699999999962e-02	3.622075419999999935e-01	1.961743129999999891e+00	2.283339100000000149e-02	3.696131240000000151e-01	1.846355600000000041e-01
1.999877270999999901e+00	1.423929799999999919e-02	3.692273449999999846e-01	1.999877270999999901e+00	2.331011800000000120e-02	3.765553349999999910e-01	1.846250020000000103e-01
2.038752697000000058e+00	1.438155200000000057e-02	3.763824270000000194e-01	2.038752697000000058e+00	2.379877899999999907e-02	3.836197089999999754e-01	1.846140669999999928e-01
2.078383818999999910e+00	1.452895199999999949e-02	3.836753549999999957e-01	2.078383818999999910e+00	2.429932599999999956e-02	3.908080320000000274e-01	1.846027430000000136e-01
2.118785325999999802e+00	1.468166599999999947e-02	3.911087420000000092e-01	2.118785325999999802e+00	2.481167000000000095e-02	3.981221110000000007e-01	1.845910189999999951e-01
2.159972194999999928e+00	1.483986800000000085e-02	3.986852519999999900e-01	2.159972194999999928e+00	2.533568200000000173e-02	4.055637659999999922e-01	1.845788819999999997e-01
2.201959690999999886e+00	1.500373200000000053e-02	4.064075950000000104e-01	2.201959690999999886e+00	2.587118100000000004e-02	4.131348420000000021e-01	1.845663190000000065e-01
2.244763378000000031e+00	1.517343900000000037e-02	4.142785310000000054e-01	2.244763378000000031e+00	2.641793699999999898e-02	4.208372040000000203e-01	1.845533189999999935e-01
2.288399123000000035e+00	1.534917400000000015e-02	4.223008719999999938e-01	2.288399123000000035e+00	2.697566200000000095e-02	4.286727410000000238e-01	1.845398679999999958e-01
2.332883097999999933e+00	1.553112300000000084e-02	4.304774789999999962e-01	2.332883097999999933e+00	2.754400699999999882e-02	4.366433690000000034e-01	1.845259539999999920e-01
2.378231792999999872e+00	1.571947900000000148e-02	4.388112679999999766e-01	2.378231792999999872e+00	2.812255400000000100e-02	4.447510330000000178e-01	1.845115639999999890e-01
2.424462017000000191e+00	1.591443700000000003e-02	4.473052060000000107e-01	2.424462017000000191e+00	2.871081500000000064e-02	4.529977099999999979e-01	1.844966849999999936e-01
2.471590905999999865e+00	1.611619599999999930e-02	4.559623139999999797e-01	2.471590905999999865e+00	2.930822199999999836e-02	4.613854130000000220e-01	1.844813040000000126e-01
2.519635929000000107e+00	1.632495700000000105e-02	4.647856710000000113e-01	2.519635929000000107e+00	2.991412099999999838e-02	4.699161969999999799e-01	1.844654089999999969e-01
2.568614895000000065e+00	1.654092700000000041e-02	4.737784099999999832e-01	2.568614895000000065e+00	3.052776899999999974e-02	4.785921610000000159e-01	1.844489850000000097e-01
2.618545957999999896e+00	1.676431499999999838e-02	4.829437209999999925e-01	2.618545957999999896e+00	3.114832500000000101e-02	4.874154540000000257e-01	1.844320200000000021e-01
2.669447626999999823e+00	1.699533099999999894e-02	4.922848550000000212e-01	2.669447626999999823e+00	3.177484199999999759e-02	4.963882849999999847e-01	1.844145020000000079e-01
2.721338767999999853e+00	1.723418900000000045e-02	5.018051199999999934e-01	2.721338767999999853e+00	3.240626399999999713e-02	5.055129259999999736e-01	1.843964180000000064e-01
2.774238616999999962e+00	1.748110699999999920e-02	5.115078880000000217e-01	2.774238616999999962e+00	3.304141399999999812e-02	5.147917220000000071e-01	1.843777550000000043e-01
2.828166780000000102e+00	1.773630299999999840e-02	5.213965900000000486e-01	2.828166780000000102e+00	3.367899299999999735e-02	5.242270989999999742e-01	1.843585010000000080e-01
2.883143248000000103e+00	1.799999799999999969e-02	5.314747220000000105e-01	2.883143248000000103e+00	3.431756600000000074e-02	5.338215769999999916e-01	1.843386459999999949e-01
2.939188398999999841e+00	1.827241300000000124e-02	5.417458469999999471e-01	2.939188398999999841e+00	3.495555999999999663e-02	5.435777760000000125e-01	1.843181769999999997e-01
2.996323004999999817e+00	1.855377299999999910e-02	5.522135919999999754e-01	2.996323004999999817e+00	3.559125500000000220e-02	5.534984360000000381e-01	1.842970839999999999e-01
3.054568247000000181e+00	1.884430000000000133e-02	5.628816530000000373e-01	3.054568247000000181e+00	3.622277899999999662e-02	5.635864219999999758e-01	1.842753570000000007e-01
3.113945710999999950e+00	1.914422099999999946e-02	5.737537950000000109e-01	3.113945710999999950e+00	3.684809900000000221e-02	5.738447479999999601e-01	1.842529860000000075e-01
3.174477409000000083e+00	1.945375900000000102e-02	5.848338570000000125e-01	3.174477409000000083e+00	3.746501900000000218e-02	5.842765869999999584e-01	1.842299629999999966e-01
3.236185777000000208e+00	1.977313799999999913e-02	5.961257479999999553e-01	3.236185777000000208e+00	3.807117200000000035e-02	5.948852930000000372e-01	1.842062819999999990e-01
3.299093688000000135e+00	2.010258300000000026e-02	6.076334559999999607e-01	3.299093688000000135e+00	3.866401700000000191e-02	6.056744189999999639e-01	1.841819339999999916e-01
3.363224460000000082e+00	2.044231599999999857e-02	6.193610429999999445e-01	3.363224460000000082e+00	3.924083700000000063e-02	6.166477390000000280e-01	1.841569160000000038e-01
3.428601863999999999e+00	2.079255799999999918e-02	6.313126519999999742e-01	3.428601863999999999e+00	3.979873600000000122e-02	6.278092730000000010e-01	1.841312220000000111e-01
3.495250132999999870e+00	2.115352699999999836e-02	6.434925089999999903e-01	3.495250132999999870e+00	4.033463799999999905e-02	6.391633089999999573e-01	1.841048520000000133e-01
3.563193971000000015e+00	2.152543900000000038e-02	6.559049240000000003e-01	3.563193971000000015e+00	4.084529099999999885e-02	6.507144320000000093e-01	1.840778050000000110e-01
3.632458563999999779e+00	2.190850800000000015e-02	6.685542930000000217e-01	3.632458563999999779e+00	4.132726899999999981e-02	6.624675509999999878e-01	1.840500810000000043e-01
3.703069584000000081e+00	2.230294500000000110e-02	6.814451030000000520e-01	3.703069584000000081e+00	4.177697899999999881e-02	6.744279309999999805e-01	1.840216849999999904e-01
3.775053204999999856e+00	2.270895499999999942e-02	6.945819340000000119e-01	3.775053204999999856e+00	4.219066800000000061e-02	6.866012209999999838e-01	1.839926209999999951e-01
3.848436109000000105e+00	2.312674199999999874e-02	7.079694619999999938e-01	3.848436109000000105e+00	4.256443800000000305e-02	6.989934909999999668e-01	1.839628990000000131e-01
3.923245496999999915e+00	2.355650399999999894e-02	7.216124619999999545e-01	3.923245496999999915e+00	4.289425899999999708e-02	7.116112639999999656e-01	1.839325280000000118e-01
3.999509096999999791e+00	2.399843800000000041e-02	7.355158130000000183e-01	3.999509096999999791e+00	4.317598699999999901e-02	7.244615530000000359e-01	1.839015230000000112e-01
4.077255177999999702e+00	2.445273400000000028e-02	7.496845009999999476e-01	4.077255177999999702e+00	4.340539000000000203e-02	7.375518949999999574e-01	1.838699000000000028e-01
4.156512558000000190e+00	2.491957900000000073e-02	7.641236240000000013e-01	4.156512558000000190e+00	4.357817499999999677e-02	7.508903879999999642e-01	1.838376800000000033e-01
4.237310615000000169e+00	2.539915900000000101e-02	7.788383930000000177e-01	4.237310615000000169e+00	4.369002000000000302e-02	7.644857299999999745e-01	1.838048860000000007e-01
4.319679297000000417e+00	2.589165499999999953e-02	7.938341420000000204e-01	4.319679297000000417e+00	4.373661200000000110e-02	7.783472510000000177e-01	1.837715460000000078e-01
4.403649137000000380e+00	2.639724800000000163e-02	8.091163279999999958e-01	4.403649137000000380e+00	4.371369099999999897e-02	7.924849510000000485e-01	1.837376920000000080e-01
4.489251258000000355e+00	2.691611600000000035e-02	8.246905380000000285e-01	4.489251258000000355e+00	4.361709999999999893e-02	8.069095330000000121e-01	1.837033590000000105e-01
4.576517391000000323e+00	2.744844299999999945e-02	8.405624940000000489e-01	4.576517391000000323e+00	4.344283899999999699e-02	8.216324299999999692e-01	1.836685889999999932e-01
4.665479881999999634e+00	2.799441100000000029e-02	8.567380599999999680e-01	4.665479881999999634e+00	4.318712899999999771e-02	8.366658399999999940e-01	1.836334269999999880e-01
4.756171707000000026e+00	2.855421099999999948e-02	8.732232439999999540e-01	4.756171707000000026e+00	4.284647700000000087e-02	8.520227420000000551e-01	1.835979219999999967e-01
4.848626481000000155e+00	2.912804000000000088e-02	8.900242090000000106e-01	4.848626481000000155e+00	4.241775500000000143e-02	8.677169200000000027e-01	1.835621309999999895e-01
4.942878474999999661e+00	2.971610800000000149e-02	9.071472750000000307e-01	4.942878474999999661e+00	4.189827799999999713e-02	8.837629740000000345e-01	1.835261129999999907e-01
5.038962624999999917e+00	3.031864199999999981e-02	9.245989239999999887e-01	5.038962624999999917e+00	4.128589099999999817e-02	9.001763270000000539e-01	1.834899349999999929e-01
5.136914545999999859e+00	3.093588800000000166e-02	9.423858099999999904e-01	5.136914545999999859e+00	4.057906599999999697e-02	9.169732200000000333e-01	1.834536669999999869e-01
5.236770543999999639e+00	3.156811899999999865e-02	9.605147659999999643e-01	5.236770543999999639e+00	3.977699400000000302e-02	9.341707019999999639e-01	1.834173859999999878e-01
5.338567634000000339e+00	3.221564100000000319e-02	9.789928030000000225e-01	5.338567634000000339e+00	3.887969699999999779e-02	9.517866120000000318e-01	1.833811750000000074e-01
5.442343548000000197e+00	3.287879900000000022e-02	9.978271220000000108e-01	5.442343548000000197e+00	3.788812700000000061e-02	9.698395389999999727e-01	1.833451180000000014e-01
5.548136752999999644e+00	3.355798599999999798e-02	1.017025118999999922e+00	5.548136752999999644e+00	3.680428399999999961e-02	9.883487779999999834e-01	1.833093100000000031e-01
5.655986461000000354e+00	3.425365400000000143e-02	1.036594384999999896e+00	5.655986461000000354e+00	3.563132399999999894e-02	1.007334272999999891e+00	1.832738449999999908e-01
5.765932649999999882e+00	3.496631800000000317e-02	1.056542716000000048e+00	5.765932649999999882e+00	3.437367499999999937e-02	1.026816536999999974e+00	1.832388239999999946e-01
5.878016072000000314e+00	3.569657400000000175e-02	1.076878113000000026e+00	5.878016072000000314e+00	3.303715100000000071e-02	1.046816562000000062e+00	1.832043499999999880e-01
5.992278274000000238e+00	3.644510699999999742e-02	1.097608786999999975e+00	5.992278274000000238e+00	3.162906099999999998e-02	1.067355708000000014e+00	1.831705299999999981e-01
6.108761608000000010e+00	3.721270499999999870e-02	1.118743158000000015e+00	6.108761608000000010e+00	3.015831799999999993e-02	1.088455576999999952e+00	1.831374719999999956e-01
6.227509249999999774e+00	3.800027300000000108e-02	1.140289853999999936e+00	6.227509249999999774e+00	2.863553599999999963e-02	1.110137861999999975e+00	1.831052850000000065e-01
6.348565215999999900e+00	3.880884700000000048e-02	1.162257713000000026e+00	6.348565215999999900e+00	2.707312400000000049e-02	1.132424177999999948e+00	1.830740760000000023e-01
6.471974377999999639e+00	3.963960899999999926e-02	1.184655774999999966e+00	6.471974377999999639e+00	2.548536399999999993e-02	1.155335873000000069e+00	1.830439530000000092e-01
6.597782480000000227e+00	4.049390199999999829e-02	1.207493280000000002e+00	6.597782480000000227e+00	2.388847399999999982e-02	1.178893814000000040e+00	1.830150180000000015e-01
6.726036152999999906e+00	4.137324800000000136e-02	1.230779655000000083e+00	6.726036152999999906e+00	2.230065100000000120e-02	1.203118149000000026e+00	1.829873680000000113e-01
6.856782937000000189e+00	4.227936100000000141e-02	1.254524506000000095e+00	6.856782937000000189e+00	2.074209399999999912e-02	1.228028050999999898e+00	1.829610939999999908e-01
6.990071294999999907e+00	4.321416299999999988e-02	1.278737599999999919e+00	6.990071294999999907e+00	1.923499199999999937e-02	1.253641430999999917e+00	1.829362740000000098e-01
7.125950633999999617e+00	4.417979600000000034e-02	1.303428852999999998e+00	7.125950633999999617e+00	1.780348199999999895e-02	1.279974635000000083e+00	1.829129780000000038e-01
7.264471318000000011e+00	4.517863500000000171e-02	1.328608306000000017e+00	7.264471318000000011e+00	1.647356100000000115e-02	1.307042123000000000e+00	1.828912590000000005e-01
7.405684692000000346e+00	4.621329799999999988e-02	1.354286097999999994e+00	7.405684692000000346e+00	1.527295000000000041e-02	1.334856121000000062e+00	1.828711530000000085e-01
7.549643099999999940e+00	4.728664999999999952e-02	1.380472445000000103e+00	7.549643099999999940e+00	1.423089899999999998e-02	1.363426269000000080e+00	1.828526759999999918e-01
7.696399901999999571e+00	4.840180799999999756e-02	1.407177603000000055e+00	7.696399901999999571e+00	1.337792500000000058e-02	1.392759261999999998e+00	1.828358220000000089e-01
7.846009495999999750e+00	4.956213500000000022e-02	1.434411837999999939e+00	7.846009495999999750e+00	1.274546699999999991e-02	1.422858490999999947e+00	1.828205589999999936e-01
7.998527336999999626e+00	5.077123299999999895e-02	1.462185391000000001e+00	7.998527336999999626e+00	1.236546200000000068e-02	1.453723705000000033e+00	1.828068260000000056e-01
8.154009956999999531e+00	5.203292799999999912e-02	1.490508436999999908e+00	8.154009956999999531e+00	1.226981100000000026e-02	1.485350704000000022e+00	1.827945320000000096e-01
8.312514990000000381e+00	5.335124299999999958e-02	1.519391048999999994e+00	8.312514990000000381e+00	1.248975199999999980e-02	1.517731095000000030e+00	1.827835560000000137e-01
8.474101187000000479e+00	5.473037000000000041e-02	1.548843162000000051e+00	8.474101187000000479e+00	1.305511300000000013e-02	1.550852123999999943e+00	1.827737389999999906e-01
8.638828442999999524e+00	5.617462299999999992e-02	1.578874534999999968e+00	8.638828442999999524e+00	1.399346199999999991e-02	1.584696628000000107e+00	1.827648910000000126e-01
8.806757815999999295e+00	5.768838999999999911e-02	1.609494723999999932e+00	8.806757815999999295e+00	1.532914900000000025e-02	1.619243154000000073e+00	1.827567830000000060e-01
8.977951553000000473e+00	5.927606700000000173e-02	1.640713056000000059e+00	8.977951553000000473e+00	1.708227199999999904e-02	1.654466262999999993e+00	1.827491549999999965e-01
9.152473109000000662e+00	6.094198399999999766e-02	1.672538614999999895e+00	9.152473109000000662e+00	1.926759000000000110e-02	1.690337097000000011e+00	1.827417130000000001e-01
9.330387173000000089e+00	6.269032600000000455e-02	1.704980238999999953e+00	9.330387173000000089e+00	2.189343100000000139e-02	1.726824235999999901e+00	1.827341359999999915e-01
9.511759690999999961e+00	6.452503599999999395e-02	1.738046537000000002e+00	9.511759690999999961e+00	2.496067000000000077e-02	1.763894896000000045e+00	1.827260769999999868e-01
9.696657892999999362e+00	6.644972200000000273e-02	1.771745919000000002e+00	9.696657892999999362e+00	2.846187500000000106e-02	1.801516496000000078e+00	1.827171730000000105e-01
9.885150314000000549e+00	6.846755499999999939e-02	1.806086647999999961e+00	9.885150314000000549e+00	3.238071599999999689e-02	1.839658604999999891e+00	1.827070500000000097e-01
1.007730682100000053e+01	7.058116799999999968e-02	1.841076924000000004e+00	1.007730682100000053e+01	3.669179000000000190e-02	1.878295253000000109e+00	1.826953329999999875e-01
1.027319864000000038e+01	7.279256600000000299e-02	1.876724987000000011e+00	1.027319864000000038e+01	4.136100100000000140e-02	1.917407547999999906e+00	1.826816609999999952e-01
1.047289838200000034e+01	7.510304499999999328e-02	1.913039257000000104e+00	1.047289838200000034e+01	4.634665300000000154e-02	1.956986480999999944e+00	1.826656949999999890e-01
1.067648006900000013e+01	7.751313499999999690e-02	1.950028491999999947e+00	1.067648006900000013e+01	5.160138799999999804e-02	1.997035764999999907e+00	1.826471349999999882e-01
1.088401916099999944e+01	8.002256800000000225e-02	1.987701984000000088e+00	1.088401916099999944e+01	5.707509100000000141e-02	2.037574471000000109e+00	1.826257340000000118e-01
1.109559258500000034e+01	8.263029199999999408e-02	2.026069773000000129e+00	1.109559258500000034e+01	6.271880400000000300e-02	2.078639181999999863e+00	1.826013129999999873e-01
1.131127876599999915e+01	8.533452599999999388e-02	2.065142876999999988e+00	1.131127876599999915e+01	6.848964700000000072e-02	2.120285324000000138e+00	1.825737759999999932e-01
1.153115765000000081e+01	8.813287399999999994e-02	2.104933529000000192e+00	1.153115765000000081e+01	7.435661200000000248e-02	2.162587328999999947e+00	1.825431230000000016e-01
1.175531073900000045e+01	9.102250700000000250e-02	2.145455409999999841e+00	1.175531073900000045e+01	8.030703100000000094e-02	2.205637244000000052e+00	1.825094600000000122e-01
1.198382111799999983e+01	9.400040599999999469e-02	2.186723854999999883e+00	1.198382111799999983e+01	8.635334499999999802e-02	2.249541479999999982e+00	1.824730049999999937e-01
1.221677348999999957e+01	9.706368099999999888e-02	2.228756022999999864e+00	1.221677348999999957e+01	9.253975300000000237e-02	2.294415392999999970e+00	1.824340959999999900e-01
1.245425420099999947e+01	1.002099500000000060e-01	2.271570995999999898e+00	1.245425420099999947e+01	9.894813900000000439e-02	2.340375523000000069e+00	1.823931769999999897e-01
1.269635127699999977e+01	1.034377789999999936e-01	2.315189791999999969e+00	1.269635127699999977e+01	1.057026330000000042e-01	2.387529392999999889e+00	1.823507980000000084e-01
1.294315445500000017e+01	1.067471529999999974e-01	2.359635276000000115e+00	1.294315445500000017e+01	1.129720359999999979e-01	2.435962922999999947e+00	1.823075879999999926e-01
1.319475521700000087e+01	1.101399619999999940e-01	2.404931932000000216e+00	1.319475521700000087e+01	1.209692279999999981e-01	2.485725653999999896e+00	1.822642319999999982e-01
1.345124682199999988e+01	1.136204569999999942e-01	2.451105495999999828e+00	1.345124682199999988e+01	1.299465939999999986e-01	2.536814215999999789e+00	1.822214349999999872e-01
1.371272434399999973e+01	1.171956479999999995e-01	2.498182434999999924e+00	1.371272434399999973e+01	1.401863620000000088e-01	2.589154755000000030e+00	1.821798769999999901e-01
1.397928470299999937e+01	1.208755779999999974e-01	2.546189283999999997e+00	1.397928470299999937e+01	1.519846760000000130e-01	2.642585503999999919e+00	1.821401689999999907e-01
1.425102670300000085e+01	1.246734429999999949e-01	2.595151856000000201e+00	1.425102670300000085e+01	1.656282649999999967e-01	2.696841306000000049e+00	1.821027990000000096e-01
1.452805107100000015e+01	1.286054769999999958e-01	2.645094363000000115e+00	1.452805107100000015e+01	1.813628300000000027e-01	2.751542756000000090e+00	1.820680799999999933e-01
1.481046048900000045e+01	1.326905869999999987e-01	2.696038511999999887e+00	1.481046048900000045e+01	1.993530430000000075e-01	2.806193653999999871e+00	1.820361030000000047e-01
1.509835963699999972e+01	1.369496880000000139e-01	2.748002640999999802e+00	1.509835963699999972e+01	2.196354990000000118e-01	2.860191399000000079e+00	1.820067019999999924e-01
1.539185523000000089e+01	1.414047260000000084e-01	2.801001000999999935e+00	1.539185523000000089e+01	2.420682779999999978e-01	2.912855512000000147e+00	1.819794269999999992e-01
1.569105605600000075e+01	1.460774189999999861e-01	2.855043296999999924e+00	1.569105605600000075e+01	2.662839750000000061e-01	2.963478793000000167e+00	1.819535459999999938e-01
1.599607301900000067e+01	1.509877629999999971e-01	2.910134583000000053e+00	1.599607301900000067e+01	2.916565170000000040e-01	3.011403140000000089e+00	1.819280630000000010e-01
1.630701917700000081e+01	1.561524039999999947e-01	2.966275646999999793e+00	1.630701917700000081e+01	3.172947239999999725e-01	3.056117065000000022e+00	1.819017699999999904e-01
1.662400978899999870e+01	1.615830319999999876e-01	3.023463945000000042e+00	1.662400978899999870e+01	3.420754999999999768e-01	3.097364712000000075e+00	1.818733260000000018e-01
1.694716235199999943e+01	1.672849829999999982e-01	3.081695139999999888e+00	1.694716235199999943e+01	3.647251449999999728e-01	3.135248412999999790e+00	1.818413650000000048e-01
1.727659664700000164e+01	1.732562870000000088e-01	3.140965217999999837e+00	1.727659664700000164e+01	3.839477370000000112e-01	3.170301430999999948e+00	1.818046279999999959e-01
1.761243478400000129e+01	1.794873889999999972e-01	3.201273059000000032e+00	1.761243478400000129e+01	3.985868490000000208e-01	3.203508092999999946e+00	1.817620960000000119e-01
1.795480124699999891e+01	1.859617819999999921e-01	3.262623256999999999e+00	1.795480124699999891e+01	4.077951490000000234e-01	3.236256958999999878e+00	1.817131369999999968e-01
1.830382293899999979e+01	1.926576869999999941e-01	3.325028866999999888e+00	1.830382293899999979e+01	4.111811380000000016e-01	3.270227250000000030e+00	1.816576179999999929e-01
1.865962923200000034e+01	1.995508530000000003e-01	3.388513670000000033e+00	1.865962923200000034e+01	4.089065060000000029e-01	3.307224294000000064e+00	1.815959809999999897e-01
1.902235200899999867e+01	2.066183279999999900e-01	3.453113486999999981e+00	1.902235200899999867e+01	4.017199730000000080e-01	3.348989538000000099e+00	1.815292599999999978e-01
1.939212572099999932e+01	2.138429199999999919e-01	3.518876108000000169e+00	1.939212572099999932e+01	3.909283310000000178e-01	3.397010841999999808e+00	1.814590189999999992e-01
1.976908742799999885e+01	2.212178059999999891e-01	3.585859478000000156e+00	1.976908742799999885e+01	3.783156560000000002e-01	3.452350079999999988e+00	1.813872029999999969e-01
2.015337685900000153e+01	2.287506019999999973e-01	3.654127971999999946e+00	2.015337685900000153e+01	3.660225910000000082e-01	3.515493091999999820e+00	1.813159149999999942e-01
2.054513645600000160e+01	2.364660700000000004e-01	3.723746903999999969e+00	2.054513645600000160e+01	3.563889330000000188e-01	3.586218795999999820e+00	1.812471240000000094e-01
2.094451143199999876e+01	2.444066589999999983e-01	3.794775731000000096e+00	2.094451143199999876e+01	3.517485320000000026e-01	3.663486366999999966e+00	1.811823469999999936e-01
2.135164981899999859e+01	2.526302120000000206e-01	3.867260833000000009e+00	2.135164981899999859e+01	3.541534470000000101e-01	3.745355873999999918e+00	1.811223429999999912e-01
2.176670253200000005e+01	2.612045439999999830e-01	3.941229058999999868e+00	2.176670253200000005e+01	3.650060509999999980e-01	3.828988525999999837e+00	1.810668870000000097e-01
2.218982341499999933e+01	2.701990579999999920e-01	4.016683457000000068e+00	2.218982341499999933e+01	3.846079860000000128e-01	3.910809030999999880e+00	1.810146649999999913e-01
2.262116930499999867e+01	2.796742890000000203e-01	4.093602626000000022e+00	2.262116930499999867e+01	4.117048460000000132e-01	3.986929619000000091e+00	1.809633519999999940e-01
2.306090008700000027e+01	2.896709190000000267e-01	4.171944766000000193e+00	2.306090008700000027e+01	4.432034020000000241e-01	4.053891254999999916e+00	1.809098839999999930e-01
2.350917875500000065e+01	3.002004659999999991e-01	4.251656879999999639e+00	2.350917875500000065e+01	4.743053520000000134e-01	4.109637707000000084e+00	1.808509319999999920e-01
2.396617146899999895e+01	3.112401810000000046e-01	4.332688487000000421e+00	2.396617146899999895e+01	4.992391090000000142e-01	4.154433348000000414e+00	1.807835050000000110e-01
2.443204762199999891e+01	3.227344730000000217e-01	4.415007930999999886e+00	2.443204762199999891e+01	5.125246639999999632e-01	4.191304451999999792e+00	1.807056039999999919e-01
2.490697989699999937e+01	3.346043510000000221e-01	4.498618055999999754e+00	2.490697989699999937e+01	5.103849839999999860e-01	4.225695112000000364e+00	1.806167619999999863e-01
2.539114433700000006e+01	3.467646609999999741e-01	4.583567162999999667e+00	2.539114433700000006e+01	4.917727940000000131e-01	4.264385442000000026e+00	1.805183380000000004e-01
2.588472040299999932e+01	3.591467930000000197e-01	4.669951146999999914e+00	2.588472040299999932e+01	4.586696519999999833e-01	4.314073692000000015e+00	1.804134279999999868e-01
2.638789104800000018e+01	3.717221889999999807e-01	4.757903875000000227e+00	2.638789104800000018e+01	4.156916339999999765e-01	4.380097423999999684e+00	1.803063330000000131e-01
2.690084278000000140e+01	3.845204079999999802e-01	4.847575436999999710e+00	2.690084278000000140e+01	3.692937680000000222e-01	4.465544261999999875e+00	1.802016200000000068e-01
2.742376573299999976e+01	3.976351879999999728e-01	4.939101272000000264e+00	2.742376573299999976e+01	3.268385109999999982e-01	4.570714397999999790e+00	1.801029560000000085e-01
2.795685373499999926e+01	4.112136759999999724e-01	5.032568865000000002e+00	2.795685373499999926e+01	2.955676529999999858e-01	4.692784578999999567e+00	1.800119900000000106e-01
2.850030438499999974e+01	4.254276849999999999e-01	5.127991410999999999e+00	2.850030438499999974e+01	2.813020709999999869e-01	4.825673091999999720e+00	1.799276019999999920e-01
2.905431912099999892e+01	4.404312329999999776e-01	5.225298496999999820e+00	2.905431912099999892e+01	2.867120499999999961e-01	4.960451893000000112e+00	1.798458420000000058e-01
2.961910329799999886e+01	4.563144829999999930e-01	5.324351387000000102e+00	2.961910329799999886e+01	3.094401620000000186e-01	5.086949918000000181e+00	1.797607220000000117e-01
3.019486626100000137e+01	4.730686590000000025e-01	5.424984423999999805e+00	3.019486626100000137e+01	3.411597679999999744e-01	5.196945445999999968e+00	1.796657869999999935e-01
3.078182142600000049e+01	4.905774030000000230e-01	5.527065126000000106e+00	3.078182142600000049e+01	3.690941899999999887e-01	5.288144278999999948e+00	1.795561430000000014e-01
3.138018635699999948e+01	5.086450380000000493e-01	5.630555918999999854e+00	3.138018635699999948e+01	3.804730339999999877e-01	5.366654224999999556e+00	1.794302889999999928e-01
3.199018284799999989e+01	5.270609729999999882e-01	5.735554231000000058e+00	3.199018284799999989e+01	3.680627839999999762e-01	5.445802818999999850e+00	1.792910739999999947e-01
3.261203700299999753e+01	5.456842549999999514e-01	5.842289143000000351e+00	3.261203700299999753e+01	3.337209170000000058e-01	5.541552749000000055e+00	1.791451769999999888e-01
3.324597932300000025e+01	5.645187409999999906e-01	5.951064577000000355e+00	3.324597932300000025e+01	2.885093400000000030e-01	5.666949783999999823e+00	1.790010310000000049e-01
3.389224478799999929e+01	5.837446309999999583e-01	6.062159359999999886e+00	3.389224478799999929e+01	2.502165670000000008e-01	5.827585152000000157e+00	1.788656789999999996e-01
3.455107294599999790e+01	6.036815140000000302e-01	6.175716725000000018e+00	3.455107294599999790e+01	2.393421340000000119e-01	6.018213842999999841e+00	1.787416769999999877e-01
3.522270800300000104e+01	6.246820069999999836e-01	6.291670138999999828e+00	3.522270800300000104e+01	2.728948190000000107e-01	6.220439744000000104e+00	1.786253949999999924e-01
3.590739891100000136e+01	6.469873529999999873e-01	6.409749396999999682e+00	3.590739891100000136e+01	3.547664480000000120e-01	6.404043059000000149e+00	1.785077609999999870e-01
3.660539946000000100e+01	6.706046620000000180e-01	6.529585384999999853e+00	3.660539946000000100e+01	4.657638439999999824e-01	6.537400296000000388e+00	1.783776569999999950e-01
3.731696837700000202e+01	6.952736659999999569e-01	6.650887417999999940e+00	3.731696837700000202e+01	5.643934010000000168e-01	6.607518555999999599e+00	1.782268949999999963e-01
3.804236941500000313e+01	7.205649950000000414e-01	6.773619330999999910e+00	3.804236941500000313e+01	6.069436769999999592e-01	6.635113023999999804e+00	1.780546120000000010e-01
3.878187145599999752e+01	7.460914039999999581e-01	6.898077168000000370e+00	3.878187145599999752e+01	5.740351999999999677e-01	6.666952487999999732e+00	1.778685999999999878e-01
3.953574860700000215e+01	7.717413499999999926e-01	7.024798318000000208e+00	3.953574860700000215e+01	4.804738430000000116e-01	6.751474936000000149e+00	1.776821879999999909e-01
4.030428030600000255e+01	7.978035119999999925e-01	7.154312370000000421e+00	4.030428030600000255e+01	3.663062409999999769e-01	6.919252328999999868e+00	1.775075080000000083e-01
4.108775141899999994e+01	8.248798040000000498e-01	7.286844304999999800e+00	4.108775141899999994e+01	2.838531959999999743e-01	7.174798248000000100e+00	1.773483349999999958e-01
4.188645235399999933e+01	8.535878879999999613e-01	7.422142353999999997e+00	4.188645235399999933e+01	2.859035950000000104e-01	7.490847163999999836e+00	1.771967289999999973e-01
4.270067916200000013e+01	8.841904040000000409e-01	7.559572946000000293e+00	4.270067916200000013e+01	4.048390570000000022e-01	7.803190480999999679e+00	1.770363630000000021e-01
4.353073364699999814e+01	9.163796079999999566e-01	7.698489440000000350e+00	4.353073364699999814e+01	6.178799839999999932e-01	8.026723844999999358e+00	1.768518189999999934e-01
4.437692348400000242e+01	9.494093890000000480e-01	7.838690236999999783e+00	4.437692348400000242e+01	8.341145290000000490e-01	8.113548643999999754e+00	1.766388839999999960e-01
4.523956232500000141e+01	9.825709219999999577e-01	7.980656242000000233e+00	4.523956232500000141e+01	9.525911580000000489e-01	8.105895004000000625e+00	1.764087850000000124e-01
4.611896992199999801e+01	1.015741570999999954e+00	8.125331007999999855e+00	4.611896992199999801e+01	9.430405830000000433e-01	8.104770635999999584e+00	1.761819709999999928e-01
4.701547224000000114e+01	1.049597914000000021e+00	8.273500248999999584e+00	4.701547224000000114e+01	8.546646409999999472e-01	8.191002179999999910e+00	1.759739899999999968e-01
4.792940158300000064e+01	1.085240221000000060e+00	8.425168989999999525e+00	4.792940158300000064e+01	7.687541519999999684e-01	8.385002430000000118e+00	1.757828959999999940e-01
4.886109671199999838e+01	1.123392963999999994e+00	8.579448928999999779e+00	4.886109671199999838e+01	7.528907240000000112e-01	8.648871614000000818e+00	1.755885460000000120e-01
4.981090297499999764e+01	1.163757120999999950e+00	8.735181061000000469e+00	4.981090297499999764e+01	8.256006120000000115e-01	8.909539197999999161e+00	1.753668479999999918e-01
5.077917243200000286e+01	1.205130341999999910e+00	8.891929590000000161e+00	5.077917243200000286e+01	9.406645999999999619e-01	9.109092165999999935e+00	1.751097779999999937e-01
5.176626398799999862e+01	1.246382748999999901e+00	9.050520541999999224e+00	5.176626398799999862e+01	1.027920276999999993e+00	9.257823504999999287e+00	1.748343390000000053e-01
5.277254352500000323e+01	1.287565021999999892e+00	9.212491124999999670e+00	5.277254352500000323e+01	1.068433583000000020e+00	9.420116326000000484e+00	1.745697760000000098e-01
5.379838403400000146e+01	1.330081661999999998e+00	9.378730753999999337e+00	5.379838403400000146e+01	1.114728447999999927e+00	9.638007088000000167e+00	1.743310869999999957e-01
5.484416576099999929e+01	1.375529993000000006e+00	9.548506083999999561e+00	5.484416576099999929e+01	1.233129882999999927e+00	9.876157883999999498e+00	1.741024949999999960e-01
5.591027634099999943e+01	1.424103630999999925e+00	9.719987264000000238e+00	5.591027634099999943e+01	1.418612473000000040e+00	1.004419649099999923e+01	1.738497450000000000e-01
5.699711094300000269e+01	1.474194953000000030e+00	9.892073287000000548e+00	5.699711094300000269e+01	1.570518601999999930e+00	1.010218792500000085e+01	1.735539419999999888e-01
5.810507242199999922e+01	1.523950107000000109e+00	1.006576741199999958e+01	5.810507242199999922e+01	1.601835005999999950e+00	1.013434667900000008e+01	1.732338850000000041e-01
5.923457145900000143e+01	1.573423038000000052e+00	1.024336839000000055e+01	5.923457145900000143e+01	1.554530079999999925e+00	1.026033660599999919e+01	1.729288850000000044e-01
6.038602672199999688e+01	1.624850592000000038e+00	1.042594307999999970e+01	6.038602672199999688e+01	1.560904778000000048e+00	1.049448424999999929e+01	1.726548950000000027e-01
6.155986501499999974e+01	1.680270195000000077e+00	1.061184117200000010e+01	6.155986501499999974e+01	1.697971487000000002e+00	1.070690033099999994e+01	1.723824630000000135e-01
6.275652144000000021e+01	1.738929434999999968e+00	1.079840983699999946e+01	6.275652144000000021e+01	1.853671523999999904e+00	1.075223579400000062e+01	1.720683299999999916e-01
6.397643955699999907e+01	1.797902998999999946e+00	1.098538171599999913e+01	6.397643955699999907e+01	1.819861554000000048e+00	1.069484953199999921e+01	1.717098009999999952e-01
6.522007154800000706e+01	1.855830555999999909e+00	1.117562864399999967e+01	6.522007154800000706e+01	1.571989368000000109e+00	1.076829990799999948e+01	1.713525969999999954e-01
6.648787838399999828e+01	1.915132507000000039e+00	1.137158405499999958e+01	6.648787838399999828e+01	1.300922228999999986e+00	1.110693328099999988e+01	1.710324400000000078e-01
6.778032999799999914e+01	1.979088777000000077e+00	1.157164424499999988e+01	6.778032999799999914e+01	1.223012583999999903e+00	1.162460453999999999e+01	1.707227490000000070e-01
6.909790545699999598e+01	2.047071841999999808e+00	1.177201378300000023e+01	6.909790545699999598e+01	1.367220659000000005e+00	1.208216918799999995e+01	1.703671579999999908e-01
7.044109314199999972e+01	2.115011925000000126e+00	1.197233452699999923e+01	7.044109314199999972e+01	1.511205126999999981e+00	1.238233116500000008e+01	1.699623610000000062e-01
7.181039092499999299e+01	2.181535205999999949e+00	1.217678210499999913e+01	7.181039092499999299e+01	1.538408223000000019e+00	1.273888228500000075e+01	1.695685259999999972e-01
7.320630635999999924e+01	2.250699497999999910e+00	1.238777368799999934e+01	7.320630635999999924e+01	1.687774477000000051e+00	1.330089148699999946e+01	1.692173020000000139e-01
7.462935686299999816e+01	2.325859728999999820e+00	1.260158911199999920e+01	7.462935686299999816e+01	2.211589710000000153e+00	1.378981300499999918e+01	1.688556569999999923e-01
7.608006991099999539e+01	2.403692969000000179e+00	1.281411866999999916e+01	7.608006991099999539e+01	2.816084368999999921e+00	1.380471673899999985e+01	1.684293759999999918e-01
7.755898323399999583e+01	2.479427697999999847e+00	1.302834675100000084e+01	7.755898323399999583e+01	3.004431992999999856e+00	1.360323946399999961e+01	1.679798550000000112e-01
7.906664501299999870e+01	2.555727027000000096e+00	1.324969043800000001e+01	7.906664501299999870e+01	2.949540090000000170e+00	1.367114369599999968e+01	1.675762319999999916e-01
8.060361408900000413e+01	2.638575519000000202e+00	1.347580622499999947e+01	8.060361408900000413e+01	3.072170193999999910e+00	1.391147006199999936e+01	1.671861289999999889e-01
8.217046016099999406e+01	2.725810840999999929e+00	1.370026686299999952e+01	8.217046016099999406e+01	3.275493922999999974e+00	1.394664585199999962e+01	1.667298299999999955e-01
8.376776400699999670e+01	2.810605880999999862e+00	1.392530585699999968e+01	8.376776400699999670e+01	3.180985571999999983e+00	1.393991210799999969e+01	1.662370489999999978e-01
8.539611769200000424e+01	2.895474343000000061e+00	1.415816814100000087e+01	8.539611769200000424e+01	3.003256615999999823e+00	1.430786601199999986e+01	1.657940489999999989e-01
8.705612479100000201e+01	2.988009969000000154e+00	1.439588518000000050e+01	8.705612479100000201e+01	3.236311446999999841e+00	1.484353218000000041e+01	1.653632670000000082e-01
8.874840061199999752e+01	3.084501171999999958e+00	1.463070162300000021e+01	8.874840061199999752e+01	3.687288393000000220e+00	1.496884382400000035e+01	1.648559470000000027e-01
9.047357242299999314e+01	3.177251835999999940e+00	1.486745444800000016e+01	9.047357242299999314e+01	3.776429112000000199e+00	1.491141251099999998e+01	1.643292520000000090e-01
9.223227968800000554e+01	3.272521862000000059e+00	1.511350969000000077e+01	9.223227968800000554e+01	3.795258527000000104e+00	1.514296752099999921e+01	1.638635599999999914e-01
9.402517429700000662e+01	3.376881923000000008e+00	1.536102199199999951e+01	9.402517429700000662e+01	4.077053424999999898e+00	1.527246380599999931e+01	1.633713750000000131e-01
9.585292081599999392e+01	3.480822970999999821e+00	1.560493371599999968e+01	9.585292081599999392e+01	4.075282301999999746e+00	1.510555365799999983e+01	1.628008159999999871e-01
9.771619672699999626e+01	3.581634063000000090e+00	1.585629605699999978e+01	9.771619672699999626e+01	3.731129112000000081e+00	1.531071425200000036e+01	1.622688620000000137e-01
9.961569268399999544e+01	3.691356702999999850e+00	1.611466798500000053e+01	9.961569268399999544e+01	3.748327574000000162e+00	1.585979244600000015e+01	1.617683679999999957e-01
1.015521127629999967e+02	3.805671649999999850e+00	1.636812422199999872e+01	1.015521127629999967e+02	3.992465337000000059e+00	1.606471933999999990e+01	1.611795540000000027e-01
1.035261747309999976e+02	3.914398251000000162e+00	1.662526832100000007e+01	1.035261747309999976e+02	3.892745284000000083e+00	1.626835784300000043e+01	1.605899990000000110e-01
1.055386103040000023e+02	4.030018345000000224e+00	1.689258084800000148e+01	1.055386103040000023e+02	4.023457761000000410e+00	1.680332854499999939e+01	1.600606719999999872e-01
1.075901654219999983e+02	4.153355273999999930e+00	1.715528795399999851e+01	1.075901654219999983e+02	4.406265911000000202e+00	1.690360549900000109e+01	1.594503349999999986e-01
1.096816005270000005e+02	4.270196594999999817e+00	1.741957551899999856e+01	1.096816005270000005e+02	4.226541634000000158e+00	1.693725242100000017e+01	1.588194870000000092e-01
1.118136908430000034e+02	4.393478163000000158e+00	1.769533224799999971e+01	1.118136908430000034e+02	4.178536893999999613e+00	1.752757484300000002e+01	1.582572949999999923e-01
1.139872266619999976e+02	4.525071967999999778e+00	1.796556803800000068e+01	1.139872266619999976e+02	4.526218784000000106e+00	1.781386089500000125e+01	1.576103620000000038e-01
1.162030136390000052e+02	4.649113669000000115e+00	1.823847131000000132e+01	1.162030136390000052e+02	4.463257539999999857e+00	1.805949501899999987e+01	1.569535139999999884e-01
1.184618730899999974e+02	4.782311618999999681e+00	1.852239170500000043e+01	1.184618730899999974e+02	4.786433159000000437e+00	1.868389162800000136e+01	1.563574100000000022e-01
1.207646422979999983e+02	4.920674630999999799e+00	1.879820004899999830e+01	1.207646422979999983e+02	5.277250216999999743e+00	1.860704115400000092e+01	1.556597999999999871e-01
