1.000000000000000021e-02	5.079333500000000196e-02	4.674012960000000216e-01	1.000000000000000021e-02	-4.673623319999999914e-01	8.008911220000000108e-01	4.674012964300000306e+01
1.035261699999999972e-02	5.318154900000000157e-02	4.836277219999999821e-01	1.035261699999999972e-02	-4.613619010000000187e-01	8.291892180000000057e-01	4.671550193499999892e+01
1.071766900000000085e-02	5.573764800000000075e-02	5.003985429999999734e-01	1.071766900000000085e-02	-4.549074309999999732e-01	8.584880559999999994e-01	4.668912150199999900e+01
1.109559300000000082e-02	5.847315499999999888e-02	5.177299469999999681e-01	1.109559300000000082e-02	-4.479628299999999785e-01	8.888225789999999460e-01	4.666086494700000031e+01
1.148684300000000005e-02	6.140033500000000033e-02	5.356383660000000324e-01	1.148684300000000005e-02	-4.404888860000000239e-01	9.202287890000000470e-01	4.663060042000000038e+01
1.189188899999999924e-02	6.453224500000000197e-02	5.541404549999999762e-01	1.189188899999999924e-02	-4.324429659999999842e-01	9.527437399999999501e-01	4.659818707400000193e+01
1.231121699999999930e-02	6.788277199999999401e-02	5.732530609999999527e-01	1.231121699999999930e-02	-4.237786820000000176e-01	9.864055219999999791e-01	4.656347451199999909e+01
1.274533299999999932e-02	7.146667600000000675e-02	5.929931920000000023e-01	1.274533299999999932e-02	-4.144455100000000169e-01	1.021253219999999962e+00	4.652630218899999903e+01
1.319475500000000072e-02	7.529963800000000207e-02	6.133779729999999653e-01	1.319475500000000072e-02	-4.043883799999999917e-01	1.057326870999999890e+00	4.648649880300000348e+01
1.366002499999999925e-02	7.939829900000000551e-02	6.344246000000000052e-01	1.366002499999999925e-02	-3.935472050000000110e-01	1.094667387999999963e+00	4.644388166000000240e+01
1.414170200000000079e-02	8.378030999999999673e-02	6.561502959999999662e-01	1.414170200000000079e-02	-3.818563680000000016e-01	1.133316457999999916e+00	4.639825601500000118e+01
1.464036299999999999e-02	8.846437199999999945e-02	6.785722429999999639e-01	1.464036299999999999e-02	-3.692441349999999733e-01	1.173316414000000085e+00	4.634941439600000024e+01
1.515660800000000023e-02	9.347027800000000386e-02	7.017075219999999725e-01	1.515660800000000023e-02	-3.556320139999999963e-01	1.214710060000000036e+00	4.629713591699999853e+01
1.569105599999999837e-02	9.881895799999999841e-02	7.255730350000000328e-01	1.569105599999999837e-02	-3.409340280000000001e-01	1.257540443999999979e+00	4.624118558499999665e+01
1.624435000000000115e-02	1.045325109999999946e-01	7.501854270000000158e-01	1.624435000000000115e-02	-3.250559049999999783e-01	1.301850571999999984e+00	4.618131359899999921e+01
1.681715400000000082e-02	1.106342440000000066e-01	7.755609869999999795e-01	1.681715400000000082e-02	-3.078941689999999953e-01	1.347683039999999943e+00	4.611725466600000090e+01
1.741015699999999902e-02	1.171486969999999961e-01	8.017155510000000262e-01	1.741015699999999902e-02	-2.893351290000000242e-01	1.395079573999999933e+00	4.604872733100000204e+01
1.802406900000000020e-02	1.241016679999999983e-01	8.286643860000000306e-01	1.802406900000000020e-02	-2.692537400000000192e-01	1.444080448000000017e+00	4.597543334699999917e+01
1.865962900000000049e-02	1.315202239999999911e-01	8.564220679999999808e-01	1.865962900000000049e-02	-2.475123399999999974e-01	1.494723752000000072e+00	4.589705709399999733e+01
1.931760000000000074e-02	1.394327069999999891e-01	8.850023460000000508e-01	1.931760000000000074e-02	-2.239592260000000112e-01	1.547044485000000025e+00	4.581326506799999976e+01
1.999877300000000094e-02	1.478687230000000075e-01	9.144179930000000400e-01	1.999877300000000094e-02	-1.984270870000000020e-01	1.601073418999999998e+00	4.572370547999999957e+01
2.070396399999999831e-02	1.568591209999999903e-01	9.446806519999999541e-01	2.070396399999999831e-02	-1.707312470000000026e-01	1.656835682999999948e+00	4.562800797599999925e+01
2.143402200000000049e-02	1.664359470000000008e-01	9.758006609999999581e-01	2.143402200000000049e-02	-1.406677299999999908e-01	1.714349004000000010e+00	4.552578353300000202e+01
2.218982300000000088e-02	1.766323820000000044e-01	1.007786878999999969e+00	2.218982300000000088e-02	-1.080111329999999953e-01	1.773621530000000002e+00	4.541662456499999934e+01
2.297227500000000033e-02	1.874826569999999970e-01	1.040646492999999895e+00	2.297227500000000033e-02	-7.251229900000000228e-02	1.834649111000000055e+00	4.530010529399999797e+01
2.378231800000000021e-02	1.990219289999999863e-01	1.074384820999999990e+00	2.378231800000000021e-02	-3.389580600000000055e-02	1.897411949000000098e+00	4.517578245499999667e+01
2.462092399999999889e-02	2.112861350000000138e-01	1.109005116000000069e+00	2.462092399999999889e-02	8.142704000000000608e-03	1.961870428000000111e+00	4.504319639399999886e+01
2.548910100000000012e-02	2.243118010000000051e-01	1.144508359000000031e+00	2.548910100000000012e-02	5.393931999999999893e-02	2.027959966000000058e+00	4.490187264800000122e+01
2.638789100000000012e-02	2.381358110000000028e-01	1.180893065000000020e+00	2.638789100000000012e-02	1.038646800000000009e-01	2.095584645000000190e+00	4.475132410999999877e+01
2.731837399999999944e-02	2.527951270000000084e-01	1.218155094999999966e+00	2.731837399999999944e-02	1.583267030000000131e-01	2.164609351999999820e+00	4.459105385600000204e+01
2.828166799999999939e-02	2.683264579999999899e-01	1.256287487000000036e+00	2.828166799999999939e-02	2.177730099999999891e-01	2.234850097999999896e+00	4.442055879099999771e+01
2.927892899999999868e-02	2.847658699999999765e-01	1.295280317000000014e+00	2.927892899999999868e-02	2.826927439999999958e-01	2.306062135999999985e+00	4.423933419499999786e+01
3.031135500000000163e-02	3.021483440000000131e-01	1.335120596999999965e+00	3.031135500000000163e-02	3.536173220000000117e-01	2.377925429999999896e+00	4.404687934399999705e+01
3.138018599999999741e-02	3.205072640000000139e-01	1.375792232000000004e+00	3.138018599999999741e-02	4.311194769999999732e-01	2.450026991000000098e+00	4.384270431400000234e+01
3.248670699999999661e-02	3.398738499999999774e-01	1.417276044999999929e+00	3.248670699999999661e-02	5.158096629999999738e-01	2.521839567999999865e+00	4.362633812400000011e+01
3.363224499999999811e-02	3.602765370000000078e-01	1.459549897000000040e+00	3.363224499999999811e-02	6.083285219999999827e-01	2.592696219000000024e+00	4.339733832299999960e+01
3.481817599999999929e-02	3.817402990000000051e-01	1.502588918999999912e+00	3.481817599999999929e-02	7.093336380000000441e-01	2.661760409000000216e+00	4.315530214599999681e+01
3.604592599999999897e-02	4.042859449999999799e-01	1.546365876000000084e+00	3.604592599999999897e-02	8.194781789999999733e-01	2.727991582000000026e+00	4.289987929299999792e+01
3.731696799999999897e-02	4.279293980000000164e-01	1.590851704999999949e+00	3.731696799999999897e-02	9.393782840000000078e-01	2.790106721999999984e+00	4.263078632900000287e+01
3.863282999999999995e-02	4.526809860000000074e-01	1.636016228999999989e+00	3.863282999999999995e-02	1.069565206000000046e+00	2.846539383000000090e+00	4.234782265599999818e+01
3.999509100000000344e-02	4.785447870000000270e-01	1.681829084999999946e+00	3.999509100000000344e-02	1.210417397000000062e+00	2.895399299000000148e+00	4.205088784400000179e+01
4.140538800000000130e-02	5.055180780000000373e-01	1.728260885999999941e+00	4.140538800000000130e-02	1.362067139000000093e+00	2.934438081999999781e+00	4.174000001299999951e+01
4.286541399999999752e-02	5.335909439999999559e-01	1.775284615999999982e+00	4.286541399999999752e-02	1.524276463000000081e+00	2.961030093999999835e+00	4.141531474199999963e+01
4.437692299999999868e-02	5.627461219999999598e-01	1.822877266000000107e+00	4.437692299999999868e-02	1.696278702000000083e+00	2.972182249999999915e+00	4.107714377899999647e+01
4.594173099999999954e-02	5.929591739999999778e-01	1.871021690999999931e+00	4.594173099999999954e-02	1.876586214999999891e+00	2.964592162999999836e+00	4.072597258199999715e+01
4.756171700000000335e-02	6.241990670000000518e-01	1.919708635999999968e+00	4.756171700000000335e-02	2.062773038000000003e+00	2.934779604000000042e+00	4.036247542400000299e+01
4.923882599999999943e-02	6.564292680000000102e-01	1.968938875000000088e+00	4.923882599999999943e-02	2.251254942000000092e+00	2.879319436999999926e+00	3.998752655300000214e+01
5.097507300000000269e-02	6.896094470000000420e-01	2.018725336000000148e+00	5.097507300000000269e-02	2.437108849999999993e+00	2.795200938999999885e+00	3.960220559500000093e+01
5.277254399999999762e-02	7.236978609999999978e-01	2.069095078999999782e+00	5.277254399999999762e-02	2.613996604000000001e+00	2.680323093000000156e+00	3.920779521299999715e+01
5.463339600000000074e-02	7.586544760000000220e-01	2.120090926000000042e+00	5.463339600000000074e-02	2.774277329999999875e+00	2.534102240999999811e+00	3.880576891799999828e+01
5.655986500000000083e-02	7.944448349999999603e-01	2.171772502000000049e+00	5.655986500000000083e-02	2.909394591999999946e+00	2.358116263999999962e+00	3.839776697700000341e+01
5.855426400000000170e-02	8.310446059999999635e-01	2.224216436999999935e+00	5.855426400000000170e-02	3.010591847999999793e+00	2.156647345000000104e+00	3.798555861500000219e+01
6.061898999999999760e-02	8.684446770000000537e-01	2.277515419000000207e+00	6.061898999999999760e-02	3.069930634999999963e+00	1.936938972999999953e+00	3.757098924600000345e+01
6.275652099999999567e-02	9.066565439999999532e-01	2.331775804999999924e+00	6.275652099999999567e-02	3.081469477999999818e+00	1.708989161999999951e+00	3.715591227099999827e+01
6.496942599999999679e-02	9.457176290000000041e-01	2.387113550000000028e+00	6.496942599999999679e-02	3.042349183999999873e+00	1.484790700000000019e+00	3.674210617300000337e+01
6.726036200000000409e-02	9.856960420000000500e-01	2.443648239999999916e+00	6.726036200000000409e-02	2.953486097999999949e+00	1.277092601000000105e+00	3.633117909399999945e+01
6.963207899999999950e-02	1.026694156000000024e+00	2.501495189999999980e+00	6.963207899999999950e-02	2.819648616999999913e+00	1.097933792000000075e+00	3.592446486099999703e+01
7.208742799999999507e-02	1.068850295999999922e+00	2.560755685000000170e+00	7.208742799999999507e-02	2.648873540999999943e+00	9.573000860000000500e-01	3.552291639399999923e+01
7.462935699999999339e-02	1.112337729000000053e+00	2.621505750999999940e+00	7.462935699999999339e-02	2.451388957999999896e+00	8.622184800000000093e-01	3.512700445600000165e+01
7.726091799999999787e-02	1.157360189000000039e+00	2.683784066999999940e+00	7.726091799999999787e-02	2.238347972000000130e+00	8.164452880000000468e-01	3.473663170900000097e+01
7.998527299999999562e-02	1.204143216999999932e+00	2.747580022000000177e+00	7.998527299999999562e-02	2.020686945000000012e+00	8.207095279999999660e-01	3.435107372299999895e+01
8.280569399999999913e-02	1.252920822000000101e+00	2.812823285999999978e+00	8.280569399999999913e-02	1.808322699999999950e+00	8.733302870000000384e-01	3.396895979300000334e+01
8.572556700000000252e-02	1.303917377999999960e+00	2.879376650999999843e+00	8.572556700000000252e-02	1.609763760000000099e+00	9.709790729999999703e-01	3.358830674600000066e+01
8.874840100000000453e-02	1.357325212999999975e+00	2.947034232000000031e+00	8.874840100000000453e-02	1.432096153000000038e+00	1.109390643000000010e+00	3.320661794400000133e+01
9.187782399999999683e-02	1.413279254000000096e+00	3.015527279000000060e+00	9.187782399999999683e-02	1.281244612999999921e+00	1.283894298999999961e+00	3.282105668500000206e+01
9.511759699999999818e-02	1.471831139999999927e+00	3.084539760999999825e+00	9.511759699999999818e-02	1.162399600999999949e+00	1.489700876999999979e+00	3.242869732999999854e+01
9.847161000000000108e-02	1.532926540999999920e+00	3.153735258999999846e+00	9.847161000000000108e-02	1.080515861999999938e+00	1.721916178999999936e+00	3.202684786300000042e+01
1.019438909999999948e-01	1.596390715000000071e+00	3.222795379999999987e+00	1.019438909999999948e-01	1.040802718999999987e+00	1.975254692000000034e+00	3.161342343700000157e+01
1.055386100000000049e-01	1.661928250000000107e+00	3.291467706000000160e+00	1.055386100000000049e-01	1.049114912000000066e+00	2.243405098999999847e+00	3.118733226299999828e+01
1.092600860000000063e-01	1.729142972000000000e+00	3.359618170000000070e+00	1.092600860000000063e-01	1.112088345000000089e+00	2.517969170999999839e+00	3.074881495800000053e+01
1.131127880000000058e-01	1.797582344999999915e+00	3.427279121000000206e+00	1.131127880000000058e-01	1.236713396000000076e+00	2.786901046000000104e+00	3.029966100300000065e+01
1.171013419999999972e-01	1.866806868999999924e+00	3.494680998999999844e+00	1.171013419999999972e-01	1.428772686999999930e+00	3.032520579999999910e+00	2.984321899100000053e+01
1.212305399999999977e-01	1.936478788000000062e+00	3.562253901000000056e+00	1.212305399999999977e-01	1.689256424000000090e+00	3.229686307000000145e+00	2.938412958700000033e+01
1.255053409999999925e-01	2.006456589999999984e+00	3.630586967000000165e+00	1.255053409999999925e-01	2.007917037999999987e+00	3.345901017000000088e+00	2.892774876100000014e+01
1.299308779999999997e-01	2.076874243999999869e+00	3.700339716999999862e+00	1.299308779999999997e-01	2.354676173000000095e+00	3.346874892999999851e+00	2.847929424000000154e+01
1.345124679999999961e-01	2.148179397999999907e+00	3.772110381000000068e+00	1.345124679999999961e-01	2.674098816999999961e+00	3.211325407999999992e+00	2.804283075600000075e+01
1.392556130000000003e-01	2.221105870999999787e+00	3.846280441999999855e+00	1.392556130000000003e-01	2.893655725999999984e+00	2.952578159000000202e+00	2.762029021500000070e+01
1.441660090000000116e-01	2.296564590000000017e+00	3.922869148999999833e+00	1.441660090000000116e-01	2.952460111000000165e+00	2.630906597000000069e+00	2.721077716599999974e+01
1.492495550000000060e-01	2.375454405999999796e+00	4.001442585000000385e+00	1.492495550000000060e-01	2.835508464000000117e+00	2.336812441999999823e+00	2.681041560199999907e+01
1.545123549999999901e-01	2.458419058000000046e+00	4.081124516000000035e+00	1.545123549999999901e-01	2.582761269000000137e+00	2.150983511000000181e+00	2.641293330199999900e+01
1.599607299999999954e-01	2.545606022999999940e+00	4.160745284999999960e+00	1.599607299999999954e-01	2.264975988999999856e+00	2.113987373000000058e+00	2.601104208599999978e+01
1.656012249999999908e-01	2.636510305999999915e+00	4.239134564000000438e+00	1.656012249999999908e-01	1.951648706000000066e+00	2.225357967999999964e+00	2.559844930799999929e+01
1.714406139999999912e-01	2.729997545999999886e+00	4.315510571999999989e+00	1.714406139999999912e-01	1.694618713000000110e+00	2.460290423000000004e+00	2.517204343599999916e+01
1.774859089999999973e-01	2.824575172999999939e+00	4.389849936000000064e+00	1.774859089999999973e-01	1.528215526999999962e+00	2.784703508000000216e+00	2.473351240399999895e+01
1.837443719999999892e-01	2.918899870000000174e+00	4.463067495999999856e+00	1.837443719999999892e-01	1.475577034999999926e+00	3.160631533000000104e+00	2.428954659400000082e+01
1.902235200000000070e-01	3.012382108999999808e+00	4.536842208000000376e+00	1.902235200000000070e-01	1.552071202000000039e+00	3.543094991999999888e+00	2.385005915900000062e+01
1.969311340000000077e-01	3.105627623999999809e+00	4.613034768000000341e+00	1.969311340000000077e-01	1.759564211999999905e+00	3.873591459000000015e+00	2.342460879000000062e+01
2.038752699999999973e-01	3.200427916999999844e+00	4.692843210999999570e+00	2.038752699999999973e-01	2.067875045000000078e+00	4.080859847000000151e+00	2.301820725500000009e+01
2.110642679999999993e-01	3.299142680000000105e+00	4.776050599999999591e+00	2.110642679999999993e-01	2.392357300000000020e+00	4.107098052999999638e+00	2.262841857500000131e+01
2.185067629999999927e-01	3.403596513000000101e+00	4.860812017999999846e+00	2.185067629999999927e-01	2.604676476999999934e+00	3.963745174000000038e+00	2.224559073500000039e+01
2.262116929999999915e-01	3.513948382999999787e+00	4.944304694999999583e+00	2.262116929999999915e-01	2.608054881000000158e+00	3.762113655999999917e+00	2.185698108000000062e+01
2.341883130000000091e-01	3.628225442999999828e+00	5.024178726999999789e+00	2.341883130000000091e-01	2.413698661999999828e+00	3.652058171999999825e+00	2.145358438799999945e+01
2.424462019999999995e-01	3.743113672999999864e+00	5.100161066000000076e+00	2.424462019999999995e-01	2.122157791999999876e+00	3.726051534000000220e+00	2.103625888999999916e+01
2.509952779999999883e-01	3.855955118999999875e+00	5.174695908000000344e+00	2.509952779999999883e-01	1.847433824999999974e+00	3.994093616999999874e+00	2.061670618100000141e+01
2.598458100000000104e-01	3.966864904999999997e+00	5.251719333999999684e+00	2.598458100000000104e-01	1.675466063000000005e+00	4.417108894000000063e+00	2.021090631999999943e+01
2.690084280000000216e-01	4.079246312000000430e+00	5.333876129000000077e+00	2.690084280000000216e-01	1.666254638000000066e+00	4.933942182000000010e+00	1.982791458599999856e+01
2.784941349999999760e-01	4.197682651000000043e+00	5.420036295000000059e+00	2.784941349999999760e-01	1.861661194000000075e+00	5.458448633999999799e+00	1.946194053600000018e+01
2.883143249999999824e-01	4.324189289999999630e+00	5.505455757000000006e+00	2.883143249999999824e-01	2.262789108000000216e+00	5.860569987999999952e+00	1.909532507899999842e+01
2.984807919999999948e-01	4.455794822999999738e+00	5.585387274000000346e+00	2.984807919999999948e-01	2.756781793000000036e+00	5.985864270999999626e+00	1.871271930900000058e+01
3.090057460000000256e-01	4.586436981000000301e+00	5.659778756999999771e+00	3.090057460000000256e-01	3.071844916999999953e+00	5.801725896999999854e+00	1.831609551200000041e+01
3.199018279999999992e-01	4.712783414999999643e+00	5.734284603999999952e+00	3.199018279999999992e-01	2.967378218999999984e+00	5.563930213999999985e+00	1.792513856900000135e+01
3.311821260000000211e-01	4.838574791000000097e+00	5.814975943000000314e+00	3.311821260000000211e-01	2.514695301999999799e+00	5.650303008999999932e+00	1.755824209200000041e+01
3.428601860000000112e-01	4.971546755000000317e+00	5.901103851000000233e+00	3.428601860000000112e-01	2.016087186000000031e+00	6.260780882999999797e+00	1.721140011399999992e+01
3.549500360000000243e-01	5.114429118000000329e+00	5.984661197000000321e+00	3.549500360000000243e-01	1.810020171999999983e+00	7.431114816000000012e+00	1.686057359200000150e+01
3.674661940000000238e-01	5.260294860000000128e+00	6.059653588999999840e+00	3.674661940000000238e-01	2.379409502000000121e+00	9.103828515000000010e+00	1.649037023400000024e+01
3.804236939999999789e-01	5.400589240999999596e+00	6.131014103000000048e+00	3.804236939999999789e-01	4.597435273000000322e+00	1.059377308200000023e+01	1.611627823699999951e+01
3.938380980000000253e-01	5.537833291000000102e+00	6.209093631000000002e+00	3.938380980000000253e-01	7.971320464999999800e+00	9.326121635999999882e+00	1.576559926000000011e+01
4.077255180000000090e-01	5.683566118999999972e+00	6.293941410999999597e+00	4.077255180000000090e-01	8.100747962999999885e+00	5.957717675999999685e+00	1.543671204099999983e+01
4.221026319999999776e-01	5.840392931000000232e+00	6.373331819999999759e+00	4.221026319999999776e-01	6.169353819000000350e+00	4.898236103000000341e+00	1.509900990100000051e+01
4.369867080000000015e-01	5.995753482999999662e+00	6.442421610000000243e+00	4.369867080000000015e-01	4.981534321999999904e+00	5.502781070000000163e+00	1.474283195900000010e+01
4.523956230000000245e-01	6.143147021999999957e+00	6.514089948999999713e+00	4.523956230000000245e-01	4.933709986000000214e+00	6.357696587000000399e+00	1.439910028799999964e+01
4.683478830000000204e-01	6.296085500000000224e+00	6.595924624000000236e+00	4.683478830000000204e-01	5.471540740000000014e+00	6.442662289000000264e+00	1.408338728000000017e+01
4.848626480000000072e-01	6.462723454999999895e+00	6.673358183999999582e+00	4.848626480000000072e-01	5.308131055999999681e+00	5.874680822000000191e+00	1.376339920100000036e+01
5.019597519999999813e-01	6.627012655999999780e+00	6.738481096000000115e+00	5.019597519999999813e-01	4.391819995999999726e+00	5.893443770000000193e+00	1.342434540900000073e+01
5.196597299999999864e-01	6.782590506000000019e+00	6.809247132000000313e+00	5.196597299999999864e-01	3.581834251000000080e+00	6.730027255000000430e+00	1.310328034900000027e+01
5.379838399999999909e-01	6.949521095999999787e+00	6.888900066999999794e+00	5.379838399999999909e-01	3.253416144000000010e+00	8.093821102999999795e+00	1.280503158299999988e+01
5.569540910000000400e-01	7.126213221999999625e+00	6.955774420000000013e+00	5.569540910000000400e-01	3.665408553999999874e+00	9.794538971999999788e+00	1.248895472300000087e+01
5.765932649999999660e-01	7.291193047000000149e+00	7.018189289999999581e+00	5.765932649999999660e-01	5.196405890000000305e+00	1.128489449199999939e+01	1.217181974900000085e+01
5.969249509999999814e-01	7.460861148000000220e+00	7.094107750000000046e+00	5.969249509999999814e-01	7.310077395999999617e+00	1.163221231900000063e+01	1.188442154700000053e+01
6.179735680000000286e-01	7.645166453999999945e+00	7.159731853000000257e+00	6.179735680000000286e-01	9.341507436000000553e+00	1.135521403499999948e+01	1.158582215500000068e+01
6.397643960000000130e-01	7.817092759000000335e+00	7.217881077000000367e+00	6.397643960000000130e-01	1.197912147599999955e+01	9.326984103999999220e+00	1.128209248099999940e+01
6.623236059999999537e-01	7.994614282999999766e+00	7.290566737999999880e+00	6.623236059999999537e-01	1.101373328200000046e+01	5.312331602999999625e+00	1.100755985600000031e+01
6.856782940000000215e-01	8.184581969999999984e+00	7.348742456000000089e+00	6.856782940000000215e-01	7.961989238000000135e+00	4.864288391999999739e+00	1.071747862500000004e+01
7.098565079999999972e-01	8.359665475999999984e+00	7.407184703999999620e+00	7.098565079999999972e-01	6.583571487999999583e+00	6.268319168999999746e+00	1.043476338700000028e+01
7.348872889999999991e-01	8.550968556999999137e+00	7.474127812999999954e+00	7.348872889999999991e-01	6.594810937000000095e+00	7.665963759000000266e+00	1.017044099399999979e+01
7.608006990000000247e-01	8.738665667999999442e+00	7.522719773999999582e+00	7.608006990000000247e-01	7.546814411999999805e+00	8.461076602000000335e+00	9.887898081999999533e+00
7.876278610000000402e-01	8.924352100000000121e+00	7.587107519999999994e+00	7.876278610000000402e-01	8.531366947000000422e+00	7.791197441999999640e+00	9.632858224999999663e+00
8.154009960000000445e-01	9.123204348999999880e+00	7.635703927999999863e+00	8.154009960000000445e-01	7.962585793999999773e+00	6.717404181000000030e+00	9.364354432000000727e+00
8.441534600000000221e-01	9.308298833000000272e+00	7.691811966000000389e+00	8.441534600000000221e-01	6.392317977000000262e+00	6.683980087000000125e+00	9.111864530000000073e+00
8.739197859999999762e-01	9.512606701999999359e+00	7.741154284000000274e+00	8.739197859999999762e-01	4.899082053999999964e+00	8.317028844999999393e+00	8.857968902999999727e+00
9.047357240000000189e-01	9.700692944000000040e+00	7.790741395000000402e+00	9.047357240000000189e-01	4.953293355999999648e+00	1.122435755100000065e+01	8.611068610000000234e+00
9.366382869999999583e-01	9.908248332999999519e+00	7.837280601999999874e+00	9.366382869999999583e-01	7.868713732999999877e+00	1.413976945399999963e+01	8.367457013999999305e+00
9.696657890000000002e-01	1.009992362400000054e+01	7.883916770999999990e+00	9.696657890000000002e-01	1.323853530000000056e+01	1.147676949899999954e+01	8.130550606999999985e+00
1.003857898999999998e+00	1.030958548599999958e+01	7.923716417999999706e+00	1.003857898999999998e+00	1.080869559799999990e+01	7.086048624000000018e+00	7.893264996000000089e+00
1.039255682999999930e+00	1.050663780800000069e+01	7.970415154000000335e+00	1.039255682999999930e+00	7.586840579999999612e+00	7.734685548999999938e+00	7.669349598000000157e+00
1.075901653999999930e+00	1.071408681800000018e+01	8.001787149000000099e+00	1.075901653999999930e+00	6.337675088000000123e+00	1.071024962599999952e+01	7.437284920999999827e+00
1.113839825999999977e+00	1.092173029900000003e+01	8.046238977999999875e+00	1.113839825999999977e+00	8.269971864000000394e+00	1.375391729100000049e+01	7.223874373000000126e+00
1.153115764999999904e+00	1.112263182100000058e+01	8.076519358000000537e+00	1.153115764999999904e+00	1.215014062300000042e+01	1.326243051600000022e+01	7.004083720999999763e+00
1.193776641999999999e+00	1.133779396599999956e+01	8.107188642000000556e+00	1.193776641999999999e+00	1.184447740300000085e+01	1.110232098400000034e+01	6.791210650000000015e+00
1.235871291999999899e+00	1.154484871999999918e+01	8.143828223999999949e+00	1.235871291999999899e+00	1.151391897799999953e+01	1.159234691800000050e+01	6.589543973999999693e+00
1.279450272999999916e+00	1.175032800800000032e+01	8.167371263999999798e+00	1.279450272999999916e+00	1.320878677900000042e+01	1.168363857800000005e+01	6.383500348000000102e+00
1.324565924999999922e+00	1.196644658499999991e+01	8.189834292000000460e+00	1.324565924999999922e+00	1.277145512000000060e+01	9.640387312999999736e+00	6.183032595000000242e+00
1.371272433999999985e+00	1.218059766300000035e+01	8.218039455999999632e+00	1.371272433999999985e+00	1.056455765399999969e+01	1.009854572399999917e+01	5.993002739999999662e+00
1.419625896000000109e+00	1.238876487399999959e+01	8.241234929000000875e+00	1.419625896000000109e+00	1.028629768300000080e+01	1.289129555699999941e+01	5.805215972000000058e+00
1.469684385999999954e+00	1.259910931499999975e+01	8.256419454999999630e+00	1.469684385999999954e+00	1.356060564799999923e+01	1.564407827199999979e+01	5.617818039000000319e+00
1.521508026000000013e+00	1.281453737900000078e+01	8.269242994000000735e+00	1.521508026000000013e+00	1.753488594199999895e+01	1.364912493699999985e+01	5.434899360000000179e+00
1.575159057000000029e+00	1.303175154400000046e+01	8.282754935999999901e+00	1.575159057000000029e+00	1.779909158899999966e+01	9.739661842000000291e+00	5.258360987999999736e+00
1.630701917999999973e+00	1.324799410900000041e+01	8.295781909000000454e+00	1.630701917999999973e+00	1.546351463300000084e+01	8.223065230999999642e+00	5.087246062000000180e+00
1.688203316999999926e+00	1.346299924300000050e+01	8.306480557000000431e+00	1.688203316999999926e+00	1.364568675499999983e+01	8.871014193000000603e+00	4.920308161000000347e+00
1.747732314999999925e+00	1.367753370299999993e+01	8.314063393999999718e+00	1.747732314999999925e+00	1.362925437200000012e+01	1.031388453299999952e+01	4.757057656999999828e+00
1.809360410999999891e+00	1.389218871799999988e+01	8.318497075999999879e+00	1.809360410999999891e+00	1.463113977299999924e+01	1.085122974999999990e+01	4.597479322999999951e+00
1.873161620000000083e+00	1.410709725599999942e+01	8.319866444000000527e+00	1.873161620000000083e+00	1.485287131699999996e+01	1.009021145500000038e+01	4.441616972000000274e+00
1.939212571999999968e+00	1.432194456400000071e+01	8.318124858999999205e+00	1.939212571999999968e+00	1.397735401099999919e+01	1.027928532600000011e+01	4.289434267999999939e+00
2.007592595999999840e+00	1.453593163400000066e+01	8.313345986999999937e+00	2.007592595999999840e+00	1.378608584700000073e+01	1.167444564999999912e+01	4.140952704000000040e+00
2.078383818999999910e+00	1.474809514700000079e+01	8.306461691999999175e+00	2.078383818999999910e+00	1.491776267200000028e+01	1.281376071799999927e+01	3.996596595000000196e+00
2.151671263999999972e+00	1.495887812700000019e+01	8.299549429000000700e+00	2.151671263999999972e+00	1.601462291600000043e+01	1.278983358500000023e+01	3.857257178999999869e+00
2.227542951999999854e+00	1.517174726700000065e+01	8.293053851999999893e+00	2.227542951999999854e+00	1.633174859000000012e+01	1.311029828100000039e+01	3.722960243999999808e+00
2.306090009000000052e+00	1.538845899100000025e+01	8.281533915000000690e+00	2.306090009000000052e+00	1.764473837299999914e+01	1.413705740300000002e+01	3.591158143999999997e+00
2.387406771999999844e+00	1.560076857399999994e+01	8.262177679000000552e+00	2.387406771999999844e+00	2.011450021099999930e+01	1.352164382199999970e+01	3.460733117000000192e+00
2.471590905999999865e+00	1.580724536600000008e+01	8.246895319000000057e+00	2.471590905999999865e+00	2.063365652699999941e+01	1.145918056900000082e+01	3.336674892000000003e+00
2.558743520000000160e+00	1.602214146800000094e+01	8.230229211999999350e+00	2.558743520000000160e+00	2.017190335300000115e+01	1.105269918900000015e+01	3.216511989999999876e+00
2.648969287999999978e+00	1.622885512199999880e+01	8.204186899999999838e+00	2.648969287999999978e+00	2.076271295000000094e+01	1.072798571400000078e+01	3.097124206000000157e+00
2.742376573000000040e+00	1.643867281900000066e+01	8.185827132000000006e+00	2.742376573000000040e+00	2.036927494000000038e+01	9.913843116000000677e+00	2.984939125999999998e+00
2.839077563000000026e+00	1.664402816999999857e+01	8.155343255000000013e+00	2.839077563000000026e+00	2.027734279499999914e+01	1.065555688399999923e+01	2.872532741000000112e+00
2.939188398999999841e+00	1.685356275499999867e+01	8.131162248000000758e+00	2.939188398999999841e+00	2.221516701899999902e+01	1.046572594000000045e+01	2.766465140999999850e+00
3.042829316999999811e+00	1.705383011800000048e+01	8.101437912999999824e+00	3.042829316999999811e+00	2.202799648399999910e+01	8.025816195999999181e+00	2.662468731999999783e+00
3.150124796000000060e+00	1.725898832900000102e+01	8.066305969000000076e+00	3.150124796000000060e+00	2.050232612099999940e+01	7.292617063999999871e+00	2.560630606999999781e+00
3.261203699999999817e+00	1.746377171500000003e+01	8.034428281000000283e+00	3.261203699999999817e+00	1.922859781100000021e+01	8.335277530999999129e+00	2.463638894999999884e+00
3.376199440999999801e+00	1.766376148899999876e+01	8.001423602999999218e+00	3.376199440999999801e+00	1.870209864499999952e+01	9.428162759999999309e+00	2.369949921999999987e+00
3.495250132999999870e+00	1.786139369200000004e+01	7.964982209000000424e+00	3.495250132999999870e+00	1.994233574100000084e+01	1.075606036499999973e+01	2.278801775999999890e+00
3.618498760000000036e+00	1.805819457000000128e+01	7.926114559000000170e+00	3.618498760000000036e+00	2.133552249799999956e+01	1.088565196599999929e+01	2.190442801000000106e+00
3.746093349000000128e+00	1.825428553200000081e+01	7.885527524999999649e+00	3.746093349000000128e+00	2.192706279500000122e+01	1.040178935299999985e+01	2.105000274000000005e+00
3.878187146000000141e+00	1.844940308299999998e+01	7.842733352999999852e+00	3.878187146000000141e+00	2.235893922900000064e+01	1.041533427499999931e+01	2.022267894000000066e+00
4.014938800999999557e+00	1.864192846899999978e+01	7.796866157000000186e+00	4.014938800999999557e+00	2.346198307299999897e+01	1.050448252099999991e+01	1.941963885999999917e+00
4.156512558000000190e+00	1.882941342599999857e+01	7.750551945999999859e+00	4.156512558000000190e+00	2.477784245999999868e+01	9.314766627999999216e+00	1.864676658000000042e+00
4.303078454000000441e+00	1.901723020000000020e+01	7.707550970999999862e+00	4.303078454000000441e+00	2.441010593700000086e+01	7.562244852000000073e+00	1.791171379999999980e+00
4.454812518999999860e+00	1.920666721099999918e+01	7.657408318999999963e+00	4.454812518999999860e+00	2.325432060900000053e+01	7.439304310999999892e+00	1.718906977000000058e+00
4.611896992000000139e+00	1.938737226499999977e+01	7.609762271000000133e+00	4.611896992000000139e+00	2.329640283399999845e+01	8.012349429000000356e+00	1.650028671999999919e+00
4.774520539000000063e+00	1.957254446600000009e+01	7.557239374999999981e+00	4.774520539000000063e+00	2.384669713099999910e+01	7.905759776000000016e+00	1.582826864999999916e+00
4.942878474999999661e+00	1.975251333099999940e+01	7.508993523000000003e+00	4.942878474999999661e+00	2.374866160599999887e+01	7.289240759000000125e+00	1.519153983000000041e+00
5.117173006999999885e+00	1.992823958800000028e+01	7.456076637999999868e+00	5.117173006999999885e+00	2.348471051499999973e+01	7.505539470000000435e+00	1.457069485000000109e+00
5.297613468999999853e+00	2.010377631500000106e+01	7.401350571000000045e+00	5.297613468999999853e+00	2.394140612500000032e+01	7.795918068999999839e+00	1.397110343000000032e+00
5.484416576000000099e+00	2.027753371900000090e+01	7.346815772000000244e+00	5.484416576000000099e+00	2.422664651799999902e+01	7.700705171000000071e+00	1.339580184999999979e+00
5.677806688000000435e+00	2.044895519900000025e+01	7.292571152999999917e+00	5.677806688000000435e+00	2.442760343999999861e+01	7.897208756999999579e+00	1.284399338000000057e+00
5.878016072000000314e+00	2.061944263299999847e+01	7.238026872999999917e+00	5.878016072000000314e+00	2.565496706000000060e+01	7.665222926000000214e+00	1.231372418999999940e+00
6.085285189999999567e+00	2.078819955699999866e+01	7.179752412000000028e+00	6.085285189999999567e+00	2.596650020199999886e+01	6.530583924000000096e+00	1.179854713000000110e+00
6.299862978000000169e+00	2.094973413199999968e+01	7.122286597000000441e+00	6.299862978000000169e+00	2.541497143500000178e+01	5.693908096000000363e+00	1.130546271000000047e+00
6.522007154999999834e+00	2.111488200799999859e+01	7.065602274999999821e+00	6.522007154999999834e+00	2.478187520000000177e+01	5.610671545999999843e+00	1.083347826000000014e+00
6.751984522999999960e+00	2.127226565200000152e+01	7.008460997000000248e+00	6.751984522999999960e+00	2.471344836600000150e+01	5.895387623999999605e+00	1.037985347000000003e+00
6.990071294999999907e+00	2.142947510200000139e+01	6.948360317999999758e+00	6.990071294999999907e+00	2.505125975099999991e+01	6.086973610000000257e+00	9.940328250000000088e-01
7.236553423000000151e+00	2.158507224599999930e+01	6.889266777999999647e+00	7.236553423000000151e+00	2.528467510300000143e+01	5.916450557000000110e+00	9.520093859999999575e-01
7.491726940999999584e+00	2.173746565500000116e+01	6.830878620000000012e+00	7.491726940999999584e+00	2.516389565400000095e+01	5.553175279999999603e+00	9.117895879999999842e-01
7.755898323000000261e+00	2.188797104100000013e+01	6.773577137000000192e+00	7.755898323000000261e+00	2.501826068100000100e+01	5.652116095000000229e+00	8.733452729999999775e-01
8.029384849999999574e+00	2.203819605199999998e+01	6.713969958999999932e+00	8.029384849999999574e+00	2.520431419000000162e+01	5.877724061000000333e+00	8.361748860000000061e-01
8.312514990000000381e+00	2.218120201700000038e+01	6.654595420999999789e+00	8.312514990000000381e+00	2.570883972700000086e+01	5.728378056999999579e+00	8.005513890000000021e-01
8.605628792999999277e+00	2.232636895599999960e+01	6.594987781000000382e+00	8.605628792999999277e+00	2.576732425100000157e+01	5.369007246999999872e+00	7.663574549999999652e-01
8.909078300999999200e+00	2.246751509899999988e+01	6.537509095999999964e+00	8.909078300999999200e+00	2.567311421799999849e+01	5.253880330000000320e+00	7.338030800000000520e-01
9.223227968999999860e+00	2.260581582300000036e+01	6.479106756000000189e+00	9.223227968999999860e+00	2.586628645200000065e+01	5.279512895999999955e+00	7.024771349999999748e-01
9.548455103000000221e+00	2.274125929099999865e+01	6.419925768999999782e+00	9.548455103000000221e+00	2.611315123299999996e+01	5.057743416000000103e+00	6.723523019999999573e-01
9.885150314000000549e+00	2.287302538599999835e+01	6.363268639000000171e+00	9.885150314000000549e+00	2.613149446299999923e+01	4.786776301999999816e+00	6.437199670000000040e-01
1.023371798600000027e+01	2.300630313999999998e+01	6.305627001999999592e+00	1.023371798600000027e+01	2.620554000199999933e+01	4.729073023999999847e+00	6.161618890000000182e-01
1.059457676399999926e+01	2.313442284199999932e+01	6.250384477999999966e+00	1.059457676399999926e+01	2.642225935200000109e+01	4.364811427000000243e+00	5.899607519999999772e-01
1.096816005300000008e+01	2.326049793199999982e+01	6.194407135999999703e+00	1.096816005300000008e+01	2.622415270100000129e+01	3.892918739000000183e+00	5.647626500000000327e-01
1.135491654099999970e+01	2.338539890799999910e+01	6.138626293999999817e+00	1.135491654099999970e+01	2.576756723600000143e+01	3.907299580000000105e+00	5.406139509999999815e-01
1.175531073900000045e+01	2.350612931899999936e+01	6.082569052000000198e+00	1.175531073900000045e+01	2.573020482600000136e+01	4.092797477999999600e+00	5.174315840000000000e-01
1.216982353600000089e+01	2.362639055700000057e+01	6.030468701000000209e+00	1.216982353600000089e+01	2.572385367800000111e+01	4.235862329999999787e+00	4.955263879999999843e-01
1.259895277799999924e+01	2.374257749399999895e+01	5.977888683999999841e+00	1.259895277799999924e+01	2.585974063700000158e+01	4.349849145000000306e+00	4.744750449999999842e-01
1.304321386700000041e+01	2.385779365599999835e+01	5.926050578999999985e+00	1.304321386700000041e+01	2.600982283400000128e+01	4.265149809999999597e+00	4.543397539999999846e-01
1.350314037899999953e+01	2.397087593199999844e+01	5.873881006999999599e+00	1.350314037899999953e+01	2.610870626599999866e+01	4.269081968000000060e+00	4.350011069999999980e-01
1.397928470299999937e+01	2.408009544200000107e+01	5.825475701000000228e+00	1.397928470299999937e+01	2.621198725400000029e+01	4.204105451000000215e+00	4.167220159999999729e-01
1.447221870699999968e+01	2.418770697400000103e+01	5.776353693999999983e+00	1.447221870699999968e+01	2.628841178200000073e+01	4.233121011999999794e+00	3.991339409999999921e-01
1.498253442699999916e+01	2.429387687599999879e+01	5.729625868000000288e+00	1.498253442699999916e+01	2.644972469700000062e+01	4.167724833000000295e+00	3.824203369999999991e-01
1.551084477000000028e+01	2.439873030200000059e+01	5.682807547000000348e+00	1.551084477000000028e+01	2.650698436900000132e+01	4.006749946000000229e+00	3.663764050000000161e-01
1.605778425800000164e+01	2.449953579399999981e+01	5.639291619999999838e+00	1.605778425800000164e+01	2.642735594499999863e+01	3.943498331999999884e+00	3.511874070000000070e-01
1.662400978899999870e+01	2.459891921299999851e+01	5.596188502999999592e+00	1.662400978899999870e+01	2.648684902800000174e+01	4.123629754999999619e+00	3.366328929999999886e-01
1.721020142200000080e+01	2.469657613000000040e+01	5.553485094000000011e+00	1.721020142200000080e+01	2.686914759300000100e+01	4.209831311000000298e+00	3.226856539999999884e-01
1.781706319499999935e+01	2.479116809499999974e+01	5.514638846000000427e+00	1.781706319499999935e+01	2.724559668699999904e+01	3.802525607000000196e+00	3.095144690000000143e-01
1.844532397600000095e+01	2.488418374000000099e+01	5.476316148999999633e+00	1.844532397600000095e+01	2.713265925400000000e+01	3.280010698999999974e+00	2.968945490000000076e-01
1.909573832899999957e+01	2.497558056500000134e+01	5.438646397000000299e+00	1.909573832899999957e+01	2.672891747299999921e+01	3.160832897000000141e+00	2.848094330000000007e-01
1.976908742799999885e+01	2.506433176399999851e+01	5.404840745999999641e+00	1.976908742799999885e+01	2.651637200300000075e+01	3.311031664999999791e+00	2.733985959999999937e-01
2.046617999400000087e+01	2.515148886900000136e+01	5.371645636000000223e+00	2.046617999400000087e+01	2.648269906100000171e+01	3.488309611000000032e+00	2.624644970000000188e-01
2.118785326100000077e+01	2.523536762000000166e+01	5.340081120999999875e+00	2.118785326100000077e+01	2.658550087900000136e+01	3.671147593999999792e+00	2.520350250000000236e-01
2.193497398899999951e+01	2.531865237999999962e+01	5.310862511999999924e+00	2.193497398899999951e+01	2.675377226699999866e+01	3.774560768000000177e+00	2.421184779999999981e-01
2.270843949900000069e+01	2.539945736600000004e+01	5.284860612000000124e+00	2.270843949900000069e+01	2.694675837899999848e+01	3.716577356999999804e+00	2.327267189999999986e-01
2.350917875500000065e+01	2.547864909300000136e+01	5.259302040999999761e+00	2.350917875500000065e+01	2.703725356200000007e+01	3.635583818999999828e+00	2.237127080000000101e-01
2.433815347499999859e+01	2.555571951399999975e+01	5.237335496000000035e+00	2.433815347499999859e+01	2.711540140299999990e+01	3.618323710999999943e+00	2.151903390000000083e-01
2.519635929300000043e+01	2.563168916700000111e+01	5.216394602000000269e+00	2.519635929300000043e+01	2.718575169800000069e+01	3.554765757000000193e+00	2.070296960000000130e-01
2.608482694799999990e+01	2.570477732100000168e+01	5.198580842000000146e+00	2.608482694799999990e+01	2.721046964499999987e+01	3.464971225999999849e+00	1.992952010000000052e-01
2.700462352399999943e+01	2.577723500100000109e+01	5.183515933999999881e+00	2.700462352399999943e+01	2.717750350200000042e+01	3.445201044000000046e+00	1.919492020000000132e-01
2.795685373499999926e+01	2.584691102700000087e+01	5.170144386999999675e+00	2.795685373499999926e+01	2.720002609100000157e+01	3.532689981999999951e+00	1.849329839999999947e-01
2.894266124700000020e+01	2.591496104000000145e+01	5.160508832999999740e+00	2.894266124700000020e+01	2.733435179599999998e+01	3.612650755000000213e+00	1.783011170000000090e-01
2.996323005500000036e+01	2.598143804100000054e+01	5.152180502000000217e+00	2.996323005500000036e+01	2.754973860000000130e+01	3.570494253000000118e+00	1.719501029999999930e-01
3.101978590099999877e+01	2.604597952399999983e+01	5.147658062999999729e+00	3.101978590099999877e+01	2.765707780400000004e+01	3.387393145999999966e+00	1.659475689999999892e-01
3.211359775300000052e+01	2.610836538499999904e+01	5.144842914999999905e+00	3.211359775300000052e+01	2.761522795100000138e+01	3.266264023000000183e+00	1.602076149999999977e-01
3.324597932300000025e+01	2.616947400999999829e+01	5.145609292999999695e+00	3.324597932300000025e+01	2.756443372500000066e+01	3.296928732000000029e+00	1.547738820000000015e-01
3.441829064499999902e+01	2.622951175100000043e+01	5.149715586000000123e+00	3.441829064499999902e+01	2.763912699400000150e+01	3.353737199999999863e+00	1.496214800000000011e-01
3.563193971199999766e+01	2.628680174200000152e+01	5.156116887999999676e+00	3.563193971199999766e+01	2.777972820000000098e+01	3.298552935000000019e+00	1.447049169999999885e-01
3.688838416699999811e+01	2.634294743899999958e+01	5.166078491000000383e+00	3.688838416699999811e+01	2.779459688900000103e+01	3.189011042999999823e+00	1.400462130000000027e-01
3.818913304800000219e+01	2.639789890999999855e+01	5.179628433000000420e+00	3.818913304800000219e+01	2.774792354099999869e+01	3.179768092999999851e+00	1.356309509999999996e-01
3.953574860700000215e+01	2.645009714500000086e+01	5.196036181000000198e+00	3.953574860700000215e+01	2.781216182200000020e+01	3.220429441999999920e+00	1.314262750000000091e-01
4.092984818499999733e+01	2.650140757400000169e+01	5.216389701999999851e+00	4.092984818499999733e+01	2.789928430999999875e+01	3.185156486999999981e+00	1.274470819999999893e-01
4.237310614900000161e+01	2.655100991300000146e+01	5.239858328999999593e+00	4.237310614900000161e+01	2.794379807099999979e+01	3.153729180000000021e+00	1.236600010000000055e-01
4.386725590999999724e+01	2.659909944199999998e+01	5.266620779000000141e+00	4.386725590999999724e+01	2.802508697200000043e+01	3.142384354999999907e+00	1.200581319999999980e-01
4.541409200399999690e+01	2.664604937300000032e+01	5.297768727000000233e+00	4.541409200399999690e+01	2.811545305599999978e+01	3.029996606000000092e+00	1.166547319999999971e-01
4.701547224000000114e+01	2.669031343700000036e+01	5.332446863999999564e+00	4.701547224000000114e+01	2.811678115400000166e+01	2.871208001999999926e+00	1.134189790000000031e-01
4.867331994199999912e+01	2.673404800499999823e+01	5.371411119000000234e+00	4.867331994199999912e+01	2.797614207100000172e+01	2.751523403000000201e+00	1.103563739999999932e-01
5.038962625100000281e+01	2.677567763300000081e+01	5.413719752000000440e+00	5.038962625100000281e+01	2.779124974400000170e+01	2.820506296000000024e+00	1.074371880000000029e-01
5.216645251900000346e+01	2.681540612899999942e+01	5.460842259999999726e+00	5.216645251900000346e+01	2.780810583699999938e+01	3.057161815000000171e+00	1.046811120000000067e-01
5.400593278499999883e+01	2.685414991000000029e+01	5.512429155999999608e+00	5.400593278499999883e+01	2.802375680800000168e+01	3.132259288999999836e+00	1.020708069999999995e-01
5.591027634099999943e+01	2.689135776000000178e+01	5.567801680999999725e+00	5.591027634099999943e+01	2.823754851500000029e+01	2.973283235999999885e+00	9.958458500000000324e-02
5.788177037700000227e+01	2.692625152700000157e+01	5.627979496000000026e+00	5.788177037700000227e+01	2.821346026300000176e+01	2.680857726999999802e+00	9.723233200000000465e-02
5.992278273800000221e+01	2.696038388399999874e+01	5.693168750999999972e+00	5.992278273800000221e+01	2.796046164399999867e+01	2.571755497999999918e+00	9.500841699999999779e-02
6.203576476100000292e+01	2.699210004200000057e+01	5.762819301999999588e+00	6.203576476100000292e+01	2.781202384799999905e+01	2.688236863000000199e+00	9.289511200000000191e-02
6.422325422199999423e+01	2.702270024299999918e+01	5.837313935000000065e+00	6.422325422199999423e+01	2.786495695300000008e+01	2.781878390000000145e+00	9.089097100000000096e-02
6.648787838399999828e+01	2.705151216799999858e+01	5.917180871000000231e+00	6.648787838399999828e+01	2.791292121500000079e+01	2.654329453999999977e+00	8.899638599999999677e-02
6.883235715099999652e+01	2.707878470700000051e+01	6.002600224000000040e+00	6.883235715099999652e+01	2.773375984300000141e+01	2.491990852999999895e+00	8.720608300000000368e-02
7.125950633600000117e+01	2.710425710299999835e+01	6.092731163999999922e+00	7.125950633600000117e+01	2.747875772700000141e+01	2.545258947000000216e+00	8.550060900000000519e-02
7.377224104200000454e+01	2.712804560400000042e+01	6.188808612999999959e+00	7.377224104200000454e+01	2.736033637199999902e+01	2.673948608999999976e+00	8.389075000000000004e-02
7.637357916400000590e+01	2.715010797000000053e+01	6.290985004000000380e+00	7.637357916400000590e+01	2.727638050099999845e+01	2.687705953000000036e+00	8.237122099999999447e-02
7.906664501299999870e+01	2.717022896599999982e+01	6.398620604999999628e+00	7.906664501299999870e+01	2.705241490099999879e+01	2.738789607000000181e+00	8.092692699999999573e-02
