1.000000000000000021e-02	4.597600000000000162e-05	5.402649500000000077e-02	1.000000000000000021e-02	3.857676300000000003e-02	-6.167017100000000279e-02	5.402649500999999965e+00
1.035261699999999972e-02	4.927499999999999833e-05	5.593156299999999664e-02	1.035261699999999972e-02	3.487774800000000008e-02	-6.248295999999999711e-02	5.402649438000000082e+00
1.071766900000000085e-02	5.281200000000000190e-05	5.790380700000000158e-02	1.071766900000000085e-02	3.096667000000000169e-02	-6.318837700000000390e-02	5.402649369999999784e+00
1.109559300000000082e-02	5.660199999999999780e-05	5.994559499999999735e-02	1.109559300000000082e-02	2.683558700000000102e-02	-6.377006500000000078e-02	5.402649298000000044e+00
1.148684300000000005e-02	6.066400000000000058e-05	6.205938099999999680e-02	1.148684300000000005e-02	2.247692600000000124e-02	-6.421011100000000027e-02	5.402649220999999891e+00
1.189188899999999924e-02	6.501800000000000667e-05	6.424770200000000375e-02	1.189188899999999924e-02	1.788362300000000127e-02	-6.448895200000000216e-02	5.402649138000000129e+00
1.231121699999999930e-02	6.968400000000000570e-05	6.651318700000000139e-02	1.231121699999999930e-02	1.304927699999999975e-02	-6.458528299999999334e-02	5.402649048999999870e+00
1.274533299999999932e-02	7.468499999999999390e-05	6.885855700000000079e-02	1.274533299999999932e-02	7.968335000000000001e-03	-6.447596099999999830e-02	5.402648952999999921e+00
1.319475500000000072e-02	8.004499999999999680e-05	7.128662900000000413e-02	1.319475500000000072e-02	2.636292000000000149e-03	-6.413592899999999430e-02	5.402648851000000363e+00
1.366002499999999925e-02	8.579000000000000362e-05	7.380031900000000311e-02	1.366002499999999925e-02	-2.950075999999999827e-03	-6.353813499999999559e-02	5.402648742000000226e+00
1.414170200000000079e-02	9.194600000000000364e-05	7.640264500000000514e-02	1.414170200000000079e-02	-8.792450000000000265e-03	-6.265347100000000224e-02	5.402648624000000233e+00
1.464036299999999999e-02	9.854499999999999924e-05	7.909673400000000187e-02	1.464036299999999999e-02	-1.489068099999999936e-02	-6.145073399999999991e-02	5.402648498999999660e+00
1.515660800000000023e-02	1.056170000000000020e-04	8.188582099999999753e-02	1.515660800000000023e-02	-2.124246399999999910e-02	-5.989659600000000333e-02	5.402648364000000036e+00
1.569105599999999837e-02	1.131969999999999938e-04	8.477325600000000516e-02	1.569105599999999837e-02	-2.784298600000000012e-02	-5.795560899999999821e-02	5.402648218999999585e+00
1.624435000000000115e-02	1.213209999999999994e-04	8.776250700000000349e-02	1.624435000000000115e-02	-3.468452600000000025e-02	-5.559024299999999752e-02	5.402648064000000083e+00
1.681715400000000082e-02	1.300279999999999958e-04	9.085716300000000467e-02	1.681715400000000082e-02	-4.175603499999999690e-02	-5.276096100000000205e-02	5.402647897999999671e+00
1.741015699999999902e-02	1.393599999999999939e-04	9.406094199999999461e-02	1.741015699999999902e-02	-4.904266699999999812e-02	-4.942634299999999759e-02	5.402647720000000042e+00
1.802406900000000020e-02	1.493619999999999974e-04	9.737769200000000180e-02	1.802406900000000020e-02	-5.652528300000000255e-02	-4.554326599999999892e-02	5.402647529000000226e+00
1.865962900000000049e-02	1.600809999999999874e-04	1.008113959999999976e-01	1.865962900000000049e-02	-6.417991300000000510e-02	-4.106715400000000155e-02	5.402647325000000222e+00
1.931760000000000074e-02	1.715700000000000124e-04	1.043661780000000039e-01	1.931760000000000074e-02	-7.197719399999999434e-02	-3.595230399999999743e-02	5.402647105999999866e+00
1.999877300000000094e-02	1.838830000000000011e-04	1.080463069999999942e-01	1.999877300000000094e-02	-7.988177600000000156e-02	-3.015229800000000099e-02	5.402646870999999962e+00
2.070396399999999831e-02	1.970800000000000037e-04	1.118562030000000013e-01	2.070396399999999831e-02	-8.785170500000000215e-02	-2.362053000000000069e-02	5.402646619000000427e+00
2.143402200000000049e-02	2.112240000000000092e-04	1.158004430000000029e-01	2.143402200000000049e-02	-9.583779800000000182e-02	-1.631084000000000006e-02	5.402646349000000292e+00
2.218982300000000088e-02	2.263830000000000041e-04	1.198837620000000048e-01	2.218982300000000088e-02	-1.037830069999999966e-01	-8.178289000000000045e-03	5.402646060000000361e+00
2.297227500000000033e-02	2.426299999999999995e-04	1.241110660000000060e-01	2.297227500000000033e-02	-1.116217969999999948e-01	8.199150000000000535e-04	5.402645749999999580e+00
2.378231800000000021e-02	2.600430000000000037e-04	1.284874310000000130e-01	2.378231800000000021e-02	-1.192795450000000007e-01	1.072331999999999973e-02	5.402645417999999644e+00
2.462092399999999889e-02	2.787059999999999841e-04	1.330181139999999929e-01	2.462092399999999889e-02	-1.266719910000000116e-01	2.156694199999999867e-02	5.402645062000000387e+00
2.548910100000000012e-02	2.987080000000000139e-04	1.377085550000000103e-01	2.548910100000000012e-02	-1.337047590000000064e-01	3.337976399999999927e-02	5.402644679999999866e+00
2.638789100000000012e-02	3.201459999999999939e-04	1.425643879999999863e-01	2.638789100000000012e-02	-1.402729809999999910e-01	4.618300200000000078e-02	5.402644270999999776e+00
2.731837399999999944e-02	3.431229999999999740e-04	1.475914459999999873e-01	2.731837399999999944e-02	-1.462610679999999941e-01	5.998811300000000263e-02	5.402643831999999868e+00
2.828166799999999939e-02	3.677479999999999898e-04	1.527957650000000001e-01	2.828166799999999939e-02	-1.515426769999999868e-01	7.479451900000000375e-02	5.402643362000000060e+00
2.927892899999999868e-02	3.941409999999999792e-04	1.581835960000000096e-01	2.927892899999999868e-02	-1.559809309999999893e-01	9.058703699999999526e-02	5.402642858000000103e+00
3.031135500000000163e-02	4.224279999999999745e-04	1.637614089999999967e-01	3.031135500000000163e-02	-1.594289690000000037e-01	1.073329729999999982e-01	5.402642317999999833e+00
3.138018599999999741e-02	4.527460000000000187e-04	1.695359049999999868e-01	3.138018599999999741e-02	-1.617309219999999992e-01	1.249788899999999953e-01	5.402641738999999887e+00
3.248670699999999661e-02	4.852389999999999937e-04	1.755140169999999944e-01	3.248670699999999661e-02	-1.627234270000000038e-01	1.434470210000000079e-01	5.402641118000000020e+00
3.363224499999999811e-02	5.200650000000000021e-04	1.817029249999999874e-01	3.363224499999999811e-02	-1.622378220000000038e-01	1.626313520000000068e-01	5.402640453000000065e+00
3.481817599999999929e-02	5.573890000000000398e-04	1.881100629999999940e-01	3.481817599999999929e-02	-1.601031870000000079e-01	1.823933759999999960e-01	5.402639739999999691e+00
3.604592599999999897e-02	5.973929999999999909e-04	1.947431249999999892e-01	3.604592599999999897e-02	-1.561504519999999951e-01	2.025576149999999964e-01	5.402638975000000343e+00
3.731696799999999897e-02	6.402689999999999510e-04	2.016100769999999986e-01	3.731696799999999897e-02	-1.502178080000000082e-01	2.229069740000000077e-01	5.402638156000000080e+00
3.863282999999999995e-02	6.862209999999999881e-04	2.087191670000000110e-01	3.863282999999999995e-02	-1.421577159999999895e-01	2.431781349999999897e-01	5.402637277000000182e+00
3.999509100000000344e-02	7.354720000000000354e-04	2.160789320000000013e-01	3.999509100000000344e-02	-1.318458489999999872e-01	2.630572560000000171e-01	5.402636335999999595e+00
4.140538800000000130e-02	7.882569999999999985e-04	2.236982110000000079e-01	4.140538800000000130e-02	-1.191923170000000060e-01	2.821763720000000086e-01	5.402635326000000404e+00
4.286541399999999752e-02	8.448320000000000048e-04	2.315861539999999885e-01	4.286541399999999752e-02	-1.041555480000000006e-01	3.001111120000000132e-01	5.402634242999999614e+00
4.437692299999999868e-02	9.054669999999999689e-04	2.397522350000000080e-01	4.437692299999999868e-02	-8.675913799999999954e-02	3.163805399999999879e-01	5.402633082999999559e+00
4.594173099999999954e-02	9.704540000000000432e-04	2.482062610000000114e-01	4.594173099999999954e-02	-6.711188099999999823e-02	3.304502550000000261e-01	5.402631838999999658e+00
4.756171700000000335e-02	1.040106000000000060e-03	2.569583839999999841e-01	4.756171700000000335e-02	-4.543092499999999700e-02	3.417402099999999887e-01	5.402630505000000305e+00
4.923882599999999943e-02	1.114757999999999982e-03	2.660191149999999727e-01	4.923882599999999943e-02	-2.206760400000000108e-02	3.496390830000000172e-01	5.402629075000000114e+00
5.097507300000000269e-02	1.194767999999999915e-03	2.753993350000000229e-01	5.097507300000000269e-02	2.465187000000000194e-03	3.535273680000000085e-01	5.402627542000000282e+00
5.277254399999999762e-02	1.280520999999999960e-03	2.851103099999999779e-01	5.277254399999999762e-02	2.746617200000000050e-02	3.528115250000000147e-01	5.402625898000000149e+00
5.463339600000000074e-02	1.372429000000000097e-03	2.951637019999999723e-01	5.463339600000000074e-02	5.202283199999999802e-02	3.469713999999999854e-01	5.402624136000000021e+00
5.655986500000000083e-02	1.470935000000000038e-03	3.055715829999999800e-01	5.655986500000000083e-02	7.499748400000000315e-02	3.356224309999999988e-01	5.402622245999999961e+00
5.855426400000000170e-02	1.576511999999999965e-03	3.163464520000000002e-01	5.855426400000000170e-02	9.502899200000000657e-02	3.185925929999999795e-01	5.402620219000000112e+00
6.061898999999999760e-02	1.689668000000000073e-03	3.275012489999999943e-01	6.061898999999999760e-02	1.105581459999999960e-01	2.960113650000000263e-01	5.402618045999999730e+00
6.275652099999999567e-02	1.810947000000000034e-03	3.390493689999999893e-01	6.275652099999999567e-02	1.198851689999999998e-01	2.684041280000000196e-01	5.402615714999999597e+00
6.496942599999999679e-02	1.940932000000000031e-03	3.510046800000000133e-01	6.496942599999999679e-02	1.212663509999999945e-01	2.367805610000000005e-01	5.402613215999999774e+00
6.726036200000000409e-02	2.080249000000000160e-03	3.633815380000000039e-01	6.726036200000000409e-02	1.130526349999999985e-01	2.027007610000000071e-01	5.402610536000000074e+00
6.963207899999999950e-02	2.229567000000000007e-03	3.761948059999999927e-01	6.963207899999999950e-02	9.386564000000000019e-02	1.682995820000000031e-01	5.402607661000000228e+00
7.208742799999999507e-02	2.389604999999999941e-03	3.894598690000000141e-01	7.208742799999999507e-02	6.279680799999999563e-02	1.362501230000000008e-01	5.402604576999999964e+00
7.462935699999999339e-02	2.561133000000000159e-03	4.031926579999999816e-01	7.462935699999999339e-02	1.960514500000000090e-02	1.096533769999999963e-01	5.402601269999999900e+00
7.726091799999999787e-02	2.744976000000000100e-03	4.174096620000000146e-01	7.726091799999999787e-02	-3.511791499999999955e-02	9.185310300000000538e-02	5.402597723000000407e+00
7.998527299999999562e-02	2.942017999999999803e-03	4.321279510000000101e-01	7.998527299999999562e-02	-9.984787100000000470e-02	8.619093899999999420e-02	5.402593916999999912e+00
8.280569399999999913e-02	3.153207999999999792e-03	4.473652000000000184e-01	8.280569399999999913e-02	-1.721126139999999971e-01	9.573194999999999621e-02	5.402589833999999591e+00
8.572556700000000252e-02	3.379562000000000017e-03	4.631397030000000137e-01	8.572556700000000252e-02	-2.485682090000000122e-01	1.229992129999999961e-01	5.402585453999999565e+00
8.874840100000000453e-02	3.622169000000000170e-03	4.794704009999999905e-01	8.874840100000000453e-02	-3.251484020000000030e-01	1.697532009999999925e-01	5.402580753999999708e+00
9.187782399999999683e-02	3.882196999999999992e-03	4.963769020000000087e-01	9.187782399999999683e-02	-3.972545230000000260e-01	2.368371549999999937e-01	5.402575710999999892e+00
9.511759699999999818e-02	4.160897999999999680e-03	5.138795040000000425e-01	9.511759699999999818e-02	-4.599458650000000093e-01	3.240869969999999878e-01	5.402570298999999743e+00
9.847161000000000108e-02	4.459613999999999766e-03	5.319992209999999666e-01	9.847161000000000108e-02	-5.080971029999999944e-01	4.302800520000000239e-01	5.402564489999999608e+00
1.019438909999999948e-01	4.779781999999999781e-03	5.507578079999999598e-01	1.019438909999999948e-01	-5.365081010000000150e-01	5.530766849999999568e-01	5.402558255999999837e+00
1.055386100000000049e-01	5.122943999999999935e-03	5.701777839999999653e-01	1.055386100000000049e-01	-5.399804830000000111e-01	6.888963980000000209e-01	5.402551563000000279e+00
1.092600860000000063e-01	5.490753999999999600e-03	5.902824639999999512e-01	1.092600860000000063e-01	-5.134149719999999695e-01	8.326669709999999780e-01	5.402544379000000063e+00
1.131127880000000058e-01	5.884984000000000222e-03	6.110959830000000093e-01	1.131127880000000058e-01	-4.520382430000000062e-01	9.773974469999999748e-01	5.402536665000000404e+00
1.171013419999999972e-01	6.307530999999999902e-03	6.326433249999999786e-01	1.171013419999999972e-01	-3.519449789999999911e-01	1.113570721999999957e+00	5.402528380999999769e+00
1.212305399999999977e-01	6.760434000000000061e-03	6.549503549999999841e-01	1.212305399999999977e-01	-2.112364740000000074e-01	1.228472105000000036e+00	5.402519485000000010e+00
1.255053409999999925e-01	7.245874000000000238e-03	6.780438500000000035e-01	1.255053409999999925e-01	-3.209869199999999811e-02	1.305841709000000073e+00	5.402509928999999822e+00
1.299308779999999997e-01	7.766191000000000413e-03	7.019515269999999640e-01	1.299308779999999997e-01	1.759924089999999886e-01	1.326730372999999963e+00	5.402499663999999591e+00
1.345124679999999961e-01	8.323894999999999558e-03	7.267020809999999997e-01	1.345124679999999961e-01	3.925156100000000148e-01	1.273020548999999946e+00	5.402488635000000095e+00
1.392556130000000003e-01	8.921675000000000438e-03	7.523252150000000471e-01	1.392556130000000003e-01	5.839463089999999967e-01	1.134970800999999918e+00	5.402476781999999922e+00
1.441660090000000116e-01	9.562414999999999457e-03	7.788516810000000179e-01	1.441660090000000116e-01	7.080019210000000340e-01	9.217304069999999738e-01	5.402464043000000160e+00
1.492495550000000060e-01	1.024920699999999976e-02	8.063133080000000064e-01	1.492495550000000060e-01	7.274371189999999654e-01	6.684966660000000171e-01	5.402450348000000346e+00
1.545123549999999901e-01	1.098536500000000041e-02	8.347430489999999592e-01	1.545123549999999901e-01	6.288792380000000071e-01	4.309008830000000123e-01	5.402435622999999687e+00
1.599607299999999954e-01	1.177444499999999970e-02	8.641750139999999636e-01	1.599607299999999954e-01	4.330621900000000135e-01	2.649577049999999878e-01	5.402419786000000279e+00
1.656012249999999908e-01	1.262025599999999984e-02	8.946445140000000018e-01	1.656012249999999908e-01	1.868596560000000129e-01	2.054507419999999918e-01	5.402402750000000253e+00
1.714406139999999912e-01	1.352688600000000012e-02	9.261880999999999586e-01	1.714406139999999912e-01	-5.591759599999999997e-02	2.577136740000000037e-01	5.402384419999999743e+00
1.774859089999999973e-01	1.449871600000000003e-02	9.588436089999999856e-01	1.774859089999999973e-01	-2.500434779999999857e-01	4.036728090000000213e-01	5.402364691999999913e+00
1.837443719999999892e-01	1.554044599999999943e-02	9.926502080000000339e-01	1.837443719999999892e-01	-3.641262829999999950e-01	6.119378039999999741e-01	5.402343453000000295e+00
1.902235200000000070e-01	1.665711300000000117e-02	1.027648437999999942e+00	1.902235200000000070e-01	-3.795811190000000224e-01	8.434679720000000103e-01	5.402320581999999760e+00
1.969311340000000077e-01	1.785412399999999900e-02	1.063880265999999963e+00	1.969311340000000077e-01	-2.908997700000000020e-01	1.051374838000000089e+00	5.402295945999999738e+00
2.038752699999999973e-01	1.913727100000000084e-02	1.101389130000000049e+00	2.038752699999999973e-01	-1.137160160000000031e-01	1.179905380999999975e+00	5.402269398999999694e+00
2.110642679999999993e-01	2.051277199999999856e-02	1.140219995999999902e+00	2.110642679999999993e-01	9.834641700000000542e-02	1.175090388999999957e+00	5.402240783999999962e+00
2.185067629999999927e-01	2.198729300000000150e-02	1.180419402999999923e+00	2.185067629999999927e-01	2.458100410000000069e-01	1.022279237000000007e+00	5.402209928000000438e+00
2.262116929999999915e-01	2.356798400000000016e-02	1.222035524999999900e+00	2.262116929999999915e-01	2.255005399999999993e-01	7.940147889999999986e-01	5.402176643999999861e+00
2.341883130000000091e-01	2.526251499999999928e-02	1.265118221000000043e+00	2.341883130000000091e-01	1.942593899999999971e-02	6.328478520000000440e-01	5.402140725999999837e+00
2.424462019999999995e-01	2.707911400000000135e-02	1.309719099000000053e+00	2.424462019999999995e-01	-2.765265740000000250e-01	6.488688900000000315e-01	5.402101949999999597e+00
2.509952779999999883e-01	2.902660699999999941e-02	1.355891570999999907e+00	2.509952779999999883e-01	-5.277443370000000078e-01	8.521467700000000534e-01	5.402060070000000103e+00
2.598458100000000104e-01	3.111446299999999845e-02	1.403690917999999899e+00	2.598458100000000104e-01	-6.323820150000000195e-01	1.175699059000000046e+00	5.402014816000000330e+00
2.690084280000000216e-01	3.335284300000000007e-02	1.453174352000000003e+00	2.690084280000000216e-01	-5.366618749999999549e-01	1.509790673999999999e+00	5.401965892999999852e+00
2.784941349999999760e-01	3.575264499999999956e-02	1.504401082000000001e+00	2.784941349999999760e-01	-2.538545320000000216e-01	1.703875966000000020e+00	5.401912978000000365e+00
2.883143249999999824e-01	3.832556799999999736e-02	1.557432383000000087e+00	2.883143249999999824e-01	5.841018399999999694e-02	1.609353298000000043e+00	5.401855714999999947e+00
2.984807919999999948e-01	4.108416200000000046e-02	1.612331664000000053e+00	2.984807919999999948e-01	9.915606400000000209e-02	1.286525024999999989e+00	5.401793711999999914e+00
3.090057460000000256e-01	4.404189700000000346e-02	1.669164539000000058e+00	3.090057460000000256e-01	-2.322378850000000050e-01	1.100318152999999910e+00	5.401726540000000298e+00
3.199018279999999992e-01	4.721323200000000081e-02	1.727998903000000031e+00	3.199018279999999992e-01	-6.484524849999999674e-01	1.307758589000000082e+00	5.401653723999999990e+00
3.311821260000000211e-01	5.061368200000000012e-02	1.788905007000000102e+00	3.311821260000000211e-01	-8.153199070000000104e-01	1.839267240999999942e+00	5.401574743000000289e+00
3.428601860000000112e-01	5.425990599999999664e-02	1.851955532999999932e+00	3.428601860000000112e-01	-5.035861700000000551e-01	2.446808388000000001e+00	5.401489021999999807e+00
3.549500360000000243e-01	5.816978200000000321e-02	1.917225675999999934e+00	3.549500360000000243e-01	3.696242980000000178e-01	2.604525116000000029e+00	5.401395924000000015e+00
3.674661940000000238e-01	6.236251000000000294e-02	1.984793224999999994e+00	3.674661940000000238e-01	1.006549423000000054e+00	1.645682902999999975e+00	5.401294748999999840e+00
3.804236939999999789e-01	6.685870100000000649e-02	2.054738643999999947e+00	3.804236939999999789e-01	1.959942590000000040e-01	6.491170330000000099e-01	5.401184720999999911e+00
3.938380980000000253e-01	7.168048700000000106e-02	2.127145161000000062e+00	3.938380980000000253e-01	-9.884596749999999821e-01	8.823940019999999551e-01	5.401064982000000292e+00
4.077255180000000090e-01	7.685163700000000042e-02	2.202098848999999969e+00	4.077255180000000090e-01	-1.582567076999999989e+00	1.834622530999999945e+00	5.400934581999999651e+00
4.221026319999999776e-01	8.239767700000000250e-02	2.279688716999999976e+00	4.221026319999999776e-01	-1.367372385999999995e+00	2.985428589000000077e+00	5.400792472000000011e+00
4.369867080000000015e-01	8.834602399999999522e-02	2.360006798000000128e+00	4.369867080000000015e-01	-1.284384150000000002e-01	3.529080399999999784e+00	5.400637485999999932e+00
4.523956230000000245e-01	9.472612800000000666e-02	2.443148236999999945e+00	4.523956230000000245e-01	6.019017359999999650e-01	2.284806924000000183e+00	5.400468333000000065e+00
4.683478830000000204e-01	1.015696279999999951e-01	2.529211386000000061e+00	4.683478830000000204e-01	-5.984226679999999909e-01	1.694638085000000016e+00	5.400283583000000220e+00
4.848626480000000072e-01	1.089105120000000010e-01	2.618297887999999851e+00	4.848626480000000072e-01	-1.501301306000000002e+00	2.600508732000000212e+00	5.400081647999999568e+00
5.019597519999999813e-01	1.167853009999999941e-01	2.710512773000000042e+00	5.019597519999999813e-01	-1.295694903000000009e+00	4.018779109999999655e+00	5.399860766999999839e+00
5.196597299999999864e-01	1.252332359999999978e-01	2.805964545000000143e+00	5.196597299999999864e-01	3.513814319999999936e-01	4.601055159999999589e+00	5.399618986000000120e+00
5.379838399999999909e-01	1.342964849999999932e-01	2.904765272000000120e+00	5.379838399999999909e-01	9.494548019999999866e-01	3.138618602999999840e+00	5.399354134000000194e+00
5.569540910000000400e-01	1.440203650000000113e-01	3.007030670999999877e+00	5.569540910000000400e-01	-1.364966100000000043e-02	2.978323194000000118e+00	5.399063802999999773e+00
5.765932649999999660e-01	1.544535800000000070e-01	3.112880191999999990e+00	5.765932649999999660e-01	3.925900200000000118e-02	3.776938597000000009e+00	5.398745322999999985e+00
5.969249509999999814e-01	1.656484739999999900e-01	3.222437103999999941e+00	5.969249509999999814e-01	9.125457740000000317e-01	3.523823874000000078e+00	5.398395726000000394e+00
6.179735680000000286e-01	1.776613109999999884e-01	3.335828562000000108e+00	6.179735680000000286e-01	3.711188369999999792e-01	2.739754202999999944e+00	5.398011720999999596e+00
6.397643960000000130e-01	1.905525620000000087e-01	3.453185684999999783e+00	6.397643960000000130e-01	-3.425317769999999817e-01	3.291694211999999897e+00	5.397589658000000234e+00
6.623236059999999537e-01	2.043872260000000052e-01	3.574643615999999913e+00	6.623236059999999537e-01	2.554916100000000079e-02	4.021891519999999609e+00	5.397125488000000360e+00
6.856782940000000215e-01	2.192351670000000086e-01	3.700341577000000104e+00	6.856782940000000215e-01	5.464483999999999453e-01	3.709739643999999892e+00	5.396614725000000057e+00
7.098565079999999972e-01	2.351714749999999909e-01	3.830422915000000206e+00	7.098565079999999972e-01	1.296046909999999941e-01	3.469257386000000221e+00	5.396052398000000139e+00
7.348872889999999991e-01	2.522768559999999938e-01	3.965035133999999850e+00	7.348872889999999991e-01	-1.411408150000000028e-01	3.906520743999999823e+00	5.395433004000000032e+00
7.608006990000000247e-01	2.706380420000000231e-01	4.104329916000000189e+00	7.608006990000000247e-01	6.933638300000000143e-02	4.305521212999999570e+00	5.394750453000000334e+00
7.876278610000000402e-01	2.903482350000000101e-01	4.248463119000000177e+00	7.876278610000000402e-01	4.071718220000000166e-01	4.404769890999999937e+00	5.393998015000000201e+00
8.154009960000000445e-01	3.115075780000000072e-01	4.397594765000000017e+00	8.154009960000000445e-01	7.316296009999999628e-01	4.123201234999999798e+00	5.393168254999999967e+00
8.441534600000000221e-01	3.342236510000000105e-01	4.551888998999999991e+00	8.441534600000000221e-01	3.792737869999999734e-01	3.505541630000000186e+00	5.392252969000000284e+00
8.739197859999999762e-01	3.586120090000000094e-01	4.711514025999999689e+00	8.739197859999999762e-01	-5.375855170000000127e-01	3.579038200999999919e+00	5.391243112999999809e+00
9.047357240000000189e-01	3.847967429999999966e-01	4.876642020000000244e+00	9.047357240000000189e-01	-1.224735743000000099e+00	4.254699371000000063e+00	5.390128729999999813e+00
9.366382869999999583e-01	4.129110750000000163e-01	5.047449001999999574e+00	9.366382869999999583e-01	-1.531313039999999903e+00	5.310989756999999756e+00	5.388898866999999981e+00
9.696657890000000002e-01	4.430979919999999961e-01	5.224114675000000041e+00	9.696657890000000002e-01	-1.137377386999999906e+00	6.415302500000000130e+00	5.387541492999999626e+00
1.003857898999999998e+00	4.755109120000000078e-01	5.406822226000000065e+00	1.003857898999999998e+00	-3.003887100000000032e-01	7.013802014999999557e+00	5.386043412000000252e+00
1.039255682999999930e+00	5.103143789999999846e-01	5.595758080000000412e+00	1.039255682999999930e+00	4.625135650000000154e-01	6.925098198999999788e+00	5.384390167000000282e+00
1.075901653999999930e+00	5.476848020000000261e-01	5.791111603000000052e+00	1.075901653999999930e+00	7.160645549999999915e-01	6.725870203000000380e+00	5.382565944000000435e+00
1.113839825999999977e+00	5.878112220000000221e-01	5.993074743000000204e+00	1.113839825999999977e+00	6.826224450000000221e-01	6.486038223000000436e+00	5.380553469999999727e+00
1.153115764999999904e+00	6.308961119999999534e-01	6.201841620999999805e+00	1.153115764999999904e+00	3.163272799999999885e-01	6.576303592000000364e+00	5.378333910000000273e+00
1.193776641999999999e+00	6.771562150000000058e-01	6.417608036999999932e+00	1.193776641999999999e+00	-1.070904889999999970e-01	7.257816885000000440e+00	5.375886754999999795e+00
1.235871291999999899e+00	7.268234059999999497e-01	6.640570914999999630e+00	1.235871291999999899e+00	2.472921040000000126e-01	8.349985828999999526e+00	5.373189714999999644e+00
1.279450272999999916e+00	7.801455849999999748e-01	6.870927655000000023e+00	1.279450272999999916e+00	1.485965125999999970e+00	8.852233317999999684e+00	5.370218600000000286e+00
1.324565924999999922e+00	8.373875969999999835e-01	7.108875395000000097e+00	1.324565924999999922e+00	2.185972354000000006e+00	8.239516290999999271e+00	5.366947208000000025e+00
1.371272433999999985e+00	8.988321719999999848e-01	7.354610175000000361e+00	1.371272433999999985e+00	2.146239518999999873e+00	7.845035903000000310e+00	5.363347201999999925e+00
1.419625896000000109e+00	9.647808810000000346e-01	7.608325992000000149e+00	1.419625896000000109e+00	2.074577033999999820e+00	7.656040862000000224e+00	5.359387998999999958e+00
1.469684385999999954e+00	1.035555102000000005e+00	7.870213739000000430e+00	1.469684385999999954e+00	1.740685655000000054e+00	7.561452744000000337e+00	5.355036640999999875e+00
1.521508026000000013e+00	1.111496999000000097e+00	8.140460009999999968e+00	1.521508026000000013e+00	1.277614518000000032e+00	8.176701790999999275e+00	5.350257687000000040e+00
1.575159057000000029e+00	1.192970486999999968e+00	8.419245777000000430e+00	1.575159057000000029e+00	1.209218641000000094e+00	8.773224255000000582e+00	5.345013087999999968e+00
1.630701917999999973e+00	1.280362186000000069e+00	8.706744909999999393e+00	1.630701917999999973e+00	1.650814586000000084e+00	9.323326251999999315e+00	5.339262077999999967e+00
1.688203316999999926e+00	1.374082357999999893e+00	9.003122546000000170e+00	1.688203316999999926e+00	2.185014930999999994e+00	9.641698954000000654e+00	5.332961058000000421e+00
1.747732314999999925e+00	1.474565799999999927e+00	9.308533283999999242e+00	1.747732314999999925e+00	2.280480806999999999e+00	9.708189765000000193e+00	5.326063494999999648e+00
1.809360410999999891e+00	1.582272684000000096e+00	9.623119206000000148e+00	1.809360410999999891e+00	2.411231621000000214e+00	1.004026590099999972e+01	5.318519819999999676e+00
1.873161620000000083e+00	1.697689329999999996e+00	9.947007698000000175e+00	1.873161620000000083e+00	3.032998758999999822e+00	1.042571507100000083e+01	5.310277335000000321e+00
1.939212571999999968e+00	1.821328888000000035e+00	1.028030908699999912e+01	1.939212571999999968e+00	3.682086276999999797e+00	9.990174467999999308e+00	5.301280135999999921e+00
2.007592595999999840e+00	1.953731909999999905e+00	1.062311405500000028e+01	2.007592595999999840e+00	3.224597687000000157e+00	9.337973041999999779e+00	5.291469035000000432e+00
2.078383818999999910e+00	2.095466776999999947e+00	1.097549084699999966e+01	2.078383818999999910e+00	2.218920699999999968e+00	9.794337627999999185e+00	5.280781514000000065e+00
2.151671263999999972e+00	2.247129968999999949e+00	1.133748225199999915e+01	2.151671263999999972e+00	2.034529463999999788e+00	1.132265765100000010e+01	5.269151679000000144e+00
2.227542951999999854e+00	2.409346128000000142e+00	1.170910236099999935e+01	2.227542951999999854e+00	3.680376750000000197e+00	1.242887923400000005e+01	5.256510250999999911e+00
2.306090009000000052e+00	2.582767892000000121e+00	1.209033309700000025e+01	2.306090009000000052e+00	5.045326122999999718e+00	1.083502245700000088e+01	5.242784561999999760e+00
2.387406771999999844e+00	2.768075452000000158e+00	1.248112051999999927e+01	2.387406771999999844e+00	3.573336750999999811e+00	9.517831310000000045e+00	5.227898599999999618e+00
2.471590905999999865e+00	2.965975799999999829e+00	1.288137091800000000e+01	2.471590905999999865e+00	1.746612155000000000e+00	1.021452193300000033e+01	5.211773067000000204e+00
2.558743520000000160e+00	3.177201612999999814e+00	1.329094668800000001e+01	2.558743520000000160e+00	6.834439270000000066e-01	1.197117153399999978e+01	5.194325488999999685e+00
2.648969287999999978e+00	3.402509725999999901e+00	1.370966203000000050e+01	2.648969287999999978e+00	5.132130209999999915e-01	1.434292845699999930e+01	5.175470359000000187e+00
2.742376573000000040e+00	3.642679154000000086e+00	1.413727848099999918e+01	2.742376573000000040e+00	1.854030027000000080e+00	1.704412622699999957e+01	5.155119328999999695e+00
2.839077563000000026e+00	3.898508595000000021e+00	1.457350031300000026e+01	2.839077563000000026e+00	5.232859729000000293e+00	1.823797497900000053e+01	5.133181461000000390e+00
2.939188398999999841e+00	4.170813370000000297e+00	1.501796984699999982e+01	2.939188398999999841e+00	7.283982264999999678e+00	1.620310763299999834e+01	5.109563528999999882e+00
3.042829316999999811e+00	4.460421751000000157e+00	1.547026272299999938e+01	3.042829316999999811e+00	6.811251397000000374e+00	1.501394631299999993e+01	5.084170391999999872e+00
3.150124796000000060e+00	4.768170610000000309e+00	1.592988320799999968e+01	3.150124796000000060e+00	6.520893681000000441e+00	1.578073589799999965e+01	5.056905437000000170e+00
3.261203699999999817e+00	5.094900355000000047e+00	1.639625958999999966e+01	3.261203699999999817e+00	7.605122083000000366e+00	1.595192710599999941e+01	5.027671097999999894e+00
3.376199440999999801e+00	5.441449107000000396e+00	1.686873977300000149e+01	3.376199440999999801e+00	8.275732535999999584e+00	1.497855732000000017e+01	4.996369458000000208e+00
3.495250132999999870e+00	5.808646075999999603e+00	1.734658715300000154e+01	3.495250132999999870e+00	7.419105639999999724e+00	1.373308822899999981e+01	4.962902938000000042e+00
3.618498760000000036e+00	6.197304123000000331e+00	1.782897689500000027e+01	3.618498760000000036e+00	5.529345708000000137e+00	1.437426958800000065e+01	4.927175073999999988e+00
3.746093349000000128e+00	6.608211479000000388e+00	1.831499274900000174e+01	3.746093349000000128e+00	4.541123219000000155e+00	1.662528048900000144e+01	4.889091393000000174e+00
3.878187146000000141e+00	7.042122651999999761e+00	1.880362451699999937e+01	3.878187146000000141e+00	5.683226396000000236e+00	1.937009521599999928e+01	4.848560373999999840e+00
4.014938800999999557e+00	7.499748513000000116e+00	1.929376634799999835e+01	4.014938800999999557e+00	8.457858413000000297e+00	2.001089572600000110e+01	4.805494505999999610e+00
4.156512558000000190e+00	7.981745647000000332e+00	1.978421599300000011e+01	4.156512558000000190e+00	9.422145364000000356e+00	1.887923043800000045e+01	4.759811432000000231e+00
4.303078454000000441e+00	8.488705005999999997e+00	2.027367519999999956e+01	4.303078454000000441e+00	9.285152726999999828e+00	1.896560097200000072e+01	4.711435178000000334e+00
4.454812518999999860e+00	9.021140000000000825e+00	2.076075139399999969e+01	4.454812518999999860e+00	1.001251556899999962e+01	1.940502371099999834e+01	4.660297444000000233e+00
4.611896992000000139e+00	9.579474138000000139e+00	2.124396081300000105e+01	4.611896992000000139e+00	1.038388669999999969e+01	1.879015954500000163e+01	4.606338963999999869e+00
4.774520539000000063e+00	1.016402840800000007e+01	2.172173323000000167e+01	4.774520539000000063e+00	9.240653122999999525e+00	1.918982692499999843e+01	4.549510899000000386e+00
4.942878474999999661e+00	1.077500857799999956e+01	2.219241841399999871e+01	4.942878474999999661e+00	9.373869517999999346e+00	2.149284549200000072e+01	4.489776255999999854e+00
5.117173006999999885e+00	1.141249267899999964e+01	2.265429441299999880e+01	5.117173006999999885e+00	1.203724677399999976e+01	2.265626804800000116e+01	4.427111294000000363e+00
5.297613468999999853e+00	1.207641892000000006e+01	2.310557774200000125e+01	5.297613468999999853e+00	1.297817674400000065e+01	2.116188014100000103e+01	4.361506909000000043e+00
5.484416576000000099e+00	1.276657434000000002e+01	2.354443550999999957e+01	5.484416576000000099e+00	1.225998381900000034e+01	2.116271290399999927e+01	4.292969942000000039e+00
5.677806688000000435e+00	1.348258451499999921e+01	2.396899946899999989e+01	5.677806688000000435e+00	1.246771129899999941e+01	2.203220223399999966e+01	4.221524399999999844e+00
5.878016072000000314e+00	1.422390464999999971e+01	2.437738192100000134e+01	5.878016072000000314e+00	1.199564844300000033e+01	2.289435221300000123e+01	4.147212532000000174e+00
6.085285189999999567e+00	1.498981239000000087e+01	2.476769333700000075e+01	6.085285189999999567e+00	1.252870896499999986e+01	2.590095505800000097e+01	4.070095742000000349e+00
6.299862978000000169e+00	1.577940268699999926e+01	2.513806152300000107e+01	6.299862978000000169e+00	1.667476366500000040e+01	2.755354465799999986e+01	3.990255282000000125e+00
6.522007154999999834e+00	1.659158502300000038e+01	2.548665203899999909e+01	6.522007154999999834e+00	1.913274557800000153e+01	2.643899082300000103e+01	3.907792714000000167e+00
6.751984522999999960e+00	1.742508326100000104e+01	2.581168958199999963e+01	6.751984522999999960e+00	2.088892987399999868e+01	2.420083473600000090e+01	3.822830086999999821e+00
6.990071294999999907e+00	1.827843836499999952e+01	2.611147991900000065e+01	6.990071294999999907e+00	2.041777450100000024e+01	2.286488674199999949e+01	3.735509813000000179e+00
7.236553423000000151e+00	1.915001412599999853e+01	2.638443195600000024e+01	7.236553423000000151e+00	1.980646086400000172e+01	2.296069563700000060e+01	3.645994221000000035e+00
7.491726940999999584e+00	2.003800601300000039e+01	2.662907946099999990e+01	7.491726940999999584e+00	1.998624287399999844e+01	2.404779505899999847e+01	3.554464767999999886e+00
7.755898323000000261e+00	2.094045312100000089e+01	2.684410192500000036e+01	7.755898323000000261e+00	2.159531364400000086e+01	2.491456526099999991e+01	3.461120918000000213e+00
8.029384849999999574e+00	2.185525315399999968e+01	2.702834407499999969e+01	8.029384849999999574e+00	2.365396952300000066e+01	2.424660882399999906e+01	3.366178677000000175e+00
8.312514990000000381e+00	2.278018023699999972e+01	2.718083351099999945e+01	8.312514990000000381e+00	2.465575824900000157e+01	2.242344154899999964e+01	3.269868811999999902e+00
8.605628792999999277e+00	2.371290529499999877e+01	2.730079600899999903e+01	8.605628792999999277e+00	2.388653313100000020e+01	2.083068145600000065e+01	3.172434770999999820e+00
8.909078300999999200e+00	2.465101862099999863e+01	2.738766805699999907e+01	8.909078300999999200e+00	2.244108462799999870e+01	2.057128510200000093e+01	3.074130357000000036e+00
9.223227968999999860e+00	2.559205418799999876e+01	2.744110627899999955e+01	9.223227968999999860e+00	2.128202697900000118e+01	2.169495458700000157e+01	2.975217177000000213e+00
9.548455103000000221e+00	2.653351519699999983e+01	2.746099346000000097e+01	9.548455103000000221e+00	2.117332229100000163e+01	2.372823230799999905e+01	2.875961939999999828e+00
9.885150314000000549e+00	2.747290030199999933e+01	2.744744100699999834e+01	9.885150314000000549e+00	2.278715258600000126e+01	2.571649977799999931e+01	2.776633651000000036e+00
1.023371798600000027e+01	2.840772993199999874e+01	2.740078777500000129e+01	1.023371798600000027e+01	2.521596129299999944e+01	2.590316565399999860e+01	2.677500768999999892e+00
1.059457676399999926e+01	2.933557211800000175e+01	2.732159528000000037e+01	1.059457676399999926e+01	2.649777768499999908e+01	2.465546755800000156e+01	2.578828383999999918e+00
1.096816005300000008e+01	3.025406726299999960e+01	2.721063946900000019e+01	1.096816005300000008e+01	2.633008154699999892e+01	2.426407967000000099e+01	2.480875492000000015e+00
1.135491654099999970e+01	3.116095132399999912e+01	2.706889925899999838e+01	1.135491654099999970e+01	2.657910977199999891e+01	2.548794378199999855e+01	2.383892401000000216e+00
1.175531073900000045e+01	3.205407694200000179e+01	2.689754219900000010e+01	1.175531073900000045e+01	2.816480368499999898e+01	2.556629258299999918e+01	2.288118348999999885e+00
1.216982353600000089e+01	3.293143211499999978e+01	2.669790765200000138e+01	1.216982353600000089e+01	2.895816104600000074e+01	2.451810363299999906e+01	2.193779356999999930e+00
1.259895277799999924e+01	3.379115612300000038e+01	2.647148795200000038e+01	1.259895277799999924e+01	2.911033579800000126e+01	2.463432789899999875e+01	2.101086369999999981e+00
1.304321386700000041e+01	3.463155247200000275e+01	2.621990803799999981e+01	1.304321386700000041e+01	2.892285292300000066e+01	2.494974175400000149e+01	2.010233696999999875e+00
1.350314037899999953e+01	3.545109874900000335e+01	2.594490406699999951e+01	1.350314037899999953e+01	2.917720303999999842e+01	2.634039122800000143e+01	1.921397789000000023e+00
1.397928470299999937e+01	3.624845335999999918e+01	2.564830153200000140e+01	1.397928470299999937e+01	3.152355246200000138e+01	2.719019490699999864e+01	1.834736332000000081e+00
1.447221870699999968e+01	3.702245920899999732e+01	2.533199334400000069e+01	1.447221870699999968e+01	3.361239200800000049e+01	2.639531408099999865e+01	1.750387681000000084e+00
1.498253442699999916e+01	3.777214446299999651e+01	2.499791834999999907e+01	1.498253442699999916e+01	3.443169571699999665e+01	2.480505284099999841e+01	1.668470609999999965e+00
1.551084477000000028e+01	3.849672060500000015e+01	2.464804068400000148e+01	1.551084477000000028e+01	3.357860401599999989e+01	2.422729444200000160e+01	1.589084350000000034e+00
1.605778425800000164e+01	3.919557803600000057e+01	2.428433027899999885e+01	1.605778425800000164e+01	3.327128710699999914e+01	2.520179619600000009e+01	1.512308913999999893e+00
1.662400978899999870e+01	3.986827952699999855e+01	2.390874484400000100e+01	1.662400978899999870e+01	3.431084584999999976e+01	2.651342000200000015e+01	1.438205651999999946e+00
1.721020142200000080e+01	4.051455184099999940e+01	2.352321350200000083e+01	1.721020142200000080e+01	3.610633273399999865e+01	2.705088300699999948e+01	1.366818024000000076e+00
1.781706319499999935e+01	4.113427585600000214e+01	2.312962224300000003e+01	1.781706319499999935e+01	3.800773842499999944e+01	2.683355500300000074e+01	1.298172542999999957e+00
1.844532397600000095e+01	4.172747553399999987e+01	2.272980128900000096e+01	1.844532397600000095e+01	3.989258788299999736e+01	2.595312248600000160e+01	1.232279861999999948e+00
1.909573832899999957e+01	4.229430604699999918e+01	2.232551439299999885e+01	1.909573832899999957e+01	4.090374517800000120e+01	2.398355776200000022e+01	1.169135961999999918e+00
1.976908742799999885e+01	4.283504137300000281e+01	2.191845005600000107e+01	1.976908742799999885e+01	3.996693340299999875e+01	2.243855653299999986e+01	1.108723412000000019e+00
2.046617999400000087e+01	4.335006162999999901e+01	2.151021460500000160e+01	2.046617999400000087e+01	3.899435778899999860e+01	2.300236132899999930e+01	1.051012676000000035e+00
2.118785326100000077e+01	4.383984040600000043e+01	2.110232702800000126e+01	2.118785326100000077e+01	3.962260429700000230e+01	2.445176789399999961e+01	9.959634309999999546e-01
2.193497398899999951e+01	4.430493229399999677e+01	2.069621545700000098e+01	2.193497398899999951e+01	4.109237811399999885e+01	2.463775661000000028e+01	9.435258720000000432e-01
2.270843949900000069e+01	4.474596080799999953e+01	2.029321514700000151e+01	2.270843949900000069e+01	4.230148389400000042e+01	2.435413807899999838e+01	8.936419939999999951e-01
2.350917875500000065e+01	4.516360683599999959e+01	1.989456779700000055e+01	2.350917875500000065e+01	4.363941575199999789e+01	2.419076367999999988e+01	8.462468210000000379e-01
2.433815347499999859e+01	4.555859773299999915e+01	1.950142205599999912e+01	2.433815347499999859e+01	4.450211707999999788e+01	2.316887510500000147e+01	8.012695819999999802e-01
2.519635929300000043e+01	4.593169715300000178e+01	1.911483506500000118e+01	2.519635929300000043e+01	4.540512936799999721e+01	2.268792368800000148e+01	7.586348029999999687e-01
2.608482694799999990e+01	4.628369564999999852e+01	1.873577484500000168e+01	2.608482694799999990e+01	4.600814497599999697e+01	2.128881630400000091e+01	7.182633370000000017e-01
2.700462352399999943e+01	4.661540211300000180e+01	1.836512341999999975e+01	2.700462352399999943e+01	4.574637430700000351e+01	2.058485691599999967e+01	6.800732990000000200e-01
2.795685373499999926e+01	4.692763601899999770e+01	1.800368050299999823e+01	2.795685373499999926e+01	4.564859969399999784e+01	2.016738751000000107e+01	6.439809239999999546e-01
2.894266124700000020e+01	4.722122050899999834e+01	1.765216763300000125e+01	2.894266124700000020e+01	4.579219383299999890e+01	2.030910530399999914e+01	6.099013319999999627e-01
2.996323005500000036e+01	4.749697626599999722e+01	1.731123263799999989e+01	2.996323005500000036e+01	4.633444058700000312e+01	2.030771523900000020e+01	5.777492149999999826e-01
3.101978590099999877e+01	4.775571616300000244e+01	1.698145431800000082e+01	3.101978590099999877e+01	4.703222253100000216e+01	1.994238470599999857e+01	5.474394430000000256e-01
3.211359775300000052e+01	4.799824063300000176e+01	1.666334726199999849e+01	3.211359775300000052e+01	4.742847798300000051e+01	1.932632435400000048e+01	5.188875870000000390e-01
3.324597932300000025e+01	4.822533372200000201e+01	1.635736672199999830e+01	3.324597932300000025e+01	4.745721746699999954e+01	1.876261744800000031e+01	4.920103739999999726e-01
3.441829064499999902e+01	4.843775977399999988e+01	1.606391346099999851e+01	3.441829064499999902e+01	4.736829256099999697e+01	1.847458343699999972e+01	4.667260679999999939e-01
3.563193971199999766e+01	4.863626068800000013e+01	1.578333854699999961e+01	3.563193971199999766e+01	4.734181045199999716e+01	1.841292058599999848e+01	4.429547950000000123e-01
3.688838416699999811e+01	4.882155369600000228e+01	1.551594802099999981e+01	3.688838416699999811e+01	4.731366793000000115e+01	1.853832879400000166e+01	4.206188040000000128e-01
3.818913304800000219e+01	4.899432961699999822e+01	1.526200742199999993e+01	3.818913304800000219e+01	4.751672688099999675e+01	1.893499344199999967e+01	3.996426790000000007e-01
3.953574860700000215e+01	4.915525152099999673e+01	1.502174612900000028e+01	3.953574860700000215e+01	4.829788018499999680e+01	1.930308673900000116e+01	3.799535019999999985e-01
4.092984818499999733e+01	4.930495375800000346e+01	1.479536151599999982e+01	4.092984818499999733e+01	4.926605459900000028e+01	1.909842362199999855e+01	3.614809769999999811e-01
4.237310614900000161e+01	4.944404131900000010e+01	1.458302288800000035e+01	4.237310614900000161e+01	4.982539844600000123e+01	1.852839464299999861e+01	3.441575139999999977e-01
4.386725590999999724e+01	4.957308945599999817e+01	1.438487520400000008e+01	4.386725590999999724e+01	4.988037021499999923e+01	1.810311544200000000e+01	3.279182820000000054e-01
4.541409200399999690e+01	4.969264355300000346e+01	1.420104257500000067e+01	4.541409200399999690e+01	4.996727480100000207e+01	1.795461337700000115e+01	3.127012330000000229e-01
4.701547224000000114e+01	4.980321918300000306e+01	1.403163154699999993e+01	4.701547224000000114e+01	5.023730309900000179e+01	1.816003650300000061e+01	2.984471040000000186e-01
4.867331994199999912e+01	4.990530233700000196e+01	1.387673415999999982e+01	4.867331994199999912e+01	5.097218038199999768e+01	1.831357857600000116e+01	2.850993969999999766e-01
5.038962625100000281e+01	4.999934978099999938e+01	1.373643079700000058e+01	5.038962625100000281e+01	5.158128299700000241e+01	1.796332333799999859e+01	2.726043400000000005e-01
5.216645251900000346e+01	5.008578951700000204e+01	1.361079282799999923e+01	5.216645251900000346e+01	5.225114023500000116e+01	1.759459292700000077e+01	2.609108379999999783e-01
5.400593278499999883e+01	5.016502133099999838e+01	1.349988506500000085e+01	5.400593278499999883e+01	5.260873650100000276e+01	1.679411540499999944e+01	2.499704080000000050e-01
5.591027634099999943e+01	5.023741739199999756e+01	1.340376802099999942e+01	5.591027634099999943e+01	5.244856756600000125e+01	1.648761079399999829e+01	2.397371090000000038e-01
5.788177037700000227e+01	5.030332289799999756e+01	1.332250000500000020e+01	5.788177037700000227e+01	5.251076960099999980e+01	1.650186609100000013e+01	2.301674589999999909e-01
5.992278273800000221e+01	5.036305673500000069e+01	1.325613904599999948e+01	5.992278273800000221e+01	5.296985933700000260e+01	1.649846072900000138e+01	2.212203510000000095e-01
6.203576476100000292e+01	5.041691214899999807e+01	1.320474467200000035e+01	6.203576476100000292e+01	5.348757446700000173e+01	1.607393165299999893e+01	2.128569660000000086e-01
6.422325422199999423e+01	5.046515741599999672e+01	1.316837954300000035e+01	6.422325422199999423e+01	5.364213501199999712e+01	1.555249435400000024e+01	2.050406770000000045e-01
6.648787838399999828e+01	5.050803648299999793e+01	1.314711095999999912e+01	6.648787838399999828e+01	5.354847299899999769e+01	1.522661553700000070e+01	1.977369599999999894e-01
6.883235715099999652e+01	5.054576959199999919e+01	1.314101224999999928e+01	6.883235715099999652e+01	5.366678408399999967e+01	1.500554962500000045e+01	1.909132970000000096e-01
7.125950633600000117e+01	5.057855386500000350e+01	1.315016404900000069e+01	7.125950633600000117e+01	5.380502955400000076e+01	1.481948612899999951e+01	1.845390839999999921e-01
7.377224104200000454e+01	5.060656385000000057e+01	1.317465548100000028e+01	7.377224104200000454e+01	5.363833483100000166e+01	1.447542911400000065e+01	1.785855399999999871e-01
7.637357916400000590e+01	5.062995200400000329e+01	1.321458525499999936e+01	7.637357916400000590e+01	5.359877059899999807e+01	1.429256871900000014e+01	1.730256119999999953e-01
7.906664501299999870e+01	5.064884914299999963e+01	1.327006268100000064e+01	7.906664501299999870e+01	5.360754704899999723e+01	1.429494419599999944e+01	1.678338910000000128e-01
