1.000000000000000021e-02	4.477799999999999717e-05	4.661069899999999849e-02	1.000000000000000021e-02	2.705272999999999792e-03	2.821561499999999945e-02	4.661069864999999979e+00
1.035261699999999972e-02	4.799100000000000181e-05	4.825427000000000188e-02	1.035261699999999972e-02	2.049039999999999802e-03	2.943679199999999982e-02	4.661069504000000308e+00
1.071766900000000085e-02	5.143499999999999797e-05	4.995579499999999729e-02	1.071766900000000085e-02	1.353697000000000060e-03	3.072428099999999912e-02	4.661069117000000261e+00
1.109559300000000082e-02	5.512700000000000261e-05	5.171731899999999771e-02	1.109559300000000082e-02	6.175720000000000428e-04	3.208268400000000020e-02	4.661068700999999592e+00
1.148684300000000005e-02	5.908300000000000335e-05	5.354095700000000013e-02	1.148684300000000005e-02	-1.609709999999999874e-04	3.351695999999999842e-02	4.661068257000000159e+00
1.189188899999999924e-02	6.332300000000000342e-05	5.542889899999999676e-02	1.189188899999999924e-02	-9.835079999999999083e-04	3.503245499999999707e-02	4.661067779999999772e+00
1.231121699999999930e-02	6.786799999999999463e-05	5.738341300000000117e-02	1.231121699999999930e-02	-1.851526999999999947e-03	3.663492000000000137e-02	4.661067269000000124e+00
1.274533299999999932e-02	7.273799999999999374e-05	5.940684499999999979e-02	1.274533299999999932e-02	-2.766399000000000115e-03	3.833054400000000111e-02	4.661066722000000162e+00
1.319475500000000072e-02	7.795800000000000136e-05	6.150162700000000315e-02	1.319475500000000072e-02	-3.729336000000000196e-03	4.012597400000000175e-02	4.661066135000000443e+00
1.366002499999999925e-02	8.355300000000000454e-05	6.367027299999999945e-02	1.366002499999999925e-02	-4.741353000000000234e-03	4.202834400000000220e-02	4.661065505999999914e+00
1.414170200000000079e-02	8.954999999999999473e-05	6.591538800000000531e-02	1.414170200000000079e-02	-5.803212999999999774e-03	4.404529699999999715e-02	4.661064833000000185e+00
1.464036299999999999e-02	9.597600000000000402e-05	6.823967000000000227e-02	1.464036299999999999e-02	-6.915374000000000174e-03	4.618500799999999962e-02	4.661064109999999872e+00
1.515660800000000023e-02	1.028639999999999963e-04	7.064590799999999338e-02	1.515660800000000023e-02	-8.077924000000000215e-03	4.845620400000000272e-02	4.661063335999999779e+00
1.569105599999999837e-02	1.102460000000000012e-04	7.313699299999999737e-02	1.569105599999999837e-02	-9.290503999999999776e-03	5.086817800000000001e-02	4.661062506000000383e+00
1.624435000000000115e-02	1.181580000000000027e-04	7.571591699999999370e-02	1.624435000000000115e-02	-1.055222899999999978e-02	5.343080399999999841e-02	4.661061616999999657e+00
1.681715400000000082e-02	1.266379999999999893e-04	7.838577600000000423e-02	1.681715400000000082e-02	-1.186159200000000066e-02	5.615453299999999953e-02	4.661060663999999854e+00
1.741015699999999902e-02	1.357270000000000102e-04	8.114977800000000574e-02	1.741015699999999902e-02	-1.321635999999999991e-02	5.905039499999999858e-02	4.661059641999999670e+00
1.802406900000000020e-02	1.454670000000000084e-04	8.401124100000000039e-02	1.802406900000000020e-02	-1.461346099999999947e-02	6.212998200000000026e-02	4.661058546999999663e+00
1.865962900000000049e-02	1.559069999999999965e-04	8.697360199999999708e-02	1.865962900000000049e-02	-1.604885400000000129e-02	6.540541499999999453e-02	4.661057374000000308e+00
1.931760000000000074e-02	1.670959999999999872e-04	9.004041899999999654e-02	1.931760000000000074e-02	-1.751739000000000074e-02	6.888930299999999896e-02	4.661056116000000138e+00
1.999877300000000094e-02	1.790879999999999903e-04	9.321537500000000309e-02	1.999877300000000094e-02	-1.901266299999999909e-02	7.259467099999999951e-02	4.661054767999999626e+00
2.070396399999999831e-02	1.919400000000000088e-04	9.650228199999999479e-02	2.070396399999999831e-02	-2.052684499999999843e-02	7.653487800000000063e-02	4.661053324000000053e+00
2.143402200000000049e-02	2.057150000000000048e-04	9.990508800000000300e-02	2.143402200000000049e-02	-2.205051400000000023e-02	8.072348599999999708e-02	4.661051774999999786e+00
2.218982300000000088e-02	2.204779999999999989e-04	1.034278790000000003e-01	2.218982300000000088e-02	-2.357247700000000140e-02	8.517411900000000646e-02	4.661050116000000187e+00
2.297227500000000033e-02	2.363010000000000132e-04	1.070748859999999941e-01	2.297227500000000033e-02	-2.507957400000000031e-02	8.990025799999999678e-02	4.661048337000000430e+00
2.378231800000000021e-02	2.532599999999999977e-04	1.108504879999999970e-01	2.378231800000000021e-02	-2.655650199999999919e-02	9.491500799999999516e-02	4.661046430999999934e+00
2.462092399999999889e-02	2.714349999999999923e-04	1.147592199999999951e-01	2.462092399999999889e-02	-2.798561999999999925e-02	1.002307979999999960e-01	4.661044387999999650e+00
2.548910100000000012e-02	2.909149999999999887e-04	1.188057750000000024e-01	2.548910100000000012e-02	-2.934678199999999834e-02	1.058590289999999934e-01	4.661042198999999719e+00
2.638789100000000012e-02	3.117929999999999877e-04	1.229950120000000008e-01	2.638789100000000012e-02	-3.061717799999999837e-02	1.118096459999999986e-01	4.661039852000000039e+00
2.731837399999999944e-02	3.341689999999999917e-04	1.273319619999999930e-01	2.731837399999999944e-02	-3.177122000000000279e-02	1.180906339999999999e-01	4.661037336999999781e+00
2.828166799999999939e-02	3.581510000000000206e-04	1.318218329999999994e-01	2.828166799999999939e-02	-3.278045899999999790e-02	1.247074309999999936e-01	4.661034640999999645e+00
2.927892899999999868e-02	3.838539999999999877e-04	1.364700169999999990e-01	2.927892899999999868e-02	-3.361358500000000138e-02	1.316622420000000127e-01	4.661031752000000417e+00
3.031135500000000163e-02	4.114009999999999868e-04	1.412820939999999970e-01	3.031135500000000163e-02	-3.423650699999999936e-02	1.389532609999999946e-01	4.661028656000000048e+00
3.138018599999999741e-02	4.409260000000000132e-04	1.462638440000000040e-01	3.138018599999999741e-02	-3.461255099999999835e-02	1.465737820000000136e-01	4.661025337999999962e+00
3.248670699999999661e-02	4.725689999999999947e-04	1.514212470000000088e-01	3.248670699999999661e-02	-3.470281800000000333e-02	1.545112170000000062e-01	4.661021780999999642e+00
3.363224499999999811e-02	5.064829999999999549e-04	1.567604959999999992e-01	3.363224499999999811e-02	-3.446673000000000098e-02	1.627460049999999991e-01	4.661017969000000427e+00
3.481817599999999929e-02	5.428310000000000210e-04	1.622880029999999862e-01	3.481817599999999929e-02	-3.386281700000000339e-02	1.712504489999999990e-01	4.661013883999999940e+00
3.604592599999999897e-02	5.817879999999999666e-04	1.680104040000000021e-01	3.604592599999999897e-02	-3.284981099999999959e-02	1.799874730000000089e-01	4.661009504999999997e+00
3.731696799999999897e-02	6.235400000000000100e-04	1.739345690000000111e-01	3.731696799999999897e-02	-3.138808500000000307e-02	1.889093749999999905e-01	4.661004811999999831e+00
3.863282999999999995e-02	6.682879999999999550e-04	1.800676119999999880e-01	3.863282999999999995e-02	-2.944153799999999974e-02	1.979565879999999889e-01	4.660999783000000285e+00
3.999509100000000344e-02	7.162479999999999498e-04	1.864168949999999991e-01	3.999509100000000344e-02	-2.697996500000000158e-02	2.070565619999999996e-01	4.660994392000000097e+00
4.140538800000000130e-02	7.676490000000000223e-04	1.929900410000000011e-01	4.140538800000000130e-02	-2.398201700000000131e-02	2.161228600000000000e-01	4.660988614999999946e+00
4.286541399999999752e-02	8.227389999999999573e-04	1.997949420000000031e-01	4.286541399999999752e-02	-2.043880199999999897e-02	2.250546109999999878e-01	4.660982423000000097e+00
4.437692299999999868e-02	8.817830000000000243e-04	2.068397660000000082e-01	4.437692299999999868e-02	-1.635817800000000100e-02	2.337365180000000042e-01	4.660975786999999926e+00
4.594173099999999954e-02	9.450630000000000011e-04	2.141329710000000053e-01	4.594173099999999954e-02	-1.176978000000000052e-02	2.420396629999999882e-01	4.660968675000000339e+00
4.756171700000000335e-02	1.012885000000000044e-03	2.216833109999999940e-01	4.756171700000000335e-02	-6.730744000000000310e-03	2.498234069999999973e-01	4.660961052000000215e+00
4.923882599999999943e-02	1.085573000000000050e-03	2.294998490000000058e-01	4.923882599999999943e-02	-1.332042999999999986e-03	2.569387539999999914e-01	4.660952882000000130e+00
5.097507300000000269e-02	1.163477999999999908e-03	2.375919689999999862e-01	5.097507300000000269e-02	4.294776000000000149e-03	2.632335989999999848e-01	4.660944126999999604e+00
5.277254399999999762e-02	1.246972999999999962e-03	2.459693819999999864e-01	5.277254399999999762e-02	9.970796999999999993e-03	2.685603180000000201e-01	4.660934742000000242e+00
5.463339600000000074e-02	1.336460000000000035e-03	2.546421420000000158e-01	5.463339600000000074e-02	1.546344900000000064e-02	2.727861899999999840e-01	4.660924685000000345e+00
5.655986500000000083e-02	1.432368000000000053e-03	2.636206589999999794e-01	5.655986500000000083e-02	2.048150600000000002e-02	2.758070770000000116e-01	4.660913906000000217e+00
5.855426400000000170e-02	1.535158999999999916e-03	2.729157079999999791e-01	5.855426400000000170e-02	2.467250400000000135e-02	2.775646529999999945e-01	4.660902354000000081e+00
6.061898999999999760e-02	1.645324999999999999e-03	2.825384420000000008e-01	6.061898999999999760e-02	2.762396699999999927e-02	2.780672390000000216e-01	4.660889971999999659e+00
6.275652099999999567e-02	1.763397000000000098e-03	2.925004090000000168e-01	6.275652099999999567e-02	2.887019700000000022e-02	2.774138329999999986e-01	4.660876702999999566e+00
6.496942599999999679e-02	1.889941000000000017e-03	3.028135599999999816e-01	6.496942599999999679e-02	2.790657200000000102e-02	2.758203399999999972e-01	4.660862480999999669e+00
6.726036200000000409e-02	2.025565999999999912e-03	3.134902700000000153e-01	6.726036200000000409e-02	2.421336600000000006e-02	2.736461150000000231e-01	4.660847238999999753e+00
6.963207899999999950e-02	2.170922000000000043e-03	3.245433480000000093e-01	6.963207899999999950e-02	1.729081899999999894e-02	2.714179529999999896e-01	4.660830903999999997e+00
7.208742799999999507e-02	2.326707999999999815e-03	3.359860510000000078e-01	7.208742799999999507e-02	6.706499999999999788e-03	2.698475080000000137e-01	4.660813397000000080e+00
7.462935699999999339e-02	2.493673000000000070e-03	3.478321059999999743e-01	7.462935699999999339e-02	-7.845278000000000668e-03	2.698371820000000088e-01	4.660794633000000076e+00
7.726091799999999787e-02	2.672616999999999961e-03	3.600957200000000080e-01	7.726091799999999787e-02	-2.647403400000000045e-02	2.724688210000000277e-01	4.660774523999999808e+00
7.998527299999999562e-02	2.864401999999999834e-03	3.727916009999999725e-01	7.998527299999999562e-02	-4.901805299999999893e-02	2.789696600000000082e-01	4.660752972000000049e+00
8.280569399999999913e-02	3.069946000000000046e-03	3.859349710000000155e-01	8.280569399999999913e-02	-7.497047799999999318e-02	2.906508669999999794e-01	4.660729875000000355e+00
8.572556700000000252e-02	3.290238999999999924e-03	3.995415909999999737e-01	8.572556700000000252e-02	-1.034155930000000001e-01	3.088160420000000128e-01	4.660705120000000257e+00
8.874840100000000453e-02	3.526337000000000048e-03	4.136277709999999774e-01	8.874840100000000453e-02	-1.329857839999999958e-01	3.346398039999999852e-01	4.660678589999999843e+00
9.187782399999999683e-02	3.779373999999999841e-03	4.282103959999999931e-01	9.187782399999999683e-02	-1.618501179999999873e-01	3.690197680000000258e-01	4.660650158000000154e+00
9.511759699999999818e-02	4.050566000000000236e-03	4.433069450000000078e-01	9.511759699999999818e-02	-1.877450489999999972e-01	4.124080339999999789e-01	4.660619686000000428e+00
9.847161000000000108e-02	4.341213000000000016e-03	4.589355059999999931e-01	9.847161000000000108e-02	-2.080571340000000047e-01	4.646304589999999957e-01	4.660587028000000132e+00
1.019438909999999948e-01	4.652713000000000161e-03	4.751148060000000006e-01	1.019438909999999948e-01	-2.199680569999999946e-01	5.247035460000000207e-01	4.660552028999999763e+00
1.055386100000000049e-01	4.986558999999999783e-03	4.918642260000000155e-01	1.055386100000000049e-01	-2.206749420000000128e-01	5.906614679999999673e-01	4.660514520000000438e+00
1.092600860000000063e-01	5.344355000000000286e-03	5.092038260000000260e-01	1.092600860000000063e-01	-2.077042859999999880e-01	6.594126460000000467e-01	4.660474321999999781e+00
1.131127880000000058e-01	5.727817999999999972e-03	5.271543690000000115e-01	1.131127880000000058e-01	-1.793434439999999908e-01	7.266614930000000472e-01	4.660431241000000391e+00
1.171013419999999972e-01	6.138788000000000057e-03	5.457373469999999838e-01	1.171013419999999972e-01	-1.352119920000000031e-01	7.869618529999999890e-01	4.660385071000000323e+00
1.212305399999999977e-01	6.579238000000000273e-03	5.649750009999999767e-01	1.212305399999999977e-01	-7.697028200000000098e-02	8.340161270000000515e-01	4.660335592000000027e+00
1.255053409999999925e-01	7.051281000000000389e-03	5.848903519999999467e-01	1.255053409999999925e-01	-9.088066000000000547e-03	8.613860250000000551e-01	4.660282566000000237e+00
1.299308779999999997e-01	7.557181999999999962e-03	6.055072240000000106e-01	1.299308779999999997e-01	6.055436899999999678e-02	8.637937249999999567e-01	4.660225738000000284e+00
1.345124679999999961e-01	8.099367999999999151e-03	6.268502750000000123e-01	1.345124679999999961e-01	1.206771569999999932e-01	8.390756019999999760e-01	4.660164838000000032e+00
1.392556130000000003e-01	8.680438999999999863e-03	6.489450220000000380e-01	1.392556130000000003e-01	1.578361169999999980e-01	7.904959950000000068e-01	4.660099573000000106e+00
1.441660090000000116e-01	9.303184000000000800e-03	6.718178740000000371e-01	1.441660090000000116e-01	1.593413429999999964e-01	7.285450140000000463e-01	4.660029631999999644e+00
1.492495550000000060e-01	9.970588000000000714e-03	6.954961600000000299e-01	1.492495550000000060e-01	1.175658440000000027e-01	6.708791309999999619e-01	4.659954679000000155e+00
1.545123549999999901e-01	1.068585099999999968e-02	7.200081590000000364e-01	1.545123549999999901e-01	3.417271499999999934e-02	6.393835939999999995e-01	4.659874356000000439e+00
1.599607299999999954e-01	1.145240200000000041e-02	7.453831359999999462e-01	1.599607299999999954e-01	-7.786601899999999465e-02	6.547590660000000007e-01	4.659788278999999811e+00
1.656012249999999908e-01	1.227391700000000051e-02	7.716513720000000021e-01	1.656012249999999908e-01	-1.957132920000000109e-01	7.306685689999999900e-01	4.659696036999999791e+00
1.714406139999999912e-01	1.315433100000000001e-02	7.988442009999999760e-01	1.714406139999999912e-01	-2.908280730000000203e-01	8.697125350000000088e-01	4.659597189000000306e+00
1.774859089999999973e-01	1.409786399999999988e-02	8.269940430000000120e-01	1.774859089999999973e-01	-3.338110699999999875e-01	1.061910973000000036e+00	4.659491263999999688e+00
1.837443719999999892e-01	1.510903499999999983e-02	8.561344419999999955e-01	1.837443719999999892e-01	-2.986171479999999989e-01	1.284455853000000092e+00	4.659377754000000316e+00
1.902235200000000070e-01	1.619268700000000075e-02	8.863001000000000351e-01	1.902235200000000070e-01	-1.670129300000000039e-01	1.501082712999999957e+00	4.659256120000000223e+00
1.969311340000000077e-01	1.735400900000000010e-02	9.175269219999999670e-01	1.969311340000000077e-01	6.366369299999999343e-02	1.661440293000000068e+00	4.659125781000000188e+00
2.038752699999999973e-01	1.859856099999999957e-02	9.498520510000000305e-01	2.038752699999999973e-01	3.665138439999999775e-01	1.705817291000000013e+00	4.658986115000000261e+00
2.110642679999999993e-01	1.993229900000000054e-02	9.833139060000000153e-01	2.110642679999999993e-01	6.695438830000000063e-01	1.586683456000000048e+00	4.658836457999999681e+00
2.185067629999999927e-01	2.136160299999999984e-02	1.017952232999999929e+00	2.185067629999999927e-01	8.622600219999999593e-01	1.312467043999999916e+00	4.658676097999999932e+00
2.262116929999999915e-01	2.289331000000000005e-02	1.053808137999999950e+00	2.262116929999999915e-01	8.534926179999999807e-01	9.806984109999999921e-01	4.658504270999999974e+00
2.341883130000000091e-01	2.453474300000000122e-02	1.090924138000000099e+00	2.341883130000000091e-01	6.494955940000000094e-01	7.379510479999999983e-01	4.658320160999999793e+00
2.424462019999999995e-01	2.629374799999999873e-02	1.129344201999999964e+00	2.424462019999999995e-01	3.594726360000000120e-01	6.815223780000000398e-01	4.658122892999999820e+00
2.509952779999999883e-01	2.817872800000000011e-02	1.169113802000000035e+00	2.509952779999999883e-01	1.190869660000000024e-01	8.069854090000000424e-01	4.657911530999999883e+00
2.598458100000000104e-01	3.019868499999999942e-02	1.210279952999999908e+00	2.598458100000000104e-01	2.129583100000000118e-02	1.031779706000000019e+00	4.657685073999999759e+00
2.690084280000000216e-01	3.236326300000000322e-02	1.252891270999999973e+00	2.690084280000000216e-01	9.002249599999999352e-02	1.237000641000000067e+00	4.657442448000000290e+00
2.784941349999999760e-01	3.468278799999999912e-02	1.296998013000000061e+00	2.784941349999999760e-01	2.650105609999999778e-01	1.305687878000000079e+00	4.657182505999999833e+00
2.883143249999999824e-01	3.716832300000000311e-02	1.342652138000000051e+00	2.883143249999999824e-01	4.006129270000000075e-01	1.190757167999999977e+00	4.656904016999999563e+00
2.984807919999999948e-01	3.983171399999999723e-02	1.389907347000000071e+00	2.984807919999999948e-01	3.516872540000000047e-01	9.911308290000000465e-01	4.656605669000000169e+00
3.090057460000000256e-01	4.268564799999999965e-02	1.438819145000000077e+00	3.090057460000000256e-01	1.236662949999999955e-01	8.921219150000000431e-01	4.656286052999999647e+00
3.199018279999999992e-01	4.574371399999999782e-02	1.489444892000000076e+00	3.199018279999999992e-01	-1.293120309999999940e-01	9.793177880000000224e-01	4.655943663999999593e+00
3.311821260000000211e-01	4.902045800000000286e-02	1.541843853000000042e+00	3.311821260000000211e-01	-2.707530969999999981e-01	1.173442901000000038e+00	4.655576893000000105e+00
3.428601860000000112e-01	5.253146100000000152e-02	1.596077259000000081e+00	3.428601860000000112e-01	-3.033468530000000274e-01	1.327441628999999956e+00	4.655184015999999758e+00
3.549500360000000243e-01	5.629340000000000038e-02	1.652208361000000014e+00	3.549500360000000243e-01	-3.720642359999999926e-01	1.381511221000000011e+00	4.654763191999999883e+00
3.674661940000000238e-01	6.032413400000000148e-02	1.710302481999999902e+00	3.674661940000000238e-01	-6.029859250000000337e-01	1.476894273999999951e+00	4.654312451000000017e+00
3.804236939999999789e-01	6.464277899999999744e-02	1.770427081000000014e+00	3.804236939999999789e-01	-8.951737050000000417e-01	1.819363974999999911e+00	4.653829685999999910e+00
3.938380980000000253e-01	6.926979900000000689e-02	1.832651803999999940e+00	3.938380980000000253e-01	-9.919800269999999864e-01	2.429829932000000081e+00	4.653312646999999913e+00
4.077255180000000090e-01	7.422709700000000577e-02	1.897048542999999921e+00	4.077255180000000090e-01	-6.848035080000000052e-01	3.107111768000000218e+00	4.652758927999999905e+00
4.221026319999999776e-01	7.953811600000000592e-02	1.963691494999999954e+00	4.221026319999999776e-01	2.318605699999999950e-02	3.475469037999999955e+00	4.652165956000000158e+00
4.369867080000000015e-01	8.522794300000000045e-02	2.032657213999999879e+00	4.369867080000000015e-01	6.835962290000000552e-01	3.266514662000000069e+00	4.651530984999999951e+00
4.523956230000000245e-01	9.132342300000000079e-02	2.104024673000000067e+00	4.523956230000000245e-01	8.280654480000000373e-01	2.914356301999999843e+00	4.650851079999999804e+00
4.683478830000000204e-01	9.785327800000000187e-02	2.177875315000000089e+00	4.683478830000000204e-01	8.337575919999999918e-01	2.945438577000000002e+00	4.650123106999999756e+00
4.848626480000000072e-01	1.048482369999999969e-01	2.254293108000000156e+00	4.848626480000000072e-01	1.267170453000000085e+00	3.051555233000000200e+00	4.649343718999999986e+00
5.019597519999999813e-01	1.123411700000000041e-01	2.333364598999999817e+00	5.019597519999999813e-01	1.892005544999999955e+00	2.456954563000000036e+00	4.648509344999999904e+00
5.196597299999999864e-01	1.203672320000000046e-01	2.415178966000000038e+00	5.196597299999999864e-01	1.543248538999999919e+00	1.328801316000000066e+00	4.647616171000000129e+00
5.379838399999999909e-01	1.289640200000000125e-01	2.499828062000000184e+00	5.379838399999999909e-01	3.056650189999999823e-01	1.091374687999999926e+00	4.646660129999999889e+00
5.569540910000000400e-01	1.381717339999999905e-01	2.587406466000000016e+00	5.569540910000000400e-01	-5.845465829999999530e-01	1.903003033000000066e+00	4.645636883999999966e+00
5.765932649999999660e-01	1.480333540000000059e-01	2.678011522999999894e+00	5.765932649999999660e-01	-5.755757580000000484e-01	3.088781454999999898e+00	4.644541804000000162e+00
5.969249509999999814e-01	1.585948189999999980e-01	2.771743385999999809e+00	5.969249509999999814e-01	4.126851530000000268e-01	3.788127129999999898e+00	4.643369960000000241e+00
6.179735680000000286e-01	1.699052299999999904e-01	2.868705045000000009e+00	6.179735680000000286e-01	1.308197123000000017e+00	3.145914435999999981e+00	4.642116094000000359e+00
6.397643960000000130e-01	1.820170520000000125e-01	2.969002361999999895e+00	6.397643960000000130e-01	8.910498159999999945e-01	2.444319940000000191e+00	4.640774608000000079e+00
6.623236059999999537e-01	1.949863380000000090e-01	3.072744091000000122e+00	6.623236059999999537e-01	3.137888340000000165e-01	2.646940575999999989e+00	4.639339535999999597e+00
6.856782940000000215e-01	2.088729589999999969e-01	3.180041896000000090e+00	6.856782940000000215e-01	1.383987259999999997e-01	3.161348762999999895e+00	4.637804529000000286e+00
7.098565079999999972e-01	2.237408529999999895e-01	3.291010360000000023e+00	7.098565079999999972e-01	3.586832589999999765e-01	3.782248366000000139e+00	4.636162831000000040e+00
7.348872889999999991e-01	2.396582879999999971e-01	3.405766982999999914e+00	7.348872889999999991e-01	1.215373687000000036e+00	4.057331095000000332e+00	4.634407253000000004e+00
7.608006990000000247e-01	2.566981320000000233e-01	3.524432176999999999e+00	7.608006990000000247e-01	1.896762931999999902e+00	3.253613349000000099e+00	4.632530150000000013e+00
7.876278610000000402e-01	2.749381499999999923e-01	3.647129238999999856e+00	7.876278610000000402e-01	1.416375935000000030e+00	2.335025224999999871e+00	4.630523397000000152e+00
8.154009960000000445e-01	2.944613099999999761e-01	3.773984323000000085e+00	8.154009960000000445e-01	4.001232049999999818e-01	2.254187186999999870e+00	4.628378359000000053e+00
8.441534600000000221e-01	3.153561040000000260e-01	3.905126387999999782e+00	8.441534600000000221e-01	-2.784103359999999805e-01	2.996483816000000022e+00	4.626085866000000379e+00
8.739197859999999762e-01	3.377168939999999897e-01	4.040687141000000260e+00	8.739197859999999762e-01	-2.094798190000000115e-01	3.902195019000000098e+00	4.623636183000000344e+00
9.047357240000000189e-01	3.616442650000000203e-01	4.180800951000000154e+00	9.047357240000000189e-01	4.201891589999999788e-01	4.434765571999999878e+00	4.621018977000000305e+00
9.366382869999999583e-01	3.872454069999999859e-01	4.325604752000000275e+00	9.366382869999999583e-01	1.073503596999999976e+00	4.132994906000000412e+00	4.618223291999999702e+00
9.696657890000000002e-01	4.146345069999999855e-01	4.475237922999999896e+00	9.696657890000000002e-01	9.176171910000000542e-01	3.638569346999999787e+00	4.615237510000000043e+00
1.003857898999999998e+00	4.439331670000000174e-01	4.629842142000000216e+00	1.003857898999999998e+00	4.403248759999999762e-01	3.550750888000000050e+00	4.612049318999999592e+00
1.039255682999999930e+00	4.752708319999999764e-01	4.789561214999999983e+00	1.039255682999999930e+00	4.154379799999999984e-02	3.884420460999999936e+00	4.608645680999999605e+00
1.075901653999999930e+00	5.087852480000000233e-01	4.954540878999999620e+00	1.075901653999999930e+00	-1.536756109999999897e-01	4.223404418000000327e+00	4.605012789999999967e+00
1.113839825999999977e+00	5.446229289999999779e-01	5.124928567999999629e+00	1.113839825999999977e+00	-2.950951580000000241e-01	4.590483847999999867e+00	4.601136039000000011e+00
1.153115764999999904e+00	5.829396550000000010e-01	5.300873147999999979e+00	1.153115764999999904e+00	-5.660224839999999924e-01	4.938141328000000385e+00	4.596999978999999570e+00
1.193776641999999999e+00	6.239009770000000232e-01	5.482524612999999825e+00	1.193776641999999999e+00	-9.248033089999999623e-01	5.536467632999999999e+00	4.592588279000000107e+00
1.235871291999999899e+00	6.676827459999999936e-01	5.670033736999999796e+00	1.235871291999999899e+00	-1.210539183999999935e+00	6.693570506999999559e+00	4.587883685000000433e+00
1.279450272999999916e+00	7.144716629999999791e-01	5.863551681999999765e+00	1.279450272999999916e+00	-7.764735600000000071e-01	8.334833701000000872e+00	4.582867974000000011e+00
1.324565924999999922e+00	7.644658380000000086e-01	6.063229554000000299e+00	1.324565924999999922e+00	1.114429926999999987e+00	9.653697538999999495e+00	4.577521917000000329e+00
1.371272433999999985e+00	8.178753709999999622e-01	6.269217908999999977e+00	1.371272433999999985e+00	3.399406395000000192e+00	9.181501690999999354e+00	4.571825226999999714e+00
1.419625896000000109e+00	8.749229379999999834e-01	6.481666188000000162e+00	1.419625896000000109e+00	4.417959920999999568e+00	7.761851605000000376e+00	4.565756516999999626e+00
1.469684385999999954e+00	9.358444009999999924e-01	6.700722102000000291e+00	1.469684385999999954e+00	4.515530464000000244e+00	6.182039221000000140e+00	4.559293250999999714e+00
1.521508026000000013e+00	1.000889409000000008e+00	6.926530933999999640e+00	1.521508026000000013e+00	3.574784301000000220e+00	5.150578244000000083e+00	4.552411698000000229e+00
1.575159057000000029e+00	1.070322019000000013e+00	7.159234770000000303e+00	1.575159057000000029e+00	2.655006527999999921e+00	5.271555148000000024e+00	4.545086883999999827e+00
1.630701917999999973e+00	1.144421305000000055e+00	7.398971651000000094e+00	1.630701917999999973e+00	2.185805729999999780e+00	5.440081131000000347e+00	4.537292543000000400e+00
1.688203316999999926e+00	1.223481969999999919e+00	7.645874627999999618e+00	1.688203316999999926e+00	1.727651865999999981e+00	5.895589790999999913e+00	4.529001069999999629e+00
1.747732314999999925e+00	1.307814942000000036e+00	7.900070730000000374e+00	1.747732314999999925e+00	1.440423011000000031e+00	6.470897060999999617e+00	4.520183474000000423e+00
1.809360410999999891e+00	1.397747955999999903e+00	8.161679830000000635e+00	1.809360410999999891e+00	1.414359681000000091e+00	7.196822573000000389e+00	4.510809334000000170e+00
1.873161620000000083e+00	1.493626101000000039e+00	8.430813396999999654e+00	1.873161620000000083e+00	1.815109027999999958e+00	7.937759073999999693e+00	4.500846753000000255e+00
1.939212571999999968e+00	1.595812344000000049e+00	8.707573139000000850e+00	1.939212571999999968e+00	2.628323157000000077e+00	8.232687297000000015e+00	4.490262318000000086e+00
2.007592595999999840e+00	1.704687996999999955e+00	8.992049528000000791e+00	2.007592595999999840e+00	3.266699700999999845e+00	7.851557588000000365e+00	4.479021065999999607e+00
2.078383818999999910e+00	1.820653126000000066e+00	9.284320192999999222e+00	2.078383818999999910e+00	3.297681830999999786e+00	7.285328555999999622e+00	4.467086450000000042e+00
2.151671263999999972e+00	1.944126892999999967e+00	9.584448182999999233e+00	2.151671263999999972e+00	2.961872867999999936e+00	6.921302393999999580e+00	4.454420312999999965e+00
2.227542951999999854e+00	2.075547804000000163e+00	9.892480099000000138e+00	2.227542951999999854e+00	2.370855680000000021e+00	6.726429848999999628e+00	4.440982873000000275e+00
2.306090009000000052e+00	2.215373848000000034e+00	1.020844408299999984e+01	2.306090009000000052e+00	1.465040541000000029e+00	6.908482987000000186e+00	4.426732713999999902e+00
2.387406771999999844e+00	2.364082524000000074e+00	1.053234766099999931e+01	2.387406771999999844e+00	5.562601379999999596e-01	7.758210749999999933e+00	4.411626785000000162e+00
2.471590905999999865e+00	2.522170703000000014e+00	1.086417545900000015e+01	2.471590905999999865e+00	1.356361560000000077e-01	9.222320274999999512e+00	4.395620421000000277e+00
2.558743520000000160e+00	2.690154338999999784e+00	1.120388675899999953e+01	2.558743520000000160e+00	6.456640150000000355e-01	1.092785149900000086e+01	4.378667369999999615e+00
2.648969287999999978e+00	2.868567972000000132e+00	1.155141293700000027e+01	2.648969287999999978e+00	2.333003017999999873e+00	1.205293069500000058e+01	4.360719843000000040e+00
2.742376573000000040e+00	3.057964018999999922e+00	1.190665475700000009e+01	2.742376573000000040e+00	4.407833285999999795e+00	1.130579349499999964e+01	4.341728584000000168e+00
2.839077563000000026e+00	3.258911814000000184e+00	1.226947955700000037e+01	2.839077563000000026e+00	4.433464694999999622e+00	8.963427212999999227e+00	4.321642957999999979e+00
2.939188398999999841e+00	3.471996369000000193e+00	1.263971831699999981e+01	2.939188398999999841e+00	2.458229670999999783e+00	8.124284461000000235e+00	4.300411066999999754e+00
3.042829316999999811e+00	3.697816825999999946e+00	1.301716264999999950e+01	3.042829316999999811e+00	4.511834809999999973e-01	8.962542258999999234e+00	4.277979896999999809e+00
3.150124796000000060e+00	3.936984574999999875e+00	1.340156172300000037e+01	3.150124796000000060e+00	-7.732138389999999584e-01	1.062740672300000000e+01	4.254295492999999873e+00
3.261203699999999817e+00	4.190120991999999767e+00	1.379261913600000078e+01	3.261203699999999817e+00	-1.469786443999999914e+00	1.292467902299999949e+01	4.229303166000000225e+00
3.376199440999999801e+00	4.457854786000000402e+00	1.418998980900000006e+01	3.376199440999999801e+00	-1.086183939999999959e+00	1.571751210699999923e+01	4.202947739999999932e+00
3.495250132999999870e+00	4.740818909999999775e+00	1.459327689700000086e+01	3.495250132999999870e+00	9.180611450000000229e-01	1.830807555199999825e+01	4.175173833999999751e+00
3.618498760000000036e+00	5.039647013999999814e+00	1.500202879000000067e+01	3.618498760000000036e+00	3.864444137000000001e+00	1.902474502300000125e+01	4.145926194000000287e+00
3.746093349000000128e+00	5.354969423000000006e+00	1.541573625500000055e+01	3.746093349000000128e+00	6.029929684999999928e+00	1.816595694200000111e+01	4.115150056000000056e+00
3.878187146000000141e+00	5.687408609000000226e+00	1.583382977199999964e+01	3.878187146000000141e+00	6.908371654999999834e+00	1.686073901800000030e+01	4.082791567000000121e+00
4.014938800999999557e+00	6.037574162000000300e+00	1.625567714099999961e+01	4.014938800999999557e+00	6.711795562999999909e+00	1.587202207800000053e+01	4.048798237999999827e+00
4.156512558000000190e+00	6.406057230000000047e+00	1.668058142399999966e+01	4.156512558000000190e+00	5.854111786999999900e+00	1.576555103499999966e+01	4.013119458000000250e+00
4.303078454000000441e+00	6.793424464000000107e+00	1.710777931399999829e+01	4.303078454000000441e+00	5.172728034000000363e+00	1.671477154700000156e+01	3.975707042999999885e+00
4.454812518999999860e+00	7.200211453999999733e+00	1.753644000999999975e+01	4.454812518999999860e+00	5.323624159000000411e+00	1.814810091100000022e+01	3.936515831999999993e+00
4.611896992000000139e+00	7.626915699999999632e+00	1.796566469400000088e+01	4.611896992000000139e+00	6.094404135999999639e+00	1.935556821799999838e+01	3.895504327999999905e+00
4.774520539000000063e+00	8.073989159999999998e+00	1.839448669000000081e+01	4.774520539000000063e+00	7.216676740999999673e+00	2.031533119499999884e+01	3.852635368000000060e+00
4.942878474999999661e+00	8.541830425000000560e+00	1.882187242299999852e+01	4.942878474999999661e+00	8.618348808000000361e+00	2.086774098100000074e+01	3.807876831000000184e+00
5.117173006999999885e+00	9.030776604999999790e+00	1.924672324000000145e+01	5.117173006999999885e+00	9.743386921999999117e+00	2.066645025900000121e+01	3.761202369999999906e+00
5.297613468999999853e+00	9.541095008999999294e+00	1.966787820600000103e+01	5.297613468999999853e+00	1.026418401699999983e+01	2.094504906199999894e+01	3.712592154999999838e+00
5.484416576000000099e+00	1.007297474599999987e+01	2.008411793300000170e+01	5.484416576000000099e+00	1.183675444200000015e+01	2.147520516599999851e+01	3.662033628000000096e+00
5.677806688000000435e+00	1.062651835600000005e+01	2.049416952600000030e+01	5.677806688000000435e+00	1.351930268799999979e+01	2.003658022700000174e+01	3.609522242000000158e+00
5.878016072000000314e+00	1.120173363400000000e+01	2.089671268500000068e+01	5.878016072000000314e+00	1.216744297299999999e+01	1.856847888300000093e+01	3.555062189000000039e+00
6.085285189999999567e+00	1.179852581399999956e+01	2.129038699999999906e+01	6.085285189999999567e+00	1.105115535999999921e+01	2.027968032700000123e+01	3.498667086000000204e+00
6.299862978000000169e+00	1.241669027000000014e+01	2.167380045000000166e+01	6.299862978000000169e+00	1.284867346200000071e+01	2.210059973999999983e+01	3.440360612000000096e+00
6.522007154999999834e+00	1.305590593900000052e+01	2.204553907900000098e+01	6.522007154999999834e+00	1.502279647099999949e+01	2.124570593099999982e+01	3.380177076999999919e+00
6.751984522999999960e+00	1.371572965999999916e+01	2.240417780900000011e+01	6.751984522999999960e+00	1.503030132800000018e+01	1.946662350000000075e+01	3.318161901999999941e+00
6.990071294999999907e+00	1.439559161000000032e+01	2.274829229999999924e+01	6.990071294999999907e+00	1.361665892299999925e+01	1.887851485399999873e+01	3.254372000000000043e+00
7.236553423000000151e+00	1.509479203499999933e+01	2.307647173999999879e+01	7.236553423000000151e+00	1.198265119200000051e+01	2.009871031699999833e+01	3.188876028999999779e+00
7.491726940999999584e+00	1.581249945699999948e+01	2.338733241999999990e+01	7.491726940999999584e+00	1.172747174999999942e+01	2.288482152199999931e+01	3.121754516999999840e+00
7.755898323000000261e+00	1.654775050299999961e+01	2.367953189099999989e+01	7.755898323000000261e+00	1.350551564300000074e+01	2.542096830299999866e+01	3.053099834999999818e+00
8.029384849999999574e+00	1.729945149999999998e+01	2.395178350000000123e+01	8.029384849999999574e+00	1.629721170699999888e+01	2.623592860400000149e+01	2.983016002999999916e+00
8.312514990000000381e+00	1.806638192699999834e+01	2.420287103900000147e+01	8.312514990000000381e+00	1.812781997300000114e+01	2.589344988499999900e+01	2.911618332999999836e+00
8.605628792999999277e+00	1.884719978800000106e+01	2.443166325299999997e+01	8.605628792999999277e+00	1.973039429299999981e+01	2.592387973900000020e+01	2.839032898000000138e+00
8.909078300999999200e+00	1.964044891400000026e+01	2.463712789899999933e+01	8.909078300999999200e+00	2.179077478800000023e+01	2.516029757800000155e+01	2.765395820999999810e+00
9.223227968999999860e+00	2.044456817100000023e+01	2.481834508000000028e+01	9.223227968999999860e+00	2.240272887400000101e+01	2.322220899699999919e+01	2.690852395999999924e+00
9.548455103000000221e+00	2.125790247699999824e+01	2.497451954099999938e+01	9.548455103000000221e+00	2.142853649899999979e+01	2.275734585200000026e+01	2.615556053000000158e+00
9.885150314000000549e+00	2.207871549400000077e+01	2.510499166199999976e+01	9.885150314000000549e+00	2.154541175499999994e+01	2.406107501199999987e+01	2.539667163999999921e+00
1.023371798600000027e+01	2.290520380899999964e+01	2.520924686600000086e+01	1.023371798600000027e+01	2.372152705199999900e+01	2.429509554799999904e+01	2.463351725999999964e+00
1.059457676399999926e+01	2.373551237299999883e+01	2.528692323799999997e+01	1.059457676399999926e+01	2.462087916200000137e+01	2.278398246800000138e+01	2.386779934999999853e+00
1.096816005300000008e+01	2.456775092099999824e+01	2.533781713200000141e+01	1.096816005300000008e+01	2.402296540800000102e+01	2.205827555300000142e+01	2.310124671000000074e+00
1.135491654099999970e+01	2.540001106300000089e+01	2.536188665899999961e+01	1.135491654099999970e+01	2.444242711600000106e+01	2.235693096800000035e+01	2.233559935999999801e+00
1.175531073900000045e+01	2.623038373800000045e+01	2.535925294000000108e+01	1.175531073900000045e+01	2.379267991200000054e+01	2.165128865799999858e+01	2.157259260000000012e+00
1.216982353600000089e+01	2.705697666700000070e+01	2.533019910200000169e+01	1.216982353600000089e+01	2.338020330999999885e+01	2.272453347000000079e+01	2.081394115999999794e+00
1.259895277799999924e+01	2.787793148400000121e+01	2.527516705600000080e+01	1.259895277799999924e+01	2.370564676800000115e+01	2.399090104500000109e+01	2.006132374999999968e+00
1.304321386700000041e+01	2.869144020899999958e+01	2.519475211600000009e+01	1.304321386700000041e+01	2.503245033700000022e+01	2.493536964700000169e+01	1.931636817000000006e+00
1.350314037899999953e+01	2.949576076099999966e+01	2.508969562500000094e+01	1.350314037899999953e+01	2.602872329599999901e+01	2.466405743500000014e+01	1.858063747999999960e+00
1.397928470299999937e+01	3.028923122300000159e+01	2.496087575800000025e+01	1.397928470299999937e+01	2.595911716799999880e+01	2.543936611099999823e+01	1.785561729000000097e+00
1.447221870699999968e+01	3.107028264399999884e+01	2.480929672899999971e+01	1.447221870699999968e+01	2.744959964799999952e+01	2.662505048899999949e+01	1.714270439999999951e+00
1.498253442699999916e+01	3.183745016299999975e+01	2.463607667500000176e+01	1.498253442699999916e+01	3.004622256800000102e+01	2.757587161300000034e+01	1.644319711000000073e+00
1.551084477000000028e+01	3.258938233300000320e+01	2.444243448900000004e+01	1.551084477000000028e+01	3.297208067599999737e+01	2.575141464500000055e+01	1.575828709000000050e+00
1.605778425800000164e+01	3.332484854500000182e+01	2.422967589399999966e+01	1.605778425800000164e+01	3.285029178999999999e+01	2.279634956099999954e+01	1.508905307000000029e+00
1.662400978899999870e+01	3.404274451999999940e+01	2.399917906399999978e+01	1.662400978899999870e+01	3.088313893899999840e+01	2.228186096299999974e+01	1.443645628999999930e+00
1.721020142200000080e+01	3.474209586700000330e+01	2.375238007300000120e+01	1.721020142200000080e+01	3.027605536100000094e+01	2.399967042700000164e+01	1.380133763999999985e+00
1.781706319499999935e+01	3.542205978900000218e+01	2.349075845000000129e+01	1.781706319499999935e+01	3.176885707499999967e+01	2.535426932900000097e+01	1.318441664000000069e+00
1.844532397600000095e+01	3.608192499700000155e+01	2.321582309000000066e+01	1.844532397600000095e+01	3.319892956399999662e+01	2.493503736699999962e+01	1.258629184999999984e+00
1.909573832899999957e+01	3.672111000400000336e+01	2.292909873800000042e+01	1.909573832899999957e+01	3.335716774400000162e+01	2.488295773700000169e+01	1.200744288999999965e+00
1.976908742799999885e+01	3.733915991300000314e+01	2.263211325600000023e+01	1.976908742799999885e+01	3.426462700599999778e+01	2.600172090699999927e+01	1.144823367999999952e+00
2.046617999400000087e+01	3.793574190900000076e+01	2.232638579700000037e+01	2.046617999400000087e+01	3.638971091799999868e+01	2.598436794199999866e+01	1.090891695999999911e+00
2.118785326100000077e+01	3.851063962300000298e+01	2.201341603599999885e+01	2.118785326100000077e+01	3.766166809500000312e+01	2.457063187600000020e+01	1.038963964999999989e+00
2.193497398899999951e+01	3.906374657199999945e+01	2.169467453400000068e+01	2.193497398899999951e+01	3.775044549300000085e+01	2.430638115700000057e+01	9.890449169999999679e-01
2.270843949900000069e+01	3.959505886400000207e+01	2.137159427099999931e+01	2.270843949900000069e+01	3.863172687400000171e+01	2.438655585700000117e+01	9.411300270000000356e-01
2.350917875500000065e+01	4.010466735600000021e+01	2.104556340299999917e+01	2.350917875500000065e+01	3.961243747799999682e+01	2.416531406200000021e+01	8.952062349999999613e-01
2.433815347499999859e+01	4.059274944900000293e+01	2.071791919700000051e+01	2.433815347499999859e+01	4.063870965200000285e+01	2.347123144700000097e+01	8.512527140000000214e-01
2.519635929300000043e+01	4.105956067599999670e+01	2.038994314800000041e+01	2.519635929300000043e+01	4.169467239099999745e+01	2.252366797099999829e+01	8.092416409999999560e-01
2.608482694799999990e+01	4.150542623399999798e+01	2.006285720800000050e+01	2.608482694799999990e+01	4.151824180399999875e+01	2.156647843200000025e+01	7.691389809999999994e-01
2.700462352399999943e+01	4.193073259999999891e+01	1.973782106699999872e+01	2.700462352399999943e+01	4.140652105400000238e+01	2.160236921999999993e+01	7.309052480000000074e-01
2.795685373499999926e+01	4.233591933000000296e+01	1.941593040600000108e+01	2.795685373499999926e+01	4.200102390899999705e+01	2.149561848700000155e+01	6.944962620000000308e-01
2.894266124700000020e+01	4.272147114399999879e+01	1.909821604500000092e+01	2.894266124700000020e+01	4.268668420699999899e+01	2.141159318100000064e+01	6.598638559999999709e-01
2.996323005500000036e+01	4.308791036899999938e+01	1.878564387600000174e+01	2.996323005500000036e+01	4.334006546999999898e+01	2.101976444900000018e+01	6.269565679999999919e-01
3.101978590099999877e+01	4.343578980299999870e+01	1.847911550799999958e+01	3.101978590099999877e+01	4.376196480299999791e+01	2.053692122800000064e+01	5.957202790000000192e-01
3.211359775300000052e+01	4.376568603700000182e+01	1.817946952100000146e+01	3.211359775300000052e+01	4.422514894999999768e+01	2.018719722200000177e+01	5.660988120000000068e-01
3.324597932300000025e+01	4.407819327299999657e+01	1.788748323600000134e+01	3.324597932300000025e+01	4.467561788700000136e+01	1.974481346700000017e+01	5.380344809999999534e-01
3.441829064499999902e+01	4.437391764200000210e+01	1.760387491999999909e+01	3.441829064499999902e+01	4.497670682399999720e+01	1.926006425899999996e+01	5.114686000000000510e-01
3.563193971199999766e+01	4.465347203299999990e+01	1.732930634299999895e+01	3.563193971199999766e+01	4.510370381100000259e+01	1.891922508300000061e+01	4.863419299999999779e-01
3.688838416699999811e+01	4.491747143300000289e+01	1.706438561399999898e+01	3.688838416699999811e+01	4.534503182299999935e+01	1.872894124600000154e+01	4.625950959999999834e-01
3.818913304800000219e+01	4.516652875900000197e+01	1.680967022500000141e+01	3.818913304800000219e+01	4.566288731600000261e+01	1.850327117000000143e+01	4.401689400000000085e-01
3.953574860700000215e+01	4.540125115899999741e+01	1.656567023899999924e+01	3.953574860700000215e+01	4.579952186300000250e+01	1.831558151999999851e+01	4.190048459999999864e-01
4.092984818499999733e+01	4.562223677099999719e+01	1.633285157999999981e+01	4.092984818499999733e+01	4.611217158200000199e+01	1.832632113100000026e+01	3.990450079999999788e-01
4.237310614900000161e+01	4.583007190699999711e+01	1.611163936100000171e+01	4.237310614900000161e+01	4.658928077800000267e+01	1.824344876199999987e+01	3.802326719999999938e-01
4.386725590999999724e+01	4.602532862700000038e+01	1.590242122799999969e+01	4.386725590999999724e+01	4.694716006400000197e+01	1.794658332599999895e+01	3.625123319999999927e-01
4.541409200399999690e+01	4.620856268099999653e+01	1.570555066600000060e+01	4.541409200399999690e+01	4.751308851699999991e+01	1.790074928900000018e+01	3.458298949999999983e-01
4.701547224000000114e+01	4.638031178199999971e+01	1.552135025499999976e+01	4.701547224000000114e+01	4.820029249800000315e+01	1.740971748500000160e+01	3.301328159999999956e-01
4.867331994199999912e+01	4.654109417899999812e+01	1.535011484700000040e+01	4.867331994199999912e+01	4.837145641499999726e+01	1.663232614900000073e+01	3.153702039999999873e-01
5.038962625100000281e+01	4.669140749999999684e+01	1.519211464400000011e+01	5.038962625100000281e+01	4.834978004300000265e+01	1.607054945200000162e+01	3.014929020000000071e-01
5.216645251900000346e+01	4.683172783500000236e+01	1.504759816700000030e+01	5.216645251900000346e+01	4.810981212800000151e+01	1.595193867999999959e+01	2.884535449999999779e-01
5.400593278499999883e+01	4.696250902799999949e+01	1.491679509999999986e+01	5.400593278499999883e+01	4.787313629900000223e+01	1.604450898600000031e+01	2.762066000000000243e-01
5.591027634099999943e+01	4.708418215199999679e+01	1.479991901200000015e+01	5.591027634099999943e+01	4.832839045299999725e+01	1.631684563499999996e+01	2.647083860000000177e-01
5.788177037700000227e+01	4.719715513900000303e+01	1.469716994200000038e+01	5.788177037700000227e+01	4.889749349000000223e+01	1.610695070099999882e+01	2.539170769999999910e-01
5.992278273800000221e+01	4.730181254800000090e+01	1.460873685500000008e+01	5.992278273800000221e+01	4.915612889500000193e+01	1.561810971699999939e+01	2.437926980000000021e-01
6.203576476100000292e+01	4.739851543300000003e+01	1.453479996399999941e+01	6.203576476100000292e+01	4.901619178499999663e+01	1.529225766200000081e+01	2.342971030000000066e-01
6.422325422199999423e+01	4.748760131200000245e+01	1.447553291999999914e+01	6.422325422199999423e+01	4.878168306399999921e+01	1.533303677600000015e+01	2.253939500000000096e-01
6.648787838399999828e+01	4.756938420099999831e+01	1.443110487500000083e+01	6.648787838399999828e+01	4.889333639400000209e+01	1.570415934000000036e+01	2.170486590000000049e-01
6.883235715099999652e+01	4.764415469600000108e+01	1.440168242800000087e+01	6.883235715099999652e+01	4.942844196800000134e+01	1.594516745900000032e+01	2.092283779999999926e-01
7.125950633600000117e+01	4.771218010199999782e+01	1.438743144500000071e+01	7.125950633600000117e+01	5.010471341499999909e+01	1.574577152900000065e+01	2.019019240000000104e-01
7.377224104200000454e+01	4.777370457800000025e+01	1.438851877699999982e+01	7.377224104200000454e+01	5.046895237300000048e+01	1.520674900899999926e+01	1.950397409999999887e-01
7.637357916400000590e+01	4.782894929599999756e+01	1.440511386400000049e+01	7.637357916400000590e+01	5.041784708800000203e+01	1.473144437200000034e+01	1.886138380000000059e-01
7.906664501299999870e+01	4.787811259299999733e+01	1.443739025300000023e+01	7.906664501299999870e+01	5.027766331699999824e+01	1.461781445399999946e+01	1.825977340000000115e-01
