1.000000000000000021e-02	6.700669999999999933e-04	2.038907839999999916e-01	1.000000000000000021e-02	-2.791893399999999942e-02	7.166094600000000314e-02	2.038907836099999926e+01
1.035261699999999972e-02	7.180300000000000354e-04	2.110809080000000115e-01	1.035261699999999972e-02	-2.973372700000000146e-02	7.422248400000000523e-02	2.038913427399999989e+01
1.071766900000000085e-02	7.694380000000000013e-04	2.185246319999999964e-01	1.071766900000000085e-02	-3.168849700000000297e-02	7.688176600000000416e-02	2.038919420299999885e+01
1.109559300000000082e-02	8.245369999999999696e-04	2.262309050000000099e-01	1.109559300000000082e-02	-3.379454600000000170e-02	7.964370099999999730e-02	2.038925843799999882e+01
1.148684300000000005e-02	8.835930000000000086e-04	2.342089930000000042e-01	1.148684300000000005e-02	-3.606412999999999980e-02	8.251364199999999816e-02	2.038932728700000041e+01
1.189188899999999924e-02	9.468910000000000521e-04	2.424684880000000098e-01	1.189188899999999924e-02	-3.851053900000000335e-02	8.549745300000000103e-02	2.038940108299999920e+01
1.231121699999999930e-02	1.014734999999999899e-03	2.510193250000000154e-01	1.231121699999999930e-02	-4.114818900000000168e-02	8.860158299999999765e-02	2.038948018199999979e+01
1.274533299999999932e-02	1.087452000000000037e-03	2.598717850000000218e-01	1.274533299999999932e-02	-4.399270599999999948e-02	9.183315200000000122e-02	2.038956496500000171e+01
1.319475500000000072e-02	1.165391999999999904e-03	2.690365180000000023e-01	1.319475500000000072e-02	-4.706102899999999728e-02	9.520005099999999387e-02	2.038965584099999973e+01
1.366002499999999925e-02	1.248930999999999999e-03	2.785245459999999840e-01	1.366002499999999925e-02	-5.037151200000000023e-02	9.871106000000000325e-02	2.038975324800000166e+01
1.414170200000000079e-02	1.338472000000000056e-03	2.883472850000000087e-01	1.414170200000000079e-02	-5.394402799999999804e-02	1.023759820000000043e-01	2.038985765600000022e+01
1.464036299999999999e-02	1.434446000000000028e-03	2.985165519999999906e-01	1.464036299999999999e-02	-5.780008200000000262e-02	1.062057970000000046e-01	2.038996957000000165e+01
1.515660800000000023e-02	1.537315000000000036e-03	3.090445860000000100e-01	1.515660800000000023e-02	-6.196292500000000203e-02	1.102128430000000048e-01	2.039008952900000082e+01
1.569105599999999837e-02	1.647576999999999896e-03	3.199440550000000050e-01	1.569105599999999837e-02	-6.645766899999999699e-02	1.144110180000000032e-01	2.039021811299999953e+01
1.624435000000000115e-02	1.765763000000000055e-03	3.312280810000000075e-01	1.624435000000000115e-02	-7.131139699999999859e-02	1.188160199999999944e-01	2.039035594299999943e+01
1.681715400000000082e-02	1.892444000000000071e-03	3.429102459999999741e-01	1.681715400000000082e-02	-7.655327400000000448e-02	1.234456139999999952e-01	2.039050368499999877e+01
1.741015699999999902e-02	2.028229999999999790e-03	3.550046179999999940e-01	1.741015699999999902e-02	-8.221464800000000128e-02	1.283199339999999966e-01	2.039066205199999970e+01
1.802406900000000020e-02	2.173777000000000001e-03	3.675257610000000064e-01	1.802406900000000020e-02	-8.832914099999999991e-02	1.334618389999999988e-01	2.039083181000000167e+01
1.865962900000000049e-02	2.329789999999999986e-03	3.804887570000000108e-01	1.865962900000000049e-02	-9.493271999999999822e-02	1.388972980000000024e-01	2.039101378000000153e+01
1.931760000000000074e-02	2.497020999999999876e-03	3.939092229999999750e-01	1.931760000000000074e-02	-1.020637400000000000e-01	1.446558350000000104e-01	2.039120884200000106e+01
1.999877300000000094e-02	2.676279000000000158e-03	4.078033329999999901e-01	1.999877300000000094e-02	-1.097629670000000029e-01	1.507710190000000061e-01	2.039141793900000010e+01
2.070396399999999831e-02	2.868429999999999938e-03	4.221878310000000134e-01	2.070396399999999831e-02	-1.180735450000000020e-01	1.572810159999999957e-01	2.039164208300000070e+01
2.143402200000000049e-02	3.074406000000000014e-03	4.370800619999999914e-01	2.143402200000000049e-02	-1.270409180000000027e-01	1.642291919999999961e-01	2.039188235900000024e+01
2.218982300000000088e-02	3.295203000000000021e-03	4.524979840000000197e-01	2.218982300000000088e-02	-1.367126840000000010e-01	1.716647729999999927e-01	2.039213992799999886e+01
2.297227500000000033e-02	3.531890000000000203e-03	4.684601970000000226e-01	2.297227500000000033e-02	-1.471383689999999911e-01	1.796435690000000029e-01	2.039241603900000044e+01
2.378231800000000021e-02	3.785615999999999894e-03	4.849859610000000210e-01	2.378231800000000021e-02	-1.583691010000000121e-01	1.882287430000000039e-01	2.039271202700000174e+01
2.462092399999999889e-02	4.057609000000000216e-03	5.020952250000000339e-01	2.462092399999999889e-02	-1.704571769999999875e-01	1.974916320000000003e-01	2.039302932600000062e+01
2.548910100000000012e-02	4.349191999999999989e-03	5.198086499999999832e-01	2.548910100000000012e-02	-1.834554810000000036e-01	2.075126069999999878e-01	2.039336947099999975e+01
2.638789100000000012e-02	4.661779999999999917e-03	5.381476339999999858e-01	2.638789100000000012e-02	-1.974167669999999930e-01	2.183819559999999882e-01	2.039373410900000039e+01
2.731837399999999944e-02	4.996892999999999647e-03	5.571343380000000067e-01	2.731837399999999944e-02	-2.123927509999999907e-01	2.302007719999999980e-01	2.039412500599999944e+01
2.828166799999999939e-02	5.356160999999999908e-03	5.767917200000000078e-01	2.828166799999999939e-02	-2.284330149999999893e-01	2.430818289999999993e-01	2.039454405200000053e+01
2.927892899999999868e-02	5.741333999999999847e-03	5.971435560000000198e-01	2.927892899999999868e-02	-2.455837029999999865e-01	2.571504090000000242e-01	2.039499327400000084e+01
3.031135500000000163e-02	6.154291000000000102e-03	6.182144790000000389e-01	3.031135500000000163e-02	-2.638859809999999917e-01	2.725450489999999837e-01	2.039547484499999896e+01
3.138018599999999741e-02	6.597046999999999981e-03	6.400300009999999595e-01	3.138018599999999741e-02	-2.833742659999999858e-01	2.894181659999999767e-01	2.039599109099999907e+01
3.248670699999999661e-02	7.071764999999999822e-03	6.626165560000000232e-01	3.248670699999999661e-02	-3.040742089999999842e-01	3.079365090000000249e-01	2.039654450500000138e+01
3.363224499999999811e-02	7.580769000000000223e-03	6.860015259999999726e-01	3.363224499999999811e-02	-3.260004479999999982e-01	3.282813969999999748e-01	2.039713775699999943e+01
3.481817599999999929e-02	8.126552999999999902e-03	7.102132810000000296e-01	3.481817599999999929e-02	-3.491541269999999808e-01	3.506486759999999925e-01	2.039777370399999867e+01
3.604592599999999897e-02	8.711796000000000817e-03	7.352812149999999880e-01	3.604592599999999897e-02	-3.735202309999999803e-01	3.752483429999999842e-01	2.039845540700000015e+01
3.731696799999999897e-02	9.339372999999999772e-03	7.612357840000000264e-01	3.731696799999999897e-02	-3.990647449999999985e-01	4.023037950000000196e-01	2.039918613800000102e+01
3.863282999999999995e-02	1.001237599999999991e-02	7.881085479999999643e-01	3.863282999999999995e-02	-4.257317139999999833e-01	4.320506239999999942e-01	2.039996940099999989e+01
3.999509100000000344e-02	1.073412500000000061e-02	8.159322089999999639e-01	3.999509100000000344e-02	-4.534402459999999913e-01	4.647349579999999758e-01	2.040080894100000108e+01
4.140538800000000130e-02	1.150818699999999958e-02	8.447406619999999755e-01	4.140538800000000130e-02	-4.820815319999999793e-01	5.006112719999999960e-01	2.040170876099999830e+01
4.286541399999999752e-02	1.233839699999999921e-02	8.745690329999999957e-01	4.286541399999999752e-02	-5.115159620000000462e-01	5.399396969999999962e-01	2.040267314000000098e+01
4.437692299999999868e-02	1.322887900000000068e-02	9.054537289999999849e-01	4.437692299999999868e-02	-5.415704000000000073e-01	5.829827819999999772e-01	2.040370664499999975e+01
4.594173099999999954e-02	1.418406499999999917e-02	9.374324899999999516e-01	4.594173099999999954e-02	-5.720357090000000033e-01	6.300017650000000469e-01	2.040481415200000015e+01
4.756171700000000335e-02	1.520872300000000038e-02	9.705444389999999810e-01	4.756171700000000335e-02	-6.026645510000000483e-01	6.812523459999999531e-01	2.040600086099999899e+01
4.923882599999999943e-02	1.630798099999999917e-02	1.004830136999999901e+00	4.923882599999999943e-02	-6.331695389999999479e-01	7.369800060000000208e-01	2.040727231700000033e+01
5.097507300000000269e-02	1.748735900000000093e-02	1.040331636999999976e+00	5.097507300000000269e-02	-6.632217209999999863e-01	7.974149090000000051e-01	2.040863442399999883e+01
5.277254399999999762e-02	1.875279800000000108e-02	1.077092546000000040e+00	5.277254399999999762e-02	-6.924494279999999780e-01	8.627663840000000528e-01	2.041009346799999946e+01
5.463339600000000074e-02	2.011069399999999840e-02	1.115158085000000021e+00	5.463339600000000074e-02	-7.204374159999999971e-01	9.332169909999999957e-01	2.041165613300000103e+01
5.655986500000000083e-02	2.156793599999999936e-02	1.154575153999999992e+00	5.655986500000000083e-02	-7.467262909999999865e-01	1.008916088000000100e+00	2.041332952300000159e+01
5.855426400000000170e-02	2.313194400000000150e-02	1.195392400000000022e+00	5.855426400000000170e-02	-7.708121570000000533e-01	1.089972796000000077e+00	2.041512117799999970e+01
6.061898999999999760e-02	2.481071600000000002e-02	1.237660288000000053e+00	6.061898999999999760e-02	-7.921464639999999946e-01	1.176448120000000097e+00	2.041703909800000005e+01
6.275652099999999567e-02	2.661287400000000164e-02	1.281431170000000064e+00	6.275652099999999567e-02	-8.101360969999999995e-01	1.268345947000000029e+00	2.041909175700000034e+01
6.496942599999999679e-02	2.854771500000000128e-02	1.326759368999999911e+00	6.496942599999999679e-02	-8.241438450000000415e-01	1.365602481999999895e+00	2.042128813000000065e+01
6.726036200000000409e-02	3.062526800000000063e-02	1.373701255999999926e+00	6.726036200000000409e-02	-8.334895329999999491e-01	1.468073611999999972e+00	2.042363770300000070e+01
6.963207899999999950e-02	3.285635700000000270e-02	1.422315334000000098e+00	6.963207899999999950e-02	-8.374523579999999523e-01	1.575519563000000067e+00	2.042615050399999888e+01
7.208742799999999507e-02	3.525266600000000194e-02	1.472662327999999965e+00	7.208742799999999507e-02	-8.352752759999999554e-01	1.687586178000000103e+00	2.042883711300000016e+01
7.462935699999999339e-02	3.782681499999999974e-02	1.524805278999999958e+00	7.462935699999999339e-02	-8.261727269999999956e-01	1.803782145000000003e+00	2.043170868600000034e+01
7.726091799999999787e-02	4.059243600000000257e-02	1.578809635999999905e+00	7.726091799999999787e-02	-8.093435279999999787e-01	1.923451594999999958e+00	2.043477697699999851e+01
7.998527299999999562e-02	4.356426599999999733e-02	1.634743365000000059e+00	7.998527299999999562e-02	-7.839914879999999586e-01	2.045741834999999842e+00	2.043805435299999829e+01
8.280569399999999913e-02	4.675823900000000005e-02	1.692677047999999962e+00	8.280569399999999913e-02	-7.493571070000000223e-01	2.169566473000000162e+00	2.044155381699999907e+01
8.572556700000000252e-02	5.019159299999999962e-02	1.752684000999999991e+00	8.572556700000000252e-02	-7.047647110000000437e-01	2.293565214000000019e+00	2.044528902600000109e+01
8.874840100000000453e-02	5.388298600000000077e-02	1.814840387999999916e+00	8.874840100000000453e-02	-6.496904550000000000e-01	2.416063090000000191e+00	2.044927430599999951e+01
9.187782399999999683e-02	5.785262099999999991e-02	1.879225345999999908e+00	9.187782399999999683e-02	-5.838576549999999754e-01	2.535034330999999863e+00	2.045352467200000035e+01
9.511759699999999818e-02	6.212238900000000008e-02	1.945921108000000066e+00	9.511759699999999818e-02	-5.073667469999999513e-01	2.648079720000000137e+00	2.045805583299999952e+01
9.847161000000000108e-02	6.671602100000000035e-02	2.015013144000000089e+00	9.847161000000000108e-02	-4.208671580000000190e-01	2.752431893999999879e+00	2.046288419800000113e+01
1.019438909999999948e-01	7.165925900000000293e-02	2.086590291999999902e+00	1.019438909999999948e-01	-3.257763149999999830e-01	2.845011265000000122e+00	2.046802687399999954e+01
1.055386100000000049e-01	7.698004499999999695e-02	2.160744912000000184e+00	1.055386100000000049e-01	-2.245442500000000008e-01	2.922566722000000006e+00	2.047350164499999892e+01
1.092600860000000063e-01	8.270872599999999630e-02	2.237573026000000187e+00	1.092600860000000063e-01	-1.209461170000000058e-01	2.981948872999999889e+00	2.047932694600000048e+01
1.131127880000000058e-01	8.887828500000000131e-02	2.317174477000000010e+00	1.131127880000000058e-01	-2.035280800000000001e-02	3.020573859999999833e+00	2.048552180000000078e+01
1.171013419999999972e-01	9.552459600000000328e-02	2.399653087999999990e+00	1.171013419999999972e-01	7.012340100000000187e-02	3.037128302000000168e+00	2.049210575100000042e+01
1.212305399999999977e-01	1.026866959999999940e-01	2.485116813999999952e+00	1.212305399999999977e-01	1.417786299999999888e-01	3.032514911999999896e+00	2.049909875399999848e+01
1.255053409999999925e-01	1.104070999999999941e-01	2.573677911999999957e+00	1.255053409999999925e-01	1.849785180000000084e-01	3.010916203999999929e+00	2.050652104399999942e+01
1.299308779999999997e-01	1.187321310000000046e-01	2.665453099000000048e+00	1.299308779999999997e-01	1.904945269999999968e-01	2.980665514000000016e+00	2.051439296799999923e+01
1.345124679999999961e-01	1.277122910000000056e-01	2.760563712000000169e+00	1.345124679999999961e-01	1.514489139999999900e-01	2.954451519000000026e+00	2.052273479200000139e+01
1.392556130000000003e-01	1.374026690000000051e-01	2.859135873000000050e+00	1.392556130000000003e-01	6.541447799999999813e-02	2.948430606000000065e+00	2.053156647599999829e+01
1.441660090000000116e-01	1.478633779999999898e-01	2.961300647999999924e+00	1.441660090000000116e-01	-6.409939200000000503e-02	2.980228066000000009e+00	2.054090743000000074e+01
1.492495550000000060e-01	1.591600440000000005e-01	3.067194198000000149e+00	1.492495550000000060e-01	-2.274355779999999994e-01	3.066442079000000209e+00	2.055077623800000097e+01
1.545123549999999901e-01	1.713643420000000028e-01	3.176957937000000065e+00	1.545123549999999901e-01	-4.098704420000000015e-01	3.220666591000000079e+00	2.056119036699999825e+01
1.599607299999999954e-01	1.845545829999999943e-01	3.290738670000000088e+00	1.599607299999999954e-01	-5.931874470000000343e-01	3.452820240999999957e+00	2.057216584300000051e+01
1.656012249999999908e-01	1.988163639999999954e-01	3.408688730000000167e+00	1.656012249999999908e-01	-7.564906860000000233e-01	3.769798132000000024e+00	2.058371687400000027e+01
1.714406139999999912e-01	2.142432900000000029e-01	3.530966090000000168e+00	1.714406139999999912e-01	-8.750683080000000169e-01	4.176582033999999943e+00	2.059585541799999930e+01
1.774859089999999973e-01	2.309377709999999861e-01	3.657734446000000084e+00	1.774859089999999973e-01	-9.163929469999999577e-01	4.676063896999999692e+00	2.060859063699999894e+01
1.837443719999999892e-01	2.490119000000000082e-01	3.789163261000000116e+00	1.837443719999999892e-01	-8.328009720000000282e-01	5.264226344999999974e+00	2.062192822700000150e+01
1.902235200000000070e-01	2.685884080000000007e-01	3.925427755999999935e+00	1.902235200000000070e-01	-5.529238199999999548e-01	5.913498097999999814e+00	2.063586960199999965e+01
1.969311340000000077e-01	2.898017030000000216e-01	4.066708832999999856e+00	1.969311340000000077e-01	1.361748899999999998e-02	6.532052815000000123e+00	2.065041090600000118e+01
2.038752699999999973e-01	3.127989840000000021e-01	4.213192931000000030e+00	2.038752699999999973e-01	9.073554090000000016e-01	6.903942035000000033e+00	2.066554191399999851e+01
2.110642679999999993e-01	3.377414240000000123e-01	4.365071799999999946e+00	2.110642679999999993e-01	1.927718446999999946e+00	6.733230488000000236e+00	2.068124483300000094e+01
2.185067629999999927e-01	3.648054339999999840e-01	4.522542209000000035e+00	2.185067629999999927e-01	2.563450116999999917e+00	6.011451396000000003e+00	2.069749307200000032e+01
2.262116929999999915e-01	3.941840289999999913e-01	4.685805563999999812e+00	2.262116929999999915e-01	2.516767917000000132e+00	5.257776735000000201e+00	2.071425000800000049e+01
2.341883130000000091e-01	4.260882990000000037e-01	4.855067438999999929e+00	2.341883130000000091e-01	2.075081014999999862e+00	4.956315859000000046e+00	2.073146770199999978e+01
2.424462019999999995e-01	4.607490340000000018e-01	5.030536962000000223e+00	2.424462019999999995e-01	1.688079472000000081e+00	5.166816558999999920e+00	2.074908547200000086e+01
2.509952779999999883e-01	4.984184830000000233e-01	5.212426015000000135e+00	2.509952779999999883e-01	1.693426023000000002e+00	5.712345784000000037e+00	2.076702816099999893e+01
2.598458100000000104e-01	5.393722250000000384e-01	5.400948182999999680e+00	2.598458100000000104e-01	2.384211802999999907e+00	6.213336754000000184e+00	2.078520401300000131e+01
2.690084280000000216e-01	5.839110920000000204e-01	5.596317413000000407e+00	2.690084280000000216e-01	3.706048800000000032e+00	5.765366500999999921e+00	2.080350217399999835e+01
2.784941349999999760e-01	6.323630810000000491e-01	5.798746408000000407e+00	2.784941349999999760e-01	4.064117919000000079e+00	3.789957161999999879e+00	2.082179004600000027e+01
2.883143249999999824e-01	6.850852499999999790e-01	6.008444805999999971e+00	2.883143249999999824e-01	2.416810086999999996e+00	2.336864679000000056e+00	2.083991078000000030e+01
2.984807919999999948e-01	7.424656389999999551e-01	6.225617160999999733e+00	2.984807919999999948e-01	4.519464309999999818e-01	2.440104177999999902e+00	2.085768107899999890e+01
3.090057460000000256e-01	8.049253469999999577e-01	6.450460674000000338e+00	3.090057460000000256e-01	-1.045649945000000081e+00	3.350328404999999954e+00	2.087488908899999984e+01
3.199018279999999992e-01	8.729207549999999927e-01	6.683162463999999581e+00	3.199018279999999992e-01	-2.185857481000000213e+00	4.673019116999999945e+00	2.089129185599999872e+01
3.311821260000000211e-01	9.469457380000000368e-01	6.923896195000000198e+00	3.311821260000000211e-01	-3.112709977000000183e+00	6.503421701999999804e+00	2.090661196199999949e+01
3.428601860000000112e-01	1.027533566000000009e+00	7.172818065000000409e+00	3.428601860000000112e-01	-3.630725630000000148e+00	9.441531185000000548e+00	2.092053364599999910e+01
3.549500360000000243e-01	1.115258313000000001e+00	7.430062405000000147e+00	3.549500360000000243e-01	-1.390093704000000097e+00	1.457314052699999962e+01	2.093269942099999881e+01
3.674661940000000238e-01	1.210735992999999899e+00	7.695737181000000149e+00	3.674661940000000238e-01	8.039969049999999839e+00	1.310723928500000035e+01	2.094270794099999833e+01
3.804236939999999789e-01	1.314625804000000064e+00	7.969919187000000349e+00	3.804236939999999789e-01	6.350457687999999656e+00	6.232182242000000372e+00	2.095011249299999889e+01
3.938380980000000253e-01	1.427631440999999946e+00	8.252648307999999489e+00	3.938380980000000253e-01	3.483008152000000024e+00	5.891099099999999922e+00	2.095441843500000090e+01
4.077255180000000090e-01	1.550501644999999984e+00	8.543920517000000103e+00	4.077255180000000090e-01	2.775933763999999915e+00	6.749238712999999557e+00	2.095507919699999988e+01
4.221026319999999776e-01	1.684029235999999985e+00	8.843680387999999226e+00	4.221026319999999776e-01	3.064887351999999954e+00	6.470475279000000413e+00	2.095149311500000167e+01
4.369867080000000015e-01	1.829049246999999934e+00	9.151814133000000240e+00	4.369867080000000015e-01	1.828166986999999910e+00	5.516472849000000345e+00	2.094300343300000122e+01
4.523956230000000245e-01	1.986437390999999941e+00	9.468142561000000512e+00	4.523956230000000245e-01	-2.453880720000000126e-01	6.078075732000000286e+00	2.092889956200000157e+01
4.683478830000000204e-01	2.157108237000000095e+00	9.792412201999999510e+00	4.683478830000000204e-01	-1.912298134999999899e+00	7.943195635999999560e+00	2.090841562199999970e+01
4.848626480000000072e-01	2.342010570999999874e+00	1.012428506900000080e+01	4.848626480000000072e-01	-2.630888473999999810e+00	1.112636101999999916e+01	2.088072799300000071e+01
5.019597519999999813e-01	2.542120181000000034e+00	1.046333011099999943e+01	5.019597519999999813e-01	-3.739564639999999884e-01	1.483977092900000017e+01	2.084495831199999927e+01
5.196597299999999864e-01	2.758433487000000017e+00	1.080901603300000069e+01	5.196597299999999864e-01	3.221693671000000148e+00	1.484807150299999989e+01	2.080018020199999995e+01
5.379838399999999909e-01	2.991961032999999937e+00	1.116070129799999933e+01	5.379838399999999909e-01	5.035315326000000091e+00	1.428405770500000038e+01	2.074542107299999927e+01
5.569540910000000400e-01	3.243715492999999839e+00	1.151762323700000046e+01	5.569540910000000400e-01	6.879502321000000364e+00	1.194630439500000030e+01	2.067966360599999831e+01
5.765932649999999660e-01	3.514697266000000209e+00	1.187889244600000005e+01	5.765932649999999660e-01	4.647156833999999570e+00	9.908445387000000437e+00	2.060185778700000014e+01
5.969249509999999814e-01	3.805883623000000160e+00	1.224348730300000021e+01	5.969249509999999814e-01	2.450976558999999888e+00	1.175773642599999924e+01	2.051093237599999952e+01
6.179735680000000286e-01	4.118212814999999694e+00	1.261024404800000021e+01	6.179735680000000286e-01	3.959688986000000188e+00	1.499479831300000043e+01	2.040579841199999933e+01
6.397643960000000130e-01	4.452561484000000291e+00	1.297785463800000016e+01	6.397643960000000130e-01	6.751781876999999987e+00	1.342273347799999961e+01	2.028536556299999916e+01
6.623236059999999537e-01	4.809729102000000367e+00	1.334486852999999940e+01	6.623236059999999537e-01	5.591323605999999558e+00	1.286084697399999932e+01	2.014856243799999902e+01
6.856782940000000215e-01	5.190417204000000062e+00	1.370968735800000005e+01	6.856782940000000215e-01	6.092084521000000308e+00	1.352529077800000046e+01	1.999434353499999872e+01
7.098565079999999972e-01	5.595200725999999847e+00	1.407057269799999943e+01	7.098565079999999972e-01	5.379569237000000115e+00	1.321797760900000007e+01	1.982171401100000097e+01
7.348872889999999991e-01	6.024512135000000157e+00	1.442565579799999931e+01	7.348872889999999991e-01	4.716417202999999780e+00	1.581725888999999974e+01	1.962975276599999930e+01
7.608006990000000247e-01	6.478613100999999652e+00	1.477294159400000062e+01	7.608006990000000247e-01	7.883884645000000191e+00	1.816180245400000004e+01	1.941762357900000069e+01
7.876278610000000402e-01	6.957570065999999720e+00	1.511033409200000044e+01	7.876278610000000402e-01	1.166068703400000039e+01	1.718272516200000055e+01	1.918461095400000005e+01
8.154009960000000445e-01	7.461238823999999603e+00	1.543564839799999966e+01	8.154009960000000445e-01	1.251063785800000083e+01	1.287403953199999940e+01	1.893013189699999899e+01
8.441534600000000221e-01	7.989233902999999692e+00	1.574663981900000032e+01	8.441534600000000221e-01	1.009964472699999938e+01	1.266986318999999916e+01	1.865376447799999937e+01
8.739197859999999762e-01	8.540923765000000500e+00	1.604103274699999915e+01	8.739197859999999762e-01	1.064999719300000081e+01	1.234646137000000010e+01	1.835526899799999967e+01
9.047357240000000189e-01	9.115405264999999702e+00	1.631654999899999936e+01	9.047357240000000189e-01	8.792306117000000754e+00	1.255830535299999973e+01	1.803460343400000099e+01
9.366382869999999583e-01	9.711507515999999285e+00	1.657095539000000173e+01	9.366382869999999583e-01	9.487217608999999996e+00	1.330986843500000028e+01	1.769194749500000086e+01
9.696657890000000002e-01	1.032777766699999944e+01	1.680208520400000083e+01	9.696657890000000002e-01	8.090252237999999707e+00	1.434184740299999916e+01	1.732770753499999827e+01
1.003857898999999998e+00	1.096249702599999942e+01	1.700789605499999979e+01	1.003857898999999998e+00	1.049625997599999927e+01	1.575800264000000084e+01	1.694253346600000043e+01
1.039255682999999930e+00	1.161367913199999968e+01	1.718649996299999927e+01	1.039255682999999930e+00	1.126159802399999954e+01	1.584743400700000038e+01	1.653731631699999838e+01
1.075901653999999930e+00	1.227910151000000027e+01	1.733620656400000115e+01	1.075901653999999930e+00	1.194843072199999945e+01	1.272773115100000041e+01	1.611318887399999866e+01
1.113839825999999977e+00	1.295631787599999996e+01	1.745556275999999940e+01	1.113839825999999977e+00	9.646529752999999374e+00	1.356787587300000020e+01	1.567151967899999931e+01
1.153115764999999904e+00	1.364269987299999976e+01	1.754337844699999849e+01	1.153115764999999904e+00	7.315587672000000374e+00	1.472094942300000042e+01	1.521389177000000004e+01
1.193776641999999999e+00	1.433547144899999992e+01	1.759876528399999884e+01	1.193776641999999999e+00	7.939537214999999648e+00	1.854184591499999968e+01	1.474209217099999947e+01
1.235871291999999899e+00	1.503174751299999912e+01	1.762114899699999881e+01	1.235871291999999899e+00	8.912959273000000238e+00	2.278542511199999865e+01	1.425807777099999996e+01
1.279450272999999916e+00	1.572858838600000020e+01	1.761028591799999887e+01	1.279450272999999916e+00	1.313574056899999931e+01	2.376133738600000100e+01	1.376394713200000020e+01
1.324565924999999922e+00	1.642304250999999837e+01	1.756627343099999905e+01	1.324565924999999922e+00	1.999969850100000102e+01	2.236707619899999955e+01	1.326190950099999988e+01
1.371272433999999985e+00	1.711219367700000049e+01	1.748954201900000172e+01	1.371272433999999985e+00	2.227067766200000065e+01	1.898368398899999931e+01	1.275424312500000035e+01
1.419625896000000109e+00	1.779321250899999995e+01	1.738084497199999845e+01	1.419625896000000109e+00	1.907031122900000142e+01	1.799460547199999993e+01	1.224325719499999998e+01
1.469684385999999954e+00	1.846339987400000027e+01	1.724124295100000026e+01	1.469684385999999954e+00	1.866627531199999979e+01	1.639231021599999849e+01	1.173125544100000006e+01
1.521508026000000013e+00	1.912022479399999852e+01	1.707207792699999871e+01	1.521508026000000013e+00	1.888621639100000138e+01	1.549119167699999977e+01	1.122049811099999950e+01
1.575159057000000029e+00	1.976135924100000096e+01	1.687494071700000120e+01	1.575159057000000029e+00	2.000894259200000036e+01	1.710994104499999935e+01	1.071316616600000060e+01
1.630701917999999973e+00	2.038470697900000062e+01	1.665163546400000172e+01	1.630701917999999973e+00	2.202283063300000165e+01	1.737663554299999902e+01	1.021133003099999925e+01
1.688203316999999926e+00	2.098842467800000122e+01	1.640414143799999991e+01	1.688203316999999926e+00	2.386780841999999936e+01	1.798254637599999839e+01	9.716922882000000428e+00
1.747732314999999925e+00	2.157093557800000028e+01	1.613457287800000017e+01	1.747732314999999925e+00	2.584166887700000004e+01	1.478120303999999940e+01	9.231718573000000205e+00
1.809360410999999891e+00	2.213093621699999858e+01	1.584513841200000073e+01	1.809360410999999891e+00	2.383528565700000001e+01	1.240492875800000050e+01	8.757314639000000511e+00
1.873161620000000083e+00	2.266739665000000059e+01	1.553810154900000029e+01	1.873161620000000083e+00	2.233753056799999825e+01	1.226755952399999927e+01	8.295120602000000787e+00
1.939212571999999968e+00	2.317955467399999847e+01	1.521574341600000047e+01	1.939212571999999968e+00	2.154728181200000137e+01	1.340317918200000058e+01	7.846351470000000106e+00
2.007592595999999840e+00	2.366690482199999934e+01	1.488032865599999965e+01	2.007592595999999840e+00	2.256002839399999971e+01	1.410672500499999948e+01	7.412026069000000383e+00
2.078383818999999910e+00	2.412918309499999836e+01	1.453407512999999973e+01	2.078383818999999910e+00	2.346925766000000024e+01	1.294832117600000032e+01	6.992969729000000356e+00
2.151671263999999972e+00	2.456634853699999965e+01	1.417912775399999958e+01	2.151671263999999972e+00	2.224245635000000121e+01	1.191402777699999938e+01	6.589820664000000328e+00
2.227542951999999854e+00	2.497856244300000128e+01	1.381753628699999936e+01	2.227542951999999854e+00	2.078584362799999852e+01	1.332385110399999917e+01	6.203039215999999634e+00
2.306090009000000052e+00	2.536616515200000066e+01	1.345123723000000027e+01	2.306090009000000052e+00	2.181671493400000017e+01	1.607598490699999871e+01	5.832919434999999986e+00
2.387406771999999844e+00	2.572965150199999940e+01	1.308204185499999994e+01	2.387406771999999844e+00	2.557064162500000037e+01	1.664662980599999997e+01	5.479603228000000215e+00
2.471590905999999865e+00	2.606964989300000113e+01	1.271162893099999991e+01	2.471590905999999865e+00	2.780740293199999869e+01	1.417301317199999922e+01	5.143095849999999913e+00
2.558743520000000160e+00	2.638690108799999834e+01	1.234153478300000017e+01	2.558743520000000160e+00	2.841250448999999989e+01	1.083703121399999958e+01	4.823279349999999965e+00
2.648969287999999978e+00	2.668223010399999851e+01	1.197315294899999927e+01	2.648969287999999978e+00	2.532759583200000009e+01	9.446488475000000662e+00	4.519928941999999950e+00
2.742376573000000040e+00	2.695653414599999920e+01	1.160773865100000002e+01	2.742376573000000040e+00	2.456586700900000153e+01	1.113654260600000079e+01	4.232729656000000062e+00
2.839077563000000026e+00	2.721075781600000099e+01	1.124640323100000039e+01	2.839077563000000026e+00	2.443949551000000042e+01	1.131480922299999925e+01	3.961287770999999847e+00
2.939188398999999841e+00	2.744588133899999960e+01	1.089012894400000064e+01	2.939188398999999841e+00	2.643380094899999833e+01	1.246618618199999950e+01	3.705148315000000192e+00
3.042829316999999811e+00	2.766290057799999857e+01	1.053976619200000009e+01	3.042829316999999811e+00	2.638925228700000147e+01	1.204900796999999990e+01	3.463804602000000177e+00
3.150124796000000060e+00	2.786282092100000085e+01	1.019604613399999948e+01	3.150124796000000060e+00	2.772721555400000071e+01	1.040820885299999965e+01	3.236711811000000161e+00
3.261203699999999817e+00	2.804664021199999979e+01	9.859588508999999945e+00	3.261203699999999817e+00	2.786822441099999992e+01	8.779225686000000195e+00	3.023297351000000077e+00
3.376199440999999801e+00	2.821534200500000011e+01	9.530907214999999155e+00	3.376199440999999801e+00	2.679613878500000013e+01	9.350325576999999555e+00	2.822969253000000123e+00
3.495250132999999870e+00	2.836988884399999833e+01	9.210420848000000049e+00	3.495250132999999870e+00	2.624857939500000015e+01	9.733998531999999315e+00	2.635124955000000213e+00
3.618498760000000036e+00	2.851121519300000173e+01	8.898461570000000265e+00	3.618498760000000036e+00	2.608161958299999839e+01	9.995460012000000560e+00	2.459158385999999918e+00
3.746093349000000128e+00	2.864022257699999940e+01	8.595283154000000536e+00	3.746093349000000128e+00	2.600618992500000104e+01	1.013056572200000005e+01	2.294465821999999822e+00
3.878187146000000141e+00	2.875777610999999823e+01	8.301069057999999501e+00	3.878187146000000141e+00	2.613170270499999859e+01	1.076613611600000020e+01	2.140450872000000171e+00
4.014938800999999557e+00	2.886470184299999886e+01	8.015940360000000098e+00	4.014938800999999557e+00	2.697019915199999929e+01	1.134324577199999950e+01	1.996528654000000014e+00
4.156512558000000190e+00	2.896178524600000159e+01	7.739963567000000211e+00	4.156512558000000190e+00	2.802202879900000099e+01	1.131766256400000081e+01	1.862129238999999936e+00
4.303078454000000441e+00	2.904977128399999842e+01	7.473157010000000433e+00	4.303078454000000441e+00	2.926504508700000073e+01	1.115461078799999939e+01	1.736700152999999913e+00
4.454812518999999860e+00	2.912936240399999832e+01	7.215495632999999742e+00	4.454812518999999860e+00	3.042410858099999871e+01	9.468180221000000785e+00	1.619708034999999935e+00
4.611896992000000139e+00	2.920121863900000037e+01	6.966920994999999728e+00	4.611896992000000139e+00	2.982687088500000172e+01	8.737165643000000870e+00	1.510641066999999893e+00
4.774520539000000063e+00	2.926596156800000159e+01	6.727341538000000121e+00	4.774520539000000063e+00	2.977327324499999861e+01	7.189384116000000269e+00	1.409008817999999996e+00
4.942878474999999661e+00	2.932417070900000056e+01	6.496642203999999587e+00	4.942878474999999661e+00	2.880455300799999918e+01	7.627278800000000025e+00	1.314343905999999951e+00
5.117173006999999885e+00	2.937638787199999868e+01	6.274684148000000405e+00	5.117173006999999885e+00	2.794234397099999967e+01	8.362387897999999709e+00	1.226201290999999971e+00
5.297613468999999853e+00	2.942311838199999841e+01	6.061312120000000192e+00	5.297613468999999853e+00	2.832307684799999947e+01	8.865891079000000730e+00	1.144158997999999983e+00
5.484416576000000099e+00	2.946483145399999870e+01	5.856356680000000203e+00	5.484416576000000099e+00	2.903788139899999976e+01	9.140633834000000846e+00	1.067817623999999910e+00
5.677806688000000435e+00	2.950196259899999873e+01	5.659636994999999615e+00	5.677806688000000435e+00	3.038774263699999878e+01	9.123398954000000671e+00	9.967998750000000019e-01
5.878016072000000314e+00	2.953491549199999966e+01	5.470963647999999679e+00	5.878016072000000314e+00	3.173416242000000054e+01	8.177227724999999836e+00	9.307500319999999494e-01
6.085285189999999567e+00	2.956406324299999966e+01	5.290140867999999941e+00	6.085285189999999567e+00	3.169875771099999895e+01	6.103719940000000399e+00	8.693332689999999641e-01
6.299862978000000169e+00	2.958975017199999868e+01	5.116969777999999636e+00	6.299862978000000169e+00	3.036732033999999913e+01	5.953581397999999858e+00	8.122350910000000201e-01
6.522007154999999834e+00	2.961229541200000170e+01	4.951248370000000065e+00	6.522007154999999834e+00	3.055018021300000086e+01	5.622158483999999845e+00	7.591602170000000260e-01
6.751984522999999960e+00	2.963199072400000134e+01	4.792774301999999764e+00	6.751984522999999960e+00	2.983777590000000046e+01	5.924198975000000367e+00	7.098319440000000480e-01
6.990071294999999907e+00	2.964910635900000102e+01	4.641345267000000163e+00	6.990071294999999907e+00	2.944209013300000066e+01	5.737675506999999619e+00	6.639911200000000457e-01
7.236553423000000151e+00	2.966388995300000175e+01	4.496761539000000418e+00	7.236553423000000151e+00	2.942889750599999843e+01	5.799940084000000162e+00	6.213954729999999760e-01
7.491726940999999584e+00	2.967656871000000152e+01	4.358825638999999974e+00	7.491726940999999584e+00	2.943372322900000171e+01	6.226252032999999741e+00	5.818185409999999669e-01
7.755898323000000261e+00	2.968735124699999872e+01	4.227343570000000383e+00	7.755898323000000261e+00	2.979293888999999851e+01	6.713992874999999749e+00	5.450488639999999663e-01
8.029384849999999574e+00	2.969642859600000051e+01	4.102125108000000075e+00	8.029384849999999574e+00	3.067349059400000044e+01	6.610699266000000129e+00	5.108890889999999629e-01
8.312514990000000381e+00	2.970397486799999953e+01	3.982985500999999928e+00	8.312514990000000381e+00	3.071263995300000005e+01	6.303669204000000192e+00	4.791552860000000136e-01
8.605628792999999277e+00	2.971015064299999864e+01	3.869744476999999794e+00	8.605628792999999277e+00	3.126010153100000011e+01	5.686230680000000426e+00	4.496759699999999804e-01
8.909078300999999200e+00	2.971510118999999861e+01	3.762227886999999882e+00	8.909078300999999200e+00	3.141698908200000062e+01	5.547916780000000436e+00	4.222914830000000230e-01
9.223227968999999860e+00	2.971895953299999960e+01	3.660266688000000102e+00	9.223227968999999860e+00	3.148721716600000065e+01	5.279543814000000168e+00	3.968531080000000100e-01
9.548455103000000221e+00	2.972184682199999983e+01	3.563698169999999887e+00	9.548455103000000221e+00	3.140025044700000123e+01	4.726001231999999774e+00	3.732224880000000189e-01
9.885150314000000549e+00	2.972387329400000056e+01	3.472366081000000104e+00	9.885150314000000549e+00	3.096171886699999831e+01	4.603514522000000220e+00	3.512709439999999739e-01
1.023371798600000027e+01	2.972513953500000028e+01	3.386119679000000104e+00	1.023371798600000027e+01	3.093938894200000078e+01	4.333025509999999692e+00	3.308787369999999783e-01
1.059457676399999926e+01	2.972573594900000060e+01	3.304815438999999966e+00	1.059457676399999926e+01	3.063067305899999937e+01	4.700489554999999875e+00	3.119346350000000156e-01
1.096816005300000008e+01	2.972574518300000079e+01	3.228315400000000057e+00	1.096816005300000008e+01	3.052903820599999918e+01	4.937369029000000076e+00	2.943351830000000002e-01
1.135491654099999970e+01	2.972524193499999967e+01	3.156488384000000202e+00	1.135491654099999970e+01	3.069280862600000148e+01	5.023757051999999668e+00	2.779842869999999966e-01
1.175531073900000045e+01	2.972429333899999904e+01	3.089209514000000212e+00	1.175531073900000045e+01	3.091328822899999906e+01	4.985782810999999981e+00	2.627926720000000049e-01
1.216982353600000089e+01	2.972296060300000065e+01	3.026360496000000122e+00	1.216982353600000089e+01	3.140777498199999940e+01	4.932056679000000443e+00	2.486774350000000022e-01
1.259895277799999924e+01	2.972129804800000130e+01	2.967828667000000031e+00	1.259895277799999924e+01	3.115072135000000131e+01	4.720669648000000329e+00	2.355615359999999880e-01
1.304321386700000041e+01	2.971935511599999913e+01	2.913507913000000116e+00	1.304321386700000041e+01	3.116076325799999935e+01	4.800634190000000245e+00	2.233734679999999917e-01
1.350314037899999953e+01	2.971717571199999952e+01	2.863298100999999818e+00	1.350314037899999953e+01	3.141816624999999874e+01	4.596782756999999719e+00	2.120468289999999922e-01
1.397928470299999937e+01	2.971479908799999947e+01	2.817105570999999919e+00	1.397928470299999937e+01	3.141932628800000060e+01	4.715720820999999674e+00	2.015200080000000005e-01
1.447221870699999968e+01	2.971226035600000159e+01	2.774841771000000179e+00	1.447221870699999968e+01	3.141989097000000086e+01	4.541483480000000128e+00	1.917357540000000082e-01
1.498253442699999916e+01	2.970959062400000050e+01	2.736424668999999810e+00	1.498253442699999916e+01	3.151043667500000112e+01	4.583757208999999833e+00	1.826409730000000120e-01
1.551084477000000028e+01	2.970681724499999987e+01	2.701777491000000087e+00	1.551084477000000028e+01	3.182877459699999889e+01	4.421044733999999643e+00	1.741863539999999877e-01
1.605778425800000164e+01	2.970396408999999949e+01	2.670829644999999974e+00	1.605778425800000164e+01	3.202255560100000054e+01	4.497262377000000200e+00	1.663261629999999991e-01
1.662400978899999870e+01	2.970105228399999930e+01	2.643515455000000181e+00	1.662400978899999870e+01	3.219820046899999966e+01	4.133101774000000006e+00	1.590179200000000070e-01
1.721020142200000080e+01	2.969809992000000065e+01	2.619774984999999834e+00	1.721020142200000080e+01	3.208297340000000020e+01	3.615179476999999864e+00	1.522222149999999941e-01
1.781706319499999935e+01	2.969512244899999942e+01	2.599553956999999915e+00	1.781706319499999935e+01	3.177768568899999835e+01	3.777849311999999848e+00	1.459024939999999937e-01
1.844532397600000095e+01	2.969213302800000065e+01	2.582802748000000204e+00	1.844532397600000095e+01	3.172594701799999939e+01	3.929630305999999962e+00	1.400247970000000064e-01
1.909573832899999957e+01	2.968914251600000043e+01	2.569477233999999832e+00	1.909573832899999957e+01	3.187540956599999831e+01	3.798402364999999836e+00	1.345576270000000130e-01
1.976908742799999885e+01	2.968615967699999914e+01	2.559538653999999802e+00	1.976908742799999885e+01	3.194692570699999834e+01	3.926719945999999961e+00	1.294717659999999881e-01
2.046617999400000087e+01	2.968319142600000049e+01	2.552952717999999788e+00	2.046617999400000087e+01	3.204399367199999915e+01	3.887660073999999799e+00	1.247400699999999946e-01
2.118785326100000077e+01	2.968024274100000071e+01	2.549690479000000121e+00	2.118785326100000077e+01	3.197568441499999992e+01	3.791574924999999929e+00	1.203373670000000006e-01
2.193497398899999951e+01	2.967731728700000104e+01	2.549727793000000187e+00	2.193497398899999951e+01	3.206377828400000141e+01	3.623434055000000154e+00	1.162402929999999945e-01
2.270843949900000069e+01	2.967441680499999990e+01	2.553045430000000060e+00	2.270843949900000069e+01	3.199968246499999935e+01	3.804914108000000184e+00	1.124271629999999966e-01
2.350917875500000065e+01	2.967154173999999855e+01	2.559628608000000138e+00	2.350917875500000065e+01	3.207963537900000262e+01	3.722160606000000094e+00	1.088778400000000035e-01
2.433815347499999859e+01	2.966869113499999955e+01	2.569467769000000068e+00	2.433815347499999859e+01	3.218211758099999997e+01	3.843961302999999941e+00	1.055736530000000034e-01
2.519635929300000043e+01	2.966586275899999947e+01	2.582557571999999801e+00	2.519635929300000043e+01	3.243921627400000318e+01	3.730180623999999945e+00	1.024972509999999976e-01
2.608482694799999990e+01	2.966305297999999979e+01	2.598897743000000204e+00	2.608482694799999990e+01	3.255667318100000074e+01	3.603042980000000117e+00	9.963254700000000186e-02
2.700462352399999943e+01	2.966025724600000046e+01	2.618492380999999813e+00	2.700462352399999943e+01	3.272612253500000179e+01	3.436118309999999898e+00	9.696459500000000065e-02
2.795685373499999926e+01	2.965746949600000093e+01	2.641350201999999925e+00	2.795685373499999926e+01	3.256706789700000115e+01	3.257197853000000087e+00	9.447952299999999581e-02
2.894266124700000020e+01	2.965468284399999987e+01	2.667484705000000123e+00	2.894266124700000020e+01	3.248963273199999691e+01	3.448533922999999835e+00	9.216445900000000413e-02
2.996323005500000036e+01	2.965188915599999930e+01	2.696913637000000197e+00	2.996323005500000036e+01	3.257013878299999732e+01	3.421006746000000209e+00	9.000743999999999412e-02
3.101978590099999877e+01	2.964907924599999944e+01	2.729659708999999879e+00	3.101978590099999877e+01	3.269337094299999791e+01	3.477606027999999849e+00	8.799737400000000320e-02
3.211359775300000052e+01	2.964624280499999998e+01	2.765749852999999980e+00	3.211359775300000052e+01	3.265348500799999698e+01	3.324965660999999795e+00	8.612394900000000519e-02
3.324597932300000025e+01	2.964336857800000047e+01	2.805215881000000078e+00	3.324597932300000025e+01	3.265965821700000049e+01	3.311904917000000115e+00	8.437759799999999810e-02
3.441829064499999902e+01	2.964044414700000019e+01	2.848094055999999874e+00	3.441829064499999902e+01	3.279968648900000261e+01	3.363011495999999934e+00	8.274943399999999671e-02
3.563193971199999766e+01	2.963745584400000155e+01	2.894425226000000073e+00	3.563193971199999766e+01	3.276717802299999960e+01	3.290669810999999889e+00	8.123120000000000340e-02
3.688838416699999811e+01	2.963438915500000093e+01	2.944255032000000050e+00	3.688838416699999811e+01	3.277945621100000295e+01	3.293156207000000002e+00	7.981523399999999879e-02
3.818913304800000219e+01	2.963122827300000139e+01	2.997633729999999996e+00	3.818913304800000219e+01	3.290755431000000186e+01	3.402234566000000182e+00	7.849441699999999689e-02
3.953574860700000215e+01	2.962795608300000083e+01	3.054616264999999942e+00	3.953574860700000215e+01	3.296051726799999670e+01	3.423349062000000220e+00	7.726213299999999673e-02
4.092984818499999733e+01	2.962455451199999956e+01	3.115262460999999927e+00	4.092984818499999733e+01	3.312589634700000119e+01	3.405065942999999873e+00	7.611224099999999715e-02
4.237310614900000161e+01	2.962100397900000104e+01	3.179636860000000009e+00	4.237310614900000161e+01	3.321167550399999868e+01	3.334461645000000196e+00	7.503903200000000551e-02
4.386725590999999724e+01	2.961728364800000080e+01	3.247808963999999854e+00	4.386725590999999724e+01	3.334149908799999906e+01	3.175165552999999807e+00	7.403720399999999535e-02
4.541409200399999690e+01	2.961337128899999982e+01	3.319853301999999839e+00	4.541409200399999690e+01	3.348010524800000098e+01	3.017539816000000208e+00	7.310183200000000547e-02
4.701547224000000114e+01	2.960924302000000097e+01	3.395849316000000062e+00	4.701547224000000114e+01	3.334726707200000106e+01	2.871709307999999794e+00	7.222833600000000409e-02
4.867331994199999912e+01	2.960487368000000075e+01	3.475881644999999853e+00	4.867331994199999912e+01	3.336487601099999978e+01	2.845662662000000065e+00	7.141246299999999547e-02
5.038962625100000281e+01	2.960023614500000022e+01	3.560040050000000011e+00	5.038962625100000281e+01	3.332746442700000244e+01	2.744348950000000009e+00	7.065025699999999409e-02
5.216645251900000346e+01	2.959530167699999836e+01	3.648419747999999796e+00	5.216645251900000346e+01	3.326512146700000017e+01	2.723174874000000134e+00	6.993804600000000371e-02
5.400593278499999883e+01	2.959003968900000103e+01	3.741121221000000219e+00	5.400593278499999883e+01	3.331503267600000129e+01	2.711155450000000133e+00	6.927241200000000543e-02
5.591027634099999943e+01	2.958441748199999921e+01	3.838250450999999952e+00	5.591027634099999943e+01	3.332679348700000332e+01	2.575494421000000145e+00	6.865017900000000561e-02
5.788177037700000227e+01	2.957840021499999850e+01	3.939919174999999996e+00	5.788177037700000227e+01	3.322101339700000011e+01	2.496516398999999886e+00	6.806839400000000428e-02
5.992278273800000221e+01	2.957195092799999969e+01	4.046244800000000197e+00	5.992278273800000221e+01	3.322068326499999813e+01	2.440841648000000141e+00	6.752431400000000195e-02
6.203576476100000292e+01	2.956502998299999874e+01	4.157350585999999737e+00	6.203576476100000292e+01	3.309857595700000132e+01	2.354991885000000007e+00	6.701538399999999729e-02
6.422325422199999423e+01	2.955759535299999996e+01	4.273365860000000183e+00	6.422325422199999423e+01	3.293610849299999899e+01	2.205280208000000020e+00	6.653923000000000476e-02
6.648787838399999828e+01	2.954960207799999949e+01	4.394426139000000120e+00	6.648787838399999828e+01	3.280476504100000312e+01	2.200675867000000174e+00	6.609364399999999307e-02
6.883235715099999652e+01	2.954100227300000014e+01	4.520673227999999710e+00	6.883235715099999652e+01	3.265540866999999992e+01	2.239034054000000218e+00	6.567657200000000250e-02
7.125950633600000117e+01	2.953174480199999863e+01	4.652255344000000292e+00	7.125950633600000117e+01	3.246040089400000284e+01	2.117294339999999941e+00	6.528610099999999916e-02
7.377224104200000454e+01	2.952177514299999928e+01	4.789327504000000069e+00	7.377224104200000454e+01	3.222195547500000146e+01	2.167107398000000185e+00	6.492045600000000138e-02
7.637357916400000590e+01	2.951103506800000176e+01	4.932051479000000072e+00	7.637357916400000590e+01	3.199311176100000154e+01	2.291696175999999863e+00	6.457797999999999317e-02
7.906664501299999870e+01	2.949946239000000148e+01	5.080595999999999890e+00	7.906664501299999870e+01	3.177923577099999974e+01	2.396867113999999965e+00	6.425713399999999353e-02
