1.000000000000000021e-02	1.731400000000000126e-04	6.058657399999999721e-02	1.000000000000000021e-02	-5.747225400000000040e-02	1.479643700000000082e-02	6.058657355000000244e+00
1.035261699999999972e-02	1.855650000000000029e-04	6.272289500000000073e-02	1.035261699999999972e-02	-5.924771499999999941e-02	1.611914100000000002e-02	6.058650916999999581e+00
1.071766900000000085e-02	1.988819999999999976e-04	6.493453999999999893e-02	1.071766900000000085e-02	-6.111532100000000023e-02	1.756713600000000056e-02	6.058644016999999771e+00
1.109559300000000082e-02	2.131540000000000127e-04	6.722416400000000292e-02	1.109559300000000082e-02	-6.307688899999999710e-02	1.915183399999999952e-02	6.058636621999999861e+00
1.148684300000000005e-02	2.284510000000000121e-04	6.959451399999999621e-02	1.148684300000000005e-02	-6.513375400000000204e-02	2.088553799999999863e-02	6.058628696000000424e+00
1.189188899999999924e-02	2.448449999999999910e-04	7.204843700000000684e-02	1.189188899999999924e-02	-6.728665699999999972e-02	2.278147599999999842e-02	6.058620202000000177e+00
1.231121699999999930e-02	2.624160000000000164e-04	7.458887899999999682e-02	1.231121699999999930e-02	-6.953563100000000052e-02	2.485383500000000120e-02	6.058611098000000084e+00
1.274533299999999932e-02	2.812469999999999857e-04	7.721888899999999889e-02	1.274533299999999932e-02	-7.187985800000000480e-02	2.711778600000000136e-02	6.058601341000000140e+00
1.319475500000000072e-02	3.014299999999999922e-04	7.994162400000000279e-02	1.319475500000000072e-02	-7.431752699999999434e-02	2.958950399999999911e-02	6.058590884000000010e+00
1.366002499999999925e-02	3.230609999999999754e-04	8.276035199999999536e-02	1.366002499999999925e-02	-7.684565599999999830e-02	3.228616699999999756e-02	6.058579676999999997e+00
1.414170200000000079e-02	3.462440000000000006e-04	8.567845699999999953e-02	1.414170200000000079e-02	-7.945990999999999471e-02	3.522595099999999840e-02	6.058567666000000074e+00
1.464036299999999999e-02	3.710909999999999881e-04	8.869944000000000439e-02	1.464036299999999999e-02	-8.215438899999999434e-02	3.842799599999999899e-02	6.058554791999999800e+00
1.515660800000000023e-02	3.977210000000000229e-04	9.182692800000000211e-02	1.515660800000000023e-02	-8.492140800000000378e-02	4.191236200000000162e-02	6.058540995999999623e+00
1.569105599999999837e-02	4.262609999999999902e-04	9.506467400000000179e-02	1.569105599999999837e-02	-8.775124199999999319e-02	4.569993900000000192e-02	6.058526209000000051e+00
1.624435000000000115e-02	4.568490000000000029e-04	9.841656299999999857e-02	1.624435000000000115e-02	-9.063186800000000432e-02	4.981234500000000093e-02	6.058510361999999816e+00
1.681715400000000082e-02	4.896320000000000446e-04	1.018866179999999982e-01	1.681715400000000082e-02	-9.354867199999999938e-02	5.427176699999999854e-02	6.058493377999999652e+00
1.741015699999999902e-02	5.247669999999999852e-04	1.054790010000000028e-01	1.741015699999999902e-02	-9.648415000000000463e-02	5.910076799999999797e-02	6.058475174999999879e+00
1.802406900000000020e-02	5.624230000000000462e-04	1.091980230000000052e-01	1.802406900000000020e-02	-9.941759099999999960e-02	6.432203499999999963e-02	6.058455666999999600e+00
1.865962900000000049e-02	6.027810000000000416e-04	1.130481460000000021e-01	1.865962900000000049e-02	-1.023247479999999932e-01	6.995806100000000194e-02	6.058434759999999919e+00
1.931760000000000074e-02	6.460339999999999746e-04	1.170339890000000049e-01	1.931760000000000074e-02	-1.051775050000000045e-01	7.603076300000000121e-02	6.058412352999999584e+00
1.999877300000000094e-02	6.923899999999999760e-04	1.211603309999999961e-01	1.999877300000000094e-02	-1.079435440000000024e-01	8.256101500000000148e-02	6.058388338000000317e+00
2.070396399999999831e-02	7.420719999999999790e-04	1.254321230000000065e-01	2.070396399999999831e-02	-1.105860270000000034e-01	8.956808199999999331e-02	6.058362601999999875e+00
2.143402200000000049e-02	7.953180000000000449e-04	1.298544879999999901e-01	2.143402200000000049e-02	-1.130632990000000060e-01	9.706895899999999633e-02	6.058335019000000266e+00
2.218982300000000088e-02	8.523849999999999916e-04	1.344327280000000013e-01	2.218982300000000088e-02	-1.153286250000000041e-01	1.050775860000000006e-01	6.058305458999999615e+00
2.297227500000000033e-02	9.135439999999999663e-04	1.391723330000000092e-01	2.297227500000000033e-02	-1.173299960000000058e-01	1.136039390000000010e-01	6.058273779000000303e+00
2.378231800000000021e-02	9.790919999999999832e-04	1.440789859999999922e-01	2.378231800000000021e-02	-1.190100030000000031e-01	1.226529809999999943e-01	6.058239826000000328e+00
2.462092399999999889e-02	1.049341000000000076e-03	1.491585669999999919e-01	2.462092399999999889e-02	-1.203058320000000014e-01	1.322234539999999903e-01	6.058203439999999773e+00
2.548910100000000012e-02	1.124629000000000037e-03	1.544171639999999956e-01	2.548910100000000012e-02	-1.211493990000000048e-01	1.423065239999999898e-01	6.058164443999999982e+00
2.638789100000000012e-02	1.205317000000000020e-03	1.598610809999999882e-01	2.638789100000000012e-02	-1.214676769999999961e-01	1.528842509999999988e-01	6.058122652999999858e+00
2.731837399999999944e-02	1.291793000000000064e-03	1.654968380000000072e-01	2.731837399999999944e-02	-1.211832570000000026e-01	1.639278919999999917e-01	6.058077865999999645e+00
2.828166799999999939e-02	1.384470999999999966e-03	1.713311879999999954e-01	2.828166799999999939e-02	-1.202152199999999976e-01	1.753960479999999988e-01	6.058029869000000289e+00
2.927892899999999868e-02	1.483795999999999900e-03	1.773711189999999938e-01	2.927892899999999868e-02	-1.184803690000000020e-01	1.872326579999999963e-01	6.057978431000000441e+00
3.031135500000000163e-02	1.590243000000000082e-03	1.836238639999999978e-01	3.031135500000000163e-02	-1.158949259999999953e-01	1.993648769999999959e-01	6.057923306000000174e+00
3.138018599999999741e-02	1.704325000000000024e-03	1.900969080000000089e-01	3.138018599999999741e-02	-1.123767789999999961e-01	2.117008890000000032e-01	6.057864230999999933e+00
3.248670699999999661e-02	1.826586000000000052e-03	1.967980010000000002e-01	3.248670699999999661e-02	-1.078483820000000065e-01	2.241277070000000093e-01	6.057800923000000282e+00
3.363224499999999811e-02	1.957614999999999789e-03	2.037351609999999980e-01	3.363224499999999811e-02	-1.022404439999999998e-01	2.365090999999999999e-01	6.057733079000000131e+00
3.481817599999999929e-02	2.098037999999999986e-03	2.109166869999999916e-01	3.481817599999999929e-02	-9.549650399999999595e-02	2.486837640000000016e-01	6.057660375000000208e+00
3.604592599999999897e-02	2.248528000000000072e-03	2.183511690000000116e-01	3.604592599999999897e-02	-8.757854299999999481e-02	2.604639619999999933e-01	6.057582462000000056e+00
3.731696799999999897e-02	2.409806999999999921e-03	2.260474980000000134e-01	3.731696799999999897e-02	-7.847372199999999576e-02	2.716349049999999821e-01	6.057498970000000149e+00
3.863282999999999995e-02	2.582646999999999981e-03	2.340148710000000132e-01	3.863282999999999995e-02	-6.820232399999999473e-02	2.819552339999999990e-01	6.057409498000000170e+00
3.999509100000000344e-02	2.767875999999999843e-03	2.422628089999999956e-01	3.999509100000000344e-02	-5.682691699999999763e-02	2.911590589999999978e-01	6.057313620999999593e+00
4.140538800000000130e-02	2.966379999999999798e-03	2.508011649999999926e-01	4.140538800000000130e-02	-4.446264199999999667e-02	2.989601339999999885e-01	6.057210879000000325e+00
4.286541399999999752e-02	3.179110000000000182e-03	2.596401329999999952e-01	4.286541399999999752e-02	-3.128835299999999792e-02	3.050588129999999842e-01	6.057100784000000182e+00
4.437692299999999868e-02	3.407082999999999987e-03	2.687902629999999737e-01	4.437692299999999868e-02	-1.755813700000000144e-02	3.091525729999999861e-01	6.056982811000000133e+00
4.594173099999999954e-02	3.651390000000000018e-03	2.782624690000000123e-01	4.594173099999999954e-02	-3.612391999999999860e-03	3.109508630000000218e-01	6.056856396999999781e+00
4.756171700000000335e-02	3.913200000000000359e-03	2.880680480000000210e-01	4.756171700000000335e-02	1.011277600000000040e-02	3.101950099999999932e-01	6.056720939999999942e+00
4.923882599999999943e-02	4.193762999999999658e-03	2.982186840000000116e-01	4.923882599999999943e-02	2.307951499999999836e-02	3.066836849999999837e-01	6.056575795999999734e+00
5.097507300000000269e-02	4.494421000000000180e-03	3.087264679999999761e-01	5.097507300000000269e-02	3.464779999999999943e-02	3.003039670000000050e-01	6.056420274999999798e+00
5.277254399999999762e-02	4.816609000000000342e-03	3.196039090000000193e-01	5.277254399999999762e-02	4.408328899999999773e-02	2.910673029999999994e-01	6.056253638000000272e+00
5.463339600000000074e-02	5.161864999999999856e-03	3.308639460000000199e-01	5.463339600000000074e-02	5.057640499999999789e-02	2.791485989999999973e-01	6.056075092999999576e+00
5.655986500000000083e-02	5.531837999999999859e-03	3.425199680000000080e-01	5.655986500000000083e-02	5.327544099999999977e-02	2.649252489999999738e-01	6.055883794999999736e+00
5.855426400000000170e-02	5.928291999999999937e-03	3.545858190000000243e-01	5.855426400000000170e-02	5.133572200000000030e-02	2.490113439999999956e-01	6.055678836000000231e+00
6.061898999999999760e-02	6.353117000000000139e-03	3.670758230000000233e-01	6.061898999999999760e-02	4.398524200000000078e-02	2.322808690000000009e-01	6.055459244999999768e+00
6.275652099999999567e-02	6.808337000000000243e-03	3.800047939999999791e-01	6.275652099999999567e-02	3.060477199999999884e-02	2.158727099999999954e-01	6.055223985999999670e+00
6.496942599999999679e-02	7.296119999999999689e-03	3.933880519999999881e-01	6.496942599999999679e-02	1.081724000000000054e-02	2.011705149999999942e-01	6.054971945000000133e+00
6.726036200000000409e-02	7.818787000000000653e-03	4.072414409999999818e-01	6.726036200000000409e-02	-1.542203600000000008e-02	1.897520829999999881e-01	6.054701934999999757e+00
6.963207899999999950e-02	8.378821999999999312e-03	4.215813449999999962e-01	6.963207899999999950e-02	-4.774530800000000019e-02	1.833063109999999996e-01	6.054412682999999795e+00
7.208742799999999507e-02	8.978888000000000841e-03	4.364247030000000249e-01	7.208742799999999507e-02	-8.531446299999999316e-02	1.835203420000000030e-01	6.054102827000000353e+00
7.462935699999999339e-02	9.621832999999999775e-03	4.517890299999999804e-01	7.462935699999999339e-02	-1.267956500000000097e-01	1.919443999999999872e-01	6.053770913000000142e+00
7.726091799999999787e-02	1.031070700000000055e-02	4.676924319999999913e-01	7.726091799999999787e-02	-1.703731119999999932e-01	2.098455059999999872e-01	6.053415384000000010e+00
7.998527299999999562e-02	1.104877400000000079e-02	4.841536249999999764e-01	7.998527299999999562e-02	-2.138035520000000078e-01	2.380623950000000100e-01	6.053034574999999862e+00
8.280569399999999913e-02	1.183953100000000036e-02	5.011919540000000506e-01	8.280569399999999913e-02	-2.545074019999999937e-01	2.768718840000000125e-01	6.052626704999999774e+00
8.572556700000000252e-02	1.268671499999999945e-02	5.188274099999999889e-01	8.572556700000000252e-02	-2.896907610000000188e-01	3.258720390000000022e-01	6.052189873999999747e+00
8.874840100000000453e-02	1.359433099999999943e-02	5.370806529999999634e-01	8.874840100000000453e-02	-3.164933830000000170e-01	3.838815540000000137e-01	6.051722047000000160e+00
9.187782399999999683e-02	1.456666000000000037e-02	5.559730250000000096e-01	9.187782399999999683e-02	-3.321648229999999979e-01	4.488504300000000224e-01	6.051221051999999823e+00
9.511759699999999818e-02	1.560828400000000005e-02	5.755265760000000119e-01	9.511759699999999818e-02	-3.342822559999999998e-01	5.177779169999999764e-01	6.050684568000000318e+00
9.847161000000000108e-02	1.672410699999999847e-02	5.957640810000000009e-01	9.847161000000000108e-02	-3.210376189999999963e-01	5.866439549999999947e-01	6.050110117000000010e+00
1.019438909999999948e-01	1.791937099999999991e-02	6.167090619999999745e-01	1.019438909999999948e-01	-2.916334270000000006e-01	6.503849600000000120e-01	6.049495051000000068e+00
1.055386100000000049e-01	1.919968400000000158e-02	6.383858030000000294e-01	1.055386100000000049e-01	-2.468252069999999909e-01	7.029883479999999851e-01	6.048836545000000342e+00
1.092600860000000063e-01	2.057104400000000013e-02	6.608193780000000128e-01	1.092600860000000063e-01	-1.896133540000000117e-01	7.378414840000000474e-01	6.048131584000000061e+00
1.131127880000000058e-01	2.203986100000000087e-02	6.840356650000000149e-01	1.131127880000000058e-01	-1.259873980000000004e-01	7.485292709999999961e-01	6.047376950000000306e+00
1.171013419999999972e-01	2.361299099999999984e-02	7.080613700000000232e-01	1.171013419999999972e-01	-6.543630999999999753e-02	7.302675299999999980e-01	6.046569211999999638e+00
1.212305399999999977e-01	2.529775999999999900e-02	7.329240479999999947e-01	1.212305399999999977e-01	-2.069667799999999960e-02	6.819706949999999601e-01	6.045704712000000036e+00
1.255053409999999925e-01	2.710199599999999973e-02	7.586521179999999864e-01	1.255053409999999925e-01	-6.104583000000000231e-03	6.084793640000000225e-01	6.044779551000000417e+00
1.299308779999999997e-01	2.903406399999999832e-02	7.852748880000000042e-01	1.299308779999999997e-01	-3.429161000000000015e-02	5.218379010000000484e-01	6.043789572999999749e+00
1.345124679999999961e-01	3.110289899999999982e-02	8.128225749999999916e-01	1.345124679999999961e-01	-1.120043750000000032e-01	4.402772309999999911e-01	6.042730356999999941e+00
1.392556130000000003e-01	3.331804299999999858e-02	8.413263199999999609e-01	1.392556130000000003e-01	-2.369738319999999954e-01	3.844291459999999994e-01	6.041597191000000144e+00
1.441660090000000116e-01	3.568968299999999982e-02	8.708182089999999542e-01	1.441660090000000116e-01	-3.977662109999999807e-01	3.720985170000000175e-01	6.040385065999999803e+00
1.492495550000000060e-01	3.822869500000000004e-02	9.013312909999999789e-01	1.492495550000000060e-01	-5.768751439999999509e-01	4.141233089999999950e-01	6.039088654000000389e+00
1.545123549999999901e-01	4.094668199999999814e-02	9.328995970000000248e-01	1.545123549999999901e-01	-7.552926119999999743e-01	5.131322900000000464e-01	6.037702290000000360e+00
1.599607299999999954e-01	4.385602599999999934e-02	9.655581519999999474e-01	1.599607299999999954e-01	-9.162652540000000290e-01	6.650511180000000522e-01	6.036219958000000219e+00
1.656012249999999908e-01	4.696993000000000001e-02	9.993429940000000400e-01	1.656012249999999908e-01	-1.047039896000000025e+00	8.618509420000000087e-01	6.034635272000000050e+00
1.714406139999999912e-01	5.030247000000000190e-02	1.034291185000000057e+00	1.714406139999999912e-01	-1.138767807000000021e+00	1.094063153000000010e+00	6.032941454000000370e+00
1.774859089999999973e-01	5.386864999999999709e-02	1.070440826000000012e+00	1.774859089999999973e-01	-1.185343244000000018e+00	1.352345043999999996e+00	6.031131321000000156e+00
1.837443719999999892e-01	5.768445500000000253e-02	1.107831067000000003e+00	1.837443719999999892e-01	-1.181825198999999937e+00	1.627989861999999954e+00	6.029197260000000114e+00
1.902235200000000070e-01	6.176691000000000126e-02	1.146502115000000099e+00	1.902235200000000070e-01	-1.122750890000000057e+00	1.912371011000000065e+00	6.027131212999999654e+00
1.969311340000000077e-01	6.613413599999999615e-02	1.186495244000000060e+00	1.969311340000000077e-01	-1.000585767000000015e+00	2.194956737000000047e+00	6.024924656999999684e+00
2.038752699999999973e-01	7.080542200000000674e-02	1.227852793999999914e+00	2.038752699999999973e-01	-8.052216319999999650e-01	2.459018939999999986e+00	6.022568582999999975e+00
2.110642679999999993e-01	7.580127899999999919e-02	1.270618180000000041e+00	2.110642679999999993e-01	-5.274089760000000293e-01	2.674290150000000033e+00	6.020053479999999624e+00
2.185067629999999927e-01	8.114351899999999729e-02	1.314835889000000035e+00	2.185067629999999927e-01	-1.724324250000000003e-01	2.789081241999999961e+00	6.017369312999999664e+00
2.262116929999999915e-01	8.685531800000000080e-02	1.360551475000000066e+00	2.262116929999999915e-01	2.095189470000000109e-01	2.736038458999999978e+00	6.014505512000000387e+00
2.341883130000000091e-01	9.296129000000000198e-02	1.407811552999999938e+00	2.341883130000000091e-01	4.932970210000000022e-01	2.482306143999999826e+00	6.011450944999999990e+00
2.424462019999999995e-01	9.948756799999999845e-02	1.456663794000000012e+00	2.424462019999999995e-01	5.227066670000000137e-01	2.120334294000000064e+00	6.008193913999999580e+00
2.509952779999999883e-01	1.064618739999999980e-01	1.507156903000000048e+00	2.509952779999999883e-01	2.591513149999999932e-01	1.868174431999999996e+00	6.004722131000000296e+00
2.598458100000000104e-01	1.139136030000000022e-01	1.559340610000000016e+00	2.598458100000000104e-01	-1.541045970000000098e-01	1.904594702000000028e+00	6.001022709999999982e+00
2.690084280000000216e-01	1.218739070000000035e-01	1.613265642000000000e+00	2.690084280000000216e-01	-5.160092859999999559e-01	2.262625429999999938e+00	5.997082156000000275e+00
2.784941349999999760e-01	1.303757720000000009e-01	1.668983700999999931e+00	2.784941349999999760e-01	-6.640325620000000484e-01	2.890351443000000131e+00	5.992886353000000277e+00
2.883143249999999824e-01	1.394541129999999907e-01	1.726547432000000049e+00	2.883143249999999824e-01	-4.310494910000000068e-01	3.707509892000000029e+00	5.988420564000000113e+00
2.984807919999999948e-01	1.491458499999999965e-01	1.786010386000000061e+00	2.984807919999999948e-01	4.474465080000000206e-01	4.495251459000000338e+00	5.983669421000000099e+00
3.090057460000000256e-01	1.594900089999999881e-01	1.847426983999999939e+00	3.090057460000000256e-01	2.111557271000000124e+00	4.480521872999999822e+00	5.978616930000000274e+00
3.199018279999999992e-01	1.705278000000000072e-01	1.910852466999999999e+00	3.199018279999999992e-01	3.209443092999999969e+00	2.759520637000000054e+00	5.973246469000000225e+00
3.311821260000000211e-01	1.823027170000000030e-01	1.976342848000000041e+00	3.311821260000000211e-01	2.249355717999999893e+00	1.178842774999999898e+00	5.967540799000000007e+00
3.428601860000000112e-01	1.948606220000000111e-01	2.043954854999999959e+00	3.428601860000000112e-01	8.993629929999999995e-01	1.151184956999999898e+00	5.961482075000000158e+00
3.549500360000000243e-01	2.082498419999999906e-01	2.113745868000000083e+00	3.549500360000000243e-01	2.213404019999999917e-01	1.910526316999999974e+00	5.955051855999999866e+00
3.674661940000000238e-01	2.225212609999999980e-01	2.185773854999999877e+00	3.674661940000000238e-01	3.333690129999999918e-01	2.815594323000000010e+00	5.948231129999999922e+00
3.804236939999999789e-01	2.377284080000000022e-01	2.260097295000000006e+00	3.804236939999999789e-01	1.197037608000000031e+00	3.232172537999999928e+00	5.941000335000000021e+00
3.938380980000000253e-01	2.539275550000000270e-01	2.336775101000000188e+00	3.938380980000000253e-01	1.916095440000000094e+00	2.510275770999999878e+00	5.933339388000000270e+00
4.077255180000000090e-01	2.711778049999999940e-01	2.415866539000000035e+00	4.077255180000000090e-01	1.423366173000000012e+00	1.727477004000000038e+00	5.925227716000000200e+00
4.221026319999999776e-01	2.895411869999999777e-01	2.497431130999999915e+00	4.221026319999999776e-01	7.159610029999999847e-01	1.868044586999999979e+00	5.916644297000000385e+00
4.369867080000000015e-01	3.090827440000000204e-01	2.581528564000000081e+00	4.369867080000000015e-01	5.423345870000000346e-01	2.335220554000000170e+00	5.907567700999999616e+00
4.523956230000000245e-01	3.298706290000000263e-01	2.668218587999999780e+00	4.523956230000000245e-01	6.362105340000000497e-01	2.494630627999999906e+00	5.897976132000000149e+00
4.683478830000000204e-01	3.519761920000000210e-01	2.757560906999999784e+00	4.683478830000000204e-01	3.752432569999999967e-01	2.569381904000000105e+00	5.887847482999999826e+00
4.848626480000000072e-01	3.754740750000000182e-01	2.849615065000000058e+00	4.848626480000000072e-01	7.910818999999999490e-02	3.233672770000000085e+00	5.877159389000000012e+00
5.019597519999999813e-01	4.004422959999999754e-01	2.944440328999999856e+00	5.019597519999999813e-01	6.126121979999999967e-01	4.278829656000000092e+00	5.865889276999999957e+00
5.196597299999999864e-01	4.269623470000000198e-01	3.042095561000000004e+00	5.196597299999999864e-01	2.228011138999999918e+00	4.314528126999999991e+00	5.854014431999999601e+00
5.379838399999999909e-01	4.551192800000000149e-01	3.142639085999999971e+00	5.379838399999999909e-01	2.604791993000000083e+00	2.865940618000000217e+00	5.841512050999999595e+00
5.569540910000000400e-01	4.850018010000000102e-01	3.246128555999999943e+00	5.569540910000000400e-01	2.000599202000000076e+00	2.571497229000000218e+00	5.828359305000000212e+00
5.765932649999999660e-01	5.167023590000000555e-01	3.352620798999999874e+00	5.765932649999999660e-01	2.278044614000000134e+00	2.472549713999999899e+00	5.814533403000000433e+00
5.969249509999999814e-01	5.503172440000000387e-01	3.462171667999999869e+00	5.969249509999999814e-01	2.019940736000000125e+00	1.346733777999999937e+00	5.800011645999999743e+00
6.179735680000000286e-01	5.859466749999999724e-01	3.574835875000000218e+00	6.179735680000000286e-01	6.505471539999999608e-01	1.092233408000000017e+00	5.784771487000000434e+00
6.397643960000000130e-01	6.236948979999999976e-01	3.690666822999999930e+00	6.397643960000000130e-01	-3.229405779999999782e-01	1.681976710999999902e+00	5.768790586999999803e+00
6.623236059999999537e-01	6.636702859999999982e-01	3.809716422000000158e+00	6.623236059999999537e-01	-1.016121250999999948e+00	2.486263048000000087e+00	5.752046865999999703e+00
6.856782940000000215e-01	7.059854290000000532e-01	3.932034894000000058e+00	6.856782940000000215e-01	-1.462485483000000031e+00	3.718504486000000053e+00	5.734518548999999688e+00
7.098565079999999972e-01	7.507572409999999641e-01	4.057670564999999563e+00	7.098565079999999972e-01	-1.140576749999999917e+00	5.312916598000000157e+00	5.716184209999999766e+00
7.348872889999999991e-01	7.981070540000000380e-01	4.186669647999999633e+00	7.348872889999999991e-01	2.432005650000000074e-01	6.484838261000000159e+00	5.697022807999999827e+00
7.608006990000000247e-01	8.481607209999999508e-01	4.319076005000000329e+00	7.608006990000000247e-01	2.115306134999999976e+00	6.458868564000000312e+00	5.677013717000000348e+00
7.876278610000000402e-01	9.010487160000000273e-01	4.454930894000000308e+00	7.876278610000000402e-01	3.054687437000000116e+00	5.063057758000000241e+00	5.656136755000000349e+00
8.154009960000000445e-01	9.569062320000000232e-01	4.594272697000000072e+00	8.154009960000000445e-01	2.820102943000000195e+00	4.315515860999999731e+00	5.634372194000000000e+00
8.441534600000000221e-01	1.015873274999999909e+00	4.737136628000000016e+00	8.441534600000000221e-01	2.797487314000000058e+00	3.730177986000000168e+00	5.611700779999999611e+00
8.739197859999999762e-01	1.078094762000000095e+00	4.883554417000000036e+00	8.739197859999999762e-01	2.452450493999999814e+00	3.100218717000000179e+00	5.588103733999999712e+00
9.047357240000000189e-01	1.143720601000000059e+00	5.033553976000000318e+00	9.047357240000000189e-01	1.470240855999999985e+00	2.316184407000000167e+00	5.563562752000000167e+00
9.366382869999999583e-01	1.212905772999999909e+00	5.187159031000000198e+00	9.366382869999999583e-01	-1.453941790000000123e-01	2.785313347999999856e+00	5.538060000999999843e+00
9.696657890000000002e-01	1.285810402999999935e+00	5.344388735999999973e+00	9.696657890000000002e-01	-1.079773915000000084e+00	3.994080673000000026e+00	5.511578108000000142e+00
1.003857898999999998e+00	1.362599810000000078e+00	5.505257250999999741e+00	1.003857898999999998e+00	-1.525873566000000014e+00	5.747935963999999842e+00	5.484100145000000204e+00
1.039255682999999930e+00	1.443444551000000020e+00	5.669773295999999796e+00	1.039255682999999930e+00	-5.952335340000000086e-01	7.622848670999999854e+00	5.455609614000000107e+00
1.075901653999999930e+00	1.528520442999999895e+00	5.837939668999999832e+00	1.075901653999999930e+00	1.081683866000000105e+00	8.404407380000000316e+00	5.426090430000000353e+00
1.113839825999999977e+00	1.618008552999999905e+00	6.009752742999999953e+00	1.113839825999999977e+00	1.961036428000000109e+00	7.970721817000000264e+00	5.395526896999999877e+00
1.153115764999999904e+00	1.712095174999999969e+00	6.185201915000000383e+00	1.153115764999999904e+00	2.927380278999999863e+00	8.741632947999999459e+00	5.363903696999999582e+00
1.193776641999999999e+00	1.810971767999999926e+00	6.364269041000000016e+00	1.193776641999999999e+00	4.964798432000000261e+00	8.179471191999999391e+00	5.331205870999999874e+00
1.235871291999999899e+00	1.914834852000000032e+00	6.546927826000000117e+00	1.235871291999999899e+00	5.132182796999999574e+00	5.482501448999999916e+00	5.297418807999999757e+00
1.279450272999999916e+00	2.023885877000000111e+00	6.733143187999999668e+00	1.279450272999999916e+00	3.851711118999999961e+00	5.187961797999999902e+00	5.262528235000000443e+00
1.324565924999999922e+00	2.138331033000000048e+00	6.922870597000000181e+00	1.324565924999999922e+00	3.552461464999999929e+00	5.697671533000000288e+00	5.226520223999999715e+00
1.371272433999999985e+00	2.258381015999999963e+00	7.116055377000000348e+00	1.371272433999999985e+00	3.580568713999999986e+00	5.190170768999999851e+00	5.189381189999999755e+00
1.419625896000000109e+00	2.384250731999999928e+00	7.312631993000000108e+00	1.419625896000000109e+00	2.973783386000000029e+00	4.805820946999999954e+00	5.151097914000000166e+00
1.469684385999999954e+00	2.516158941000000038e+00	7.512523309999999732e+00	1.469684385999999954e+00	2.423307963000000065e+00	5.244924630999999948e+00	5.111657564999999792e+00
1.521508026000000013e+00	2.654327831999999887e+00	7.715639833000000003e+00	1.521508026000000013e+00	1.886976653999999920e+00	5.656075138000000280e+00	5.071047738999999943e+00
1.575159057000000029e+00	2.798982522000000195e+00	7.921878940000000036e+00	1.575159057000000029e+00	1.349283478999999897e+00	6.433737146000000351e+00	5.029256508999999653e+00
1.630701917999999973e+00	2.950350479999999997e+00	8.131124101999999354e+00	1.630701917999999973e+00	1.528955781999999930e+00	7.322181739000000356e+00	4.986272483999999672e+00
1.688203316999999926e+00	3.108660857999999916e+00	8.343244098999999636e+00	1.688203316999999926e+00	2.085858895999999962e+00	7.785629744000000407e+00	4.942084888000000120e+00
1.747732314999999925e+00	3.274143739999999969e+00	8.558092256000000120e+00	1.747732314999999925e+00	2.265553351999999965e+00	7.800573263999999618e+00	4.896683651000000026e+00
1.809360410999999891e+00	3.447029286999999886e+00	8.775505669999999370e+00	1.809360410999999891e+00	2.129460470000000161e+00	8.269237371999999198e+00	4.850059511000000434e+00
1.873161620000000083e+00	3.627546790999999882e+00	8.995304484000000045e+00	1.873161620000000083e+00	2.433727198999999786e+00	9.090045379999999398e+00	4.802204137999999567e+00
1.939212571999999968e+00	3.815923619999999961e+00	9.217291179000000056e+00	1.939212571999999968e+00	3.405837392000000019e+00	9.375374111999999371e+00	4.753110262999999946e+00
2.007592595999999840e+00	4.012384060999999669e+00	9.441249919000000546e+00	2.007592595999999840e+00	3.773085035999999892e+00	8.751741776999999445e+00	4.702771837000000232e+00
2.078383818999999910e+00	4.217148048000000315e+00	9.666945946000000234e+00	2.078383818999999910e+00	3.118242651000000087e+00	8.647340063999999771e+00	4.651184183999999888e+00
2.151671263999999972e+00	4.430429795000000226e+00	9.894125053999999864e+00	2.151671263999999972e+00	2.705839178999999817e+00	9.532971226000000797e+00	4.598344189999999720e+00
2.227542951999999854e+00	4.652436302999999995e+00	1.012251314100000066e+01	2.227542951999999854e+00	3.221161395000000205e+00	1.045482869099999945e+01	4.544250485000000062e+00
2.306090009000000052e+00	4.883365780000000100e+00	1.035181586100000040e+01	2.306090009000000052e+00	3.753836103999999896e+00	1.053930595499999967e+01	4.488903652000000299e+00
2.387406771999999844e+00	5.123405943999999934e+00	1.058171839599999942e+01	2.387406771999999844e+00	3.543684021999999878e+00	1.094611806900000062e+01	4.432306434000000017e+00
2.471590905999999865e+00	5.372732240999999576e+00	1.081188534800000056e+01	2.471590905999999865e+00	3.994908220000000121e+00	1.217845365600000029e+01	4.374463962000000095e+00
2.558743520000000160e+00	5.631505966999999835e+00	1.104196078900000089e+01	2.558743520000000160e+00	5.495848102000000068e+00	1.257956616300000086e+01	4.315383976999999760e+00
2.648969287999999978e+00	5.899872318999999976e+00	1.127156846599999973e+01	2.648969287999999978e+00	6.395412536000000259e+00	1.197033449799999971e+01	4.255077067000000213e+00
2.742376573000000040e+00	6.177958374000000141e+00	1.150031218700000046e+01	2.742376573000000040e+00	6.596058478999999863e+00	1.123597535600000086e+01	4.193556895000000395e+00
2.839077563000000026e+00	6.465871026000000299e+00	1.172777640500000018e+01	2.839077563000000026e+00	6.122984214999999786e+00	1.083768480900000064e+01	4.130840437999999892e+00
2.939188398999999841e+00	6.763694882000000241e+00	1.195352700199999951e+01	2.939188398999999841e+00	5.238977741000000243e+00	1.104307322800000080e+01	4.066948211999999785e+00
3.042829316999999811e+00	7.071490149999999808e+00	1.217711230199999939e+01	3.042829316999999811e+00	4.957991093000000404e+00	1.255307069899999917e+01	4.001904488000000093e+00
3.150124796000000060e+00	7.389290543000000433e+00	1.239806431100000061e+01	3.150124796000000060e+00	5.454921869999999728e+00	1.387720561999999980e+01	3.935737506999999802e+00
3.261203699999999817e+00	7.717101208999999962e+00	1.261590020400000078e+01	3.261203699999999817e+00	7.047454051999999969e+00	1.438793025000000014e+01	3.868479666999999900e+00
3.376199440999999801e+00	8.054896730999999477e+00	1.283012405300000047e+01	3.376199440999999801e+00	8.448524984000000515e+00	1.373121021400000075e+01	3.800167697000000011e+00
3.495250132999999870e+00	8.402619224000000386e+00	1.304022881000000034e+01	3.495250132999999870e+00	7.746397571000000148e+00	1.287447137300000044e+01	3.730842804999999984e+00
3.618498760000000036e+00	8.760176546000000286e+00	1.324569853600000080e+01	3.618498760000000036e+00	6.900763292999999798e+00	1.412712834400000084e+01	3.660550801999999937e+00
3.746093349000000128e+00	9.127440679999999418e+00	1.344601088099999942e+01	3.746093349000000128e+00	7.974703386999999921e+00	1.609982762299999948e+01	3.589342183999999936e+00
3.878187146000000141e+00	9.504246295999999816e+00	1.364063979300000007e+01	3.878187146000000141e+00	1.093284829100000088e+01	1.635798113599999937e+01	3.517272189999999910e+00
4.014938800999999557e+00	9.890389544999999671e+00	1.382905845300000003e+01	4.014938800999999557e+00	1.197006434200000058e+01	1.375107059199999959e+01	3.444400808999999786e+00
4.156512558000000190e+00	1.028562710399999958e+01	1.401074241200000081e+01	4.156512558000000190e+00	1.036387507699999944e+01	1.274955340900000067e+01	3.370792754000000002e+00
4.303078454000000441e+00	1.068967551499999935e+01	1.418517290700000011e+01	4.303078454000000441e+00	9.381490054000000356e+00	1.377617768700000056e+01	3.296517378999999970e+00
4.454812518999999860e+00	1.110221083799999953e+01	1.435184032899999984e+01	4.454812518999999860e+00	9.883649892999999409e+00	1.494119790599999931e+01	3.221648558000000051e+00
4.611896992000000139e+00	1.152286864799999933e+01	1.451024780800000080e+01	4.611896992000000139e+00	1.066006549199999931e+01	1.469545401200000079e+01	3.146264504999999989e+00
4.774520539000000063e+00	1.195124440400000054e+01	1.465991487600000021e+01	4.774520539000000063e+00	9.600085484999999252e+00	1.488484370599999984e+01	3.070447547000000110e+00
4.942878474999999661e+00	1.238689419099999967e+01	1.480038116399999915e+01	4.942878474999999661e+00	9.400203283999999826e+00	1.681652544199999966e+01	2.994283844999999999e+00
5.117173006999999885e+00	1.282933586899999945e+01	1.493121009799999932e+01	5.117173006999999885e+00	1.131322875899999936e+01	1.896538707299999871e+01	2.917863061999999896e+00
5.297613468999999853e+00	1.327805062300000039e+01	1.505199252699999946e+01	5.297613468999999853e+00	1.316059505199999968e+01	1.878727324100000118e+01	2.841277986000000144e+00
5.484416576000000099e+00	1.373248490599999982e+01	1.516235025399999969e+01	5.484416576000000099e+00	1.415652221799999921e+01	1.936532885300000117e+01	2.764624101999999972e+00
5.677806688000000435e+00	1.419205278899999989e+01	1.526193940199999943e+01	5.677806688000000435e+00	1.683739683499999984e+01	1.986149536399999960e+01	2.687999124000000073e+00
5.878016072000000314e+00	1.465613867999999975e+01	1.535045357000000088e+01	5.878016072000000314e+00	1.937613766200000143e+01	1.730907855799999950e+01	2.611502483000000208e+00
6.085285189999999567e+00	1.512410041100000058e+01	1.542762673700000065e+01	6.085285189999999567e+00	1.891656657300000077e+01	1.458230522100000037e+01	2.535234792999999875e+00
6.299862978000000169e+00	1.559527264499999966e+01	1.549323585800000025e+01	6.299862978000000169e+00	1.775257770300000004e+01	1.352411809100000006e+01	2.459297274999999949e+00
6.522007154999999834e+00	1.606897057799999828e+01	1.554710311000000011e+01	6.522007154999999834e+00	1.609199012299999865e+01	1.358477409500000022e+01	2.383791176999999983e+00
6.751984522999999960e+00	1.654449389299999851e+01	1.558909775999999958e+01	6.751984522999999960e+00	1.538892162199999980e+01	1.464034995199999933e+01	2.308817164000000144e+00
6.990071294999999907e+00	1.702113091700000069e+01	1.561913760999999923e+01	6.990071294999999907e+00	1.570369931799999996e+01	1.610593192299999998e+01	2.234474721000000219e+00
7.236553423000000151e+00	1.749816292099999870e+01	1.563719000200000053e+01	7.236553423000000151e+00	1.677868969000000021e+01	1.665657058800000101e+01	2.160861543999999856e+00
7.491726940999999584e+00	1.797486852700000171e+01	1.564327237100000012e+01	7.491726940999999584e+00	1.726922759200000002e+01	1.656768716899999916e+01	2.088072949999999928e+00
7.755898323000000261e+00	1.845052813799999925e+01	1.563745231799999935e+01	7.755898323000000261e+00	1.750211600200000106e+01	1.694281717999999870e+01	2.016201305000000055e+00
8.029384849999999574e+00	1.892442835900000020e+01	1.561984722200000064e+01	8.029384849999999574e+00	1.807905866100000125e+01	1.787677686700000024e+01	1.945335478999999923e+00
8.312514990000000381e+00	1.939586632700000024e+01	1.559062338799999914e+01	8.312514990000000381e+00	1.991648992000000007e+01	1.842798996499999831e+01	1.875560333999999996e+00
8.605628792999999277e+00	1.986415391799999952e+01	1.554999474799999959e+01	8.605628792999999277e+00	2.117693282800000176e+01	1.745910273999999873e+01	1.806956251999999985e+00
8.909078300999999200e+00	2.032862174599999960e+01	1.549822113399999957e+01	8.909078300999999200e+00	2.139458694500000036e+01	1.647765165099999862e+01	1.739598712000000047e+00
9.223227968999999860e+00	2.078862294700000035e+01	1.543560616199999913e+01	9.223227968999999860e+00	2.152842991700000042e+01	1.632942794799999930e+01	1.673557914000000091e+00
9.548455103000000221e+00	2.124353665599999985e+01	1.536249475700000033e+01	9.548455103000000221e+00	2.191121560799999912e+01	1.608388532000000026e+01	1.608898465000000000e+00
9.885150314000000549e+00	2.169277118300000140e+01	1.527927035599999961e+01	9.885150314000000549e+00	2.188454124900000153e+01	1.578884085400000004e+01	1.545679111999999966e+00
1.023371798600000027e+01	2.213576682400000095e+01	1.518635184799999926e+01	1.023371798600000027e+01	2.147354991099999921e+01	1.644567099800000065e+01	1.483952544999999956e+00
1.059457676399999926e+01	2.257199830600000112e+01	1.508419028500000003e+01	1.059457676399999926e+01	2.274027585900000048e+01	1.729263817700000061e+01	1.423765254999999952e+00
1.096816005300000008e+01	2.300097682699999879e+01	1.497326542300000085e+01	1.096816005300000008e+01	2.424086171900000153e+01	1.679635225499999862e+01	1.365157450999999966e+00
1.135491654099999970e+01	2.342225170800000100e+01	1.485408214499999957e+01	1.135491654099999970e+01	2.455524897900000170e+01	1.574707873100000022e+01	1.308163039999999944e+00
1.175531073900000045e+01	2.383541162399999891e+01	1.472716680899999986e+01	1.175531073900000045e+01	2.437634497000000167e+01	1.564194366100000089e+01	1.252809655999999938e+00
1.216982353600000089e+01	2.424008544799999854e+01	1.459306357700000056e+01	1.216982353600000089e+01	2.423392723699999962e+01	1.532474670600000088e+01	1.199118748999999928e+00
1.259895277799999924e+01	2.463594269400000059e+01	1.445233077199999983e+01	1.259895277799999924e+01	2.453111126099999950e+01	1.572736124500000088e+01	1.147105717999999941e+00
1.304321386700000041e+01	2.502269359599999987e+01	1.430553729999999923e+01	1.304321386700000041e+01	2.473990884799999890e+01	1.630668765800000131e+01	1.096780091999999929e+00
1.350314037899999953e+01	2.540008882500000098e+01	1.415325918399999949e+01	1.350314037899999953e+01	2.526071282999999923e+01	1.683374695999999915e+01	1.048145748999999904e+00
1.397928470299999937e+01	2.576791888300000011e+01	1.399607623900000064e+01	1.397928470299999937e+01	2.682726330299999873e+01	1.697785437199999947e+01	1.001201173000000111e+00
1.447221870699999968e+01	2.612601319999999916e+01	1.383456892399999916e+01	1.447221870699999968e+01	2.818989474400000006e+01	1.642920244500000138e+01	9.559397360000000399e-01
1.498253442699999916e+01	2.647423895700000074e+01	1.366931539199999968e+01	1.498253442699999916e+01	2.872003526700000009e+01	1.527236370700000023e+01	9.123500070000000184e-01
1.551084477000000028e+01	2.681249968099999847e+01	1.350088875900000041e+01	1.551084477000000028e+01	2.849763851799999870e+01	1.443081583999999928e+01	8.704160840000000343e-01
1.605778425800000164e+01	2.714073363299999997e+01	1.332985461300000019e+01	1.605778425800000164e+01	2.822380997000000136e+01	1.401001180199999929e+01	8.301179290000000321e-01
1.662400978899999870e+01	2.745891202399999997e+01	1.315676875800000012e+01	1.662400978899999870e+01	2.798468443799999861e+01	1.413762183100000058e+01	7.914317260000000021e-01
1.721020142200000080e+01	2.776703710800000025e+01	1.298217522300000049e+01	1.721020142200000080e+01	2.796020093399999951e+01	1.454353960299999926e+01	7.543302320000000449e-01
1.781706319499999935e+01	2.806514015400000162e+01	1.280660451700000024e+01	1.781706319499999935e+01	2.838276915399999822e+01	1.481658215300000059e+01	7.187831340000000457e-01
1.844532397600000095e+01	2.835327936199999854e+01	1.263057213599999962e+01	1.844532397600000095e+01	2.891166092599999971e+01	1.503246732899999927e+01	6.847574029999999867e-01
1.909573832899999957e+01	2.863153771900000066e+01	1.245457731399999979e+01	1.909573832899999957e+01	2.935859278099999869e+01	1.517836332899999974e+01	6.522176360000000450e-01
1.976908742799999885e+01	2.890002084199999999e+01	1.227910202300000009e+01	1.976908742799999885e+01	2.992510980799999842e+01	1.521834959100000084e+01	6.211263959999999695e-01
2.046617999400000087e+01	2.915885482999999923e+01	1.210461018700000047e+01	2.046617999400000087e+01	3.059539276099999938e+01	1.544269145099999996e+01	5.914445289999999966e-01
2.118785326100000077e+01	2.940818413299999889e+01	1.193154711999999940e+01	2.118785326100000077e+01	3.180865294399999854e+01	1.542761655700000034e+01	5.631314779999999631e-01
2.193497398899999951e+01	2.964816946499999872e+01	1.176033916199999929e+01	2.193497398899999951e+01	3.264016407999999814e+01	1.465829477599999997e+01	5.361455710000000430e-01
2.270843949900000069e+01	2.987898578700000130e+01	1.159139350399999913e+01	2.270843949900000069e+01	3.296498783799999899e+01	1.371068202999999919e+01	5.104442999999999619e-01
2.350917875500000065e+01	3.010082034899999925e+01	1.142509818000000088e+01	2.350917875500000065e+01	3.274049217000000311e+01	1.325244940500000013e+01	4.859845720000000036e-01
2.433815347499999859e+01	3.031387082399999855e+01	1.126182221500000047e+01	2.433815347499999859e+01	3.279761347299999841e+01	1.332538908499999941e+01	4.627229520000000207e-01
2.519635929300000043e+01	3.051834352799999905e+01	1.110191591399999922e+01	2.519635929300000043e+01	3.290333127600000296e+01	1.335012597499999920e+01	4.406158760000000174e-01
2.608482694799999990e+01	3.071445174600000172e+01	1.094571127100000041e+01	2.608482694799999990e+01	3.334185449600000339e+01	1.348267906100000069e+01	4.196198540000000143e-01
2.700462352399999943e+01	3.090241414799999831e+01	1.079352248400000036e+01	2.700462352399999943e+01	3.409315579700000143e+01	1.341816106699999978e+01	3.996916480000000105e-01
2.795685373499999926e+01	3.108245332099999914e+01	1.064564656800000009e+01	2.795685373499999926e+01	3.488410790300000031e+01	1.292601036800000003e+01	3.807884349999999807e-01
2.894266124700000020e+01	3.125479440000000153e+01	1.050236403999999979e+01	2.894266124700000020e+01	3.507714036800000201e+01	1.203922919400000069e+01	3.628679459999999968e-01
2.996323005500000036e+01	3.141966380499999900e+01	1.036393967399999916e+01	2.996323005500000036e+01	3.500408347900000194e+01	1.159357027999999978e+01	3.458885990000000188e-01
3.101978590099999877e+01	3.157728807999999887e+01	1.023062330499999995e+01	3.101978590099999877e+01	3.483588677000000189e+01	1.136360214099999943e+01	3.298096039999999785e-01
3.211359775300000052e+01	3.172789283699999885e+01	1.010265068200000016e+01	3.211359775300000052e+01	3.485548119700000314e+01	1.147271939300000021e+01	3.145910579999999790e-01
3.324597932300000025e+01	3.187170179099999956e+01	9.980244342000000657e+00	3.324597932300000025e+01	3.498384448400000224e+01	1.153554952100000008e+01	3.001940249999999755e-01
3.441829064499999902e+01	3.200893588800000344e+01	9.863614515000000083e+00	3.441829064499999902e+01	3.509786769600000156e+01	1.165538095299999988e+01	2.865806040000000166e-01
3.563193971199999766e+01	3.213981252699999658e+01	9.752960039999999609e+00	3.563193971199999766e+01	3.555546825199999716e+01	1.205845433300000025e+01	2.737139800000000234e-01
3.688838416699999811e+01	3.226454485800000072e+01	9.648469288999999449e+00	3.688838416699999811e+01	3.646983457900000047e+01	1.227985869399999963e+01	2.615584690000000156e-01
3.818913304800000219e+01	3.238334116000000051e+01	9.550321091000000706e+00	3.818913304800000219e+01	3.758440820999999943e+01	1.180323829399999980e+01	2.500795470000000131e-01
3.953574860700000215e+01	3.249640428699999717e+01	9.458685647999999446e+00	3.953574860700000215e+01	3.833499151699999885e+01	1.080498314599999965e+01	2.392438739999999953e-01
4.092984818499999733e+01	3.260393118599999696e+01	9.373725450000000237e+00	4.092984818499999733e+01	3.830503302900000051e+01	9.748583881000000062e+00	2.290193070000000053e-01
4.237310614900000161e+01	3.270611247000000077e+01	9.295596165999999272e+00	4.237310614900000161e+01	3.805713990800000346e+01	9.303147337000000405e+00	2.193749060000000084e-01
4.386725590999999724e+01	3.280313204699999829e+01	9.224447526000000508e+00	4.386725590999999724e+01	3.791033686400000136e+01	9.127569589000000150e+00	2.102809340000000027e-01
4.541409200399999690e+01	3.289516679700000168e+01	9.160424180999999777e+00	4.541409200399999690e+01	3.791575663199999724e+01	9.062050152999999497e+00	2.017088479999999961e-01
4.701547224000000114e+01	3.298238629299999758e+01	9.103666543999999305e+00	4.701547224000000114e+01	3.820924045299999960e+01	8.990684741000000813e+00	1.936312900000000115e-01
4.867331994199999912e+01	3.306495255899999819e+01	9.054311605000000540e+00	4.867331994199999912e+01	3.861296318200000144e+01	8.697111802000000225e+00	1.860220670000000132e-01
5.038962625100000281e+01	3.314301986400000288e+01	9.012493726000000649e+00	5.038962625100000281e+01	3.886166993900000222e+01	8.143028612000000166e+00	1.788561340000000000e-01
5.216645251900000346e+01	3.321673453500000051e+01	8.978345411999999470e+00	5.216645251900000346e+01	3.889166389100000032e+01	7.617815220999999859e+00	1.721095639999999927e-01
5.400593278499999883e+01	3.328623480699999959e+01	8.951998051000000345e+00	5.400593278499999883e+01	3.878308105899999703e+01	7.223010647999999811e+00	1.657595299999999883e-01
5.591027634099999943e+01	3.335165067799999861e+01	8.933582641999999296e+00	5.591027634099999943e+01	3.883412697199999997e+01	6.957423581999999662e+00	1.597842690000000065e-01
5.788177037700000227e+01	3.341310378400000047e+01	8.923230488999999821e+00	5.788177037700000227e+01	3.883616948099999888e+01	6.409868624999999653e+00	1.541630539999999938e-01
5.992278273800000221e+01	3.347070729200000017e+01	8.921073875999999458e+00	5.992278273800000221e+01	3.846673599199999671e+01	5.957801617000000327e+00	1.488761610000000069e-01
6.203576476100000292e+01	3.352456578200000337e+01	8.927246719999999414e+00	6.203576476100000292e+01	3.812861970499999842e+01	5.843708628999999988e+00	1.439048390000000066e-01
6.422325422199999423e+01	3.357477514600000035e+01	8.941885197999999590e+00	6.422325422199999423e+01	3.797742822000000018e+01	5.915816996000000216e+00	1.392312689999999908e-01
6.648787838399999828e+01	3.362142248400000000e+01	8.965128363999999905e+00	6.648787838399999828e+01	3.794170154100000047e+01	5.777813261000000367e+00	1.348385390000000073e-01
6.883235715099999652e+01	3.366458598900000254e+01	8.997118734000000728e+00	6.883235715099999652e+01	3.782951878499999765e+01	5.552014488000000192e+00	1.307106000000000101e-01
7.125950633600000117e+01	3.370433482699999672e+01	9.038002862000000803e+00	7.125950633600000117e+01	3.768222014900000261e+01	5.529185394999999836e+00	1.268322410000000122e-01
7.377224104200000454e+01	3.374072901600000307e+01	9.087931896000000620e+00	7.377224104200000454e+01	3.762955478199999959e+01	5.386307058999999953e+00	1.231890449999999970e-01
7.637357916400000590e+01	3.377381927399999739e+01	9.147062120999999379e+00	7.637357916400000590e+01	3.748115141499999936e+01	5.065046212000000381e+00	1.197673620000000022e-01
7.906664501299999870e+01	3.380364686299999732e+01	9.215555484999999436e+00	7.906664501299999870e+01	3.708549119999999988e+01	4.879987928000000252e+00	1.165542749999999989e-01
