1.000000000000000021e-02	2.587630000000000160e-04	1.350198260000000094e-01	1.000000000000000021e-02	-9.745481100000000230e-02	6.340023499999999923e-02	1.350198255399999958e+01
1.035261699999999972e-02	2.756999999999999794e-04	1.397806030000000033e-01	1.035261699999999972e-02	-9.832433599999999829e-02	6.595962700000000678e-02	1.350195766999999947e+01
1.071766900000000085e-02	2.938460000000000052e-04	1.447092259999999964e-01	1.071766900000000085e-02	-9.923709999999999476e-02	6.863847300000000540e-02	1.350193109800000002e+01
1.109559300000000082e-02	3.132860000000000224e-04	1.498116120000000107e-01	1.109559300000000082e-02	-1.001936959999999988e-01	7.144307099999999688e-02	1.350190272899999933e+01
1.148684300000000005e-02	3.341120000000000157e-04	1.550938829999999879e-01	1.148684300000000005e-02	-1.011944600000000000e-01	7.437997699999999990e-02	1.350187245100000055e+01
1.189188899999999924e-02	3.564230000000000263e-04	1.605623800000000045e-01	1.189188899999999924e-02	-1.022394269999999938e-01	7.745598700000000392e-02	1.350184014499999918e+01
1.231121699999999930e-02	3.803240000000000266e-04	1.662236659999999921e-01	1.231121699999999930e-02	-1.033282739999999977e-01	8.067811199999999627e-02	1.350180568699999917e+01
1.274533299999999932e-02	4.059259999999999756e-04	1.720845350000000107e-01	1.274533299999999932e-02	-1.044602699999999940e-01	8.405353899999999656e-02	1.350176894700000041e+01
1.319475500000000072e-02	4.333510000000000053e-04	1.781520199999999943e-01	1.319475500000000072e-02	-1.056342130000000046e-01	8.758958000000000022e-02	1.350172978600000029e+01
1.366002499999999925e-02	4.627270000000000168e-04	1.844334009999999968e-01	1.366002499999999925e-02	-1.068483699999999981e-01	9.129361599999999410e-02	1.350168806499999974e+01
1.414170200000000079e-02	4.941910000000000530e-04	1.909362169999999914e-01	1.414170200000000079e-02	-1.081004089999999945e-01	9.517300800000000338e-02	1.350164363200000039e+01
1.464036299999999999e-02	5.278909999999999506e-04	1.976682690000000076e-01	1.464036299999999999e-02	-1.093873409999999990e-01	9.923500200000000271e-02	1.350159633500000034e+01
1.515660800000000023e-02	5.639850000000000288e-04	2.046376350000000122e-01	1.515660800000000023e-02	-1.107054479999999980e-01	1.034866049999999954e-01	1.350154601400000054e+01
1.569105599999999837e-02	6.026389999999999742e-04	2.118526759999999898e-01	1.569105599999999837e-02	-1.120502280000000017e-01	1.079344349999999952e-01	1.350149250299999970e+01
1.624435000000000115e-02	6.440340000000000344e-04	2.193220469999999922e-01	1.624435000000000115e-02	-1.134163440000000023e-01	1.125845379999999979e-01	1.350143563499999999e+01
1.681715400000000082e-02	6.883629999999999957e-04	2.270547099999999929e-01	1.681715400000000082e-02	-1.147975799999999963e-01	1.174421769999999948e-01	1.350137523299999920e+01
1.741015699999999902e-02	7.358300000000000344e-04	2.350599399999999950e-01	1.741015699999999902e-02	-1.161868229999999946e-01	1.225115779999999960e-01	1.350131112300000069e+01
1.802406900000000020e-02	7.866550000000000365e-04	2.433473389999999958e-01	1.802406900000000020e-02	-1.175760660000000069e-01	1.277956289999999939e-01	1.350124312500000023e+01
1.865962900000000049e-02	8.410720000000000002e-04	2.519268459999999821e-01	1.865962900000000049e-02	-1.189564449999999940e-01	1.332955439999999880e-01	1.350117105700000053e+01
1.931760000000000074e-02	8.993319999999999743e-04	2.608087530000000043e-01	1.931760000000000074e-02	-1.203183220000000053e-01	1.390104610000000018e-01	1.350109473899999912e+01
1.999877300000000094e-02	9.617020000000000429e-04	2.700037100000000079e-01	1.999877300000000094e-02	-1.216514290000000054e-01	1.449369990000000108e-01	1.350101399100000066e+01
2.070396399999999831e-02	1.028466999999999923e-03	2.795227459999999886e-01	2.070396399999999831e-02	-1.229450859999999951e-01	1.510687480000000027e-01	1.350092863899999962e+01
2.143402200000000049e-02	1.099933999999999894e-03	2.893772740000000177e-01	2.143402200000000049e-02	-1.241885169999999983e-01	1.573957179999999900e-01	1.350083850999999946e+01
2.218982300000000088e-02	1.176427000000000072e-03	2.995791130000000080e-01	2.218982300000000088e-02	-1.253712800000000016e-01	1.639037140000000059e-01	1.350074344399999937e+01
2.297227500000000033e-02	1.258292999999999955e-03	3.101404950000000160e-01	2.297227500000000033e-02	-1.264838480000000098e-01	1.705736860000000021e-01	1.350064328700000083e+01
2.378231800000000021e-02	1.345905000000000105e-03	3.210740850000000091e-01	2.378231800000000021e-02	-1.275183619999999962e-01	1.773810289999999956e-01	1.350053790099999951e+01
2.462092399999999889e-02	1.439657999999999910e-03	3.323929910000000265e-01	2.462092399999999889e-02	-1.284696049999999867e-01	1.842948680000000006e-01	1.350042716699999978e+01
2.548910100000000012e-02	1.539973999999999944e-03	3.441107880000000008e-01	2.548910100000000012e-02	-1.293362239999999996e-01	1.912773570000000090e-01	1.350031098400000040e+01
2.638789100000000012e-02	1.647304999999999950e-03	3.562415239999999761e-01	2.638789100000000012e-02	-1.301222469999999964e-01	1.982830220000000032e-01	1.350018928000000074e+01
2.731837399999999944e-02	1.762132999999999929e-03	3.687997459999999839e-01	2.731837399999999944e-02	-1.308389480000000105e-01	2.052582030000000002e-01	1.350006201100000069e+01
2.828166799999999939e-02	1.884969999999999918e-03	3.818005119999999808e-01	2.828166799999999939e-02	-1.315071019999999868e-01	2.121406720000000024e-01	1.349992916999999970e+01
2.927892899999999868e-02	2.016366999999999812e-03	3.952594139999999756e-01	2.927892899999999868e-02	-1.321596640000000100e-01	2.188595050000000097e-01	1.349979079100000057e+01
3.031135500000000163e-02	2.156907000000000008e-03	4.091925909999999944e-01	3.031135500000000163e-02	-1.328449339999999979e-01	2.253353519999999888e-01	1.349964695699999950e+01
3.138018599999999741e-02	2.307215999999999954e-03	4.236167570000000104e-01	3.138018599999999741e-02	-1.336301890000000103e-01	2.314812280000000111e-01	1.349949780300000057e+01
3.248670699999999661e-02	2.467963000000000101e-03	4.385492120000000216e-01	3.248670699999999661e-02	-1.346058270000000112e-01	2.372040310000000096e-01	1.349934352500000045e+01
3.363224499999999811e-02	2.639858000000000135e-03	4.540078710000000073e-01	3.363224499999999811e-02	-1.358899329999999905e-01	2.424069970000000129e-01	1.349918438699999967e+01
3.481817599999999929e-02	2.823665999999999850e-03	4.700112839999999736e-01	3.481817599999999929e-02	-1.376332050000000085e-01	2.469933639999999930e-01	1.349902072699999955e+01
3.604592599999999897e-02	3.020198999999999887e-03	4.865786550000000266e-01	3.604592599999999897e-02	-1.400240480000000121e-01	2.508715249999999841e-01	1.349885296100000076e+01
3.731696799999999897e-02	3.230329000000000100e-03	5.037298740000000219e-01	3.731696799999999897e-02	-1.432935549999999891e-01	2.539619900000000263e-01	1.349868159400000067e+01
3.863282999999999995e-02	3.454987000000000075e-03	5.214855330000000011e-01	3.863282999999999995e-02	-1.477199810000000002e-01	2.562064580000000258e-01	1.349850722100000056e+01
3.999509100000000344e-02	3.695171000000000133e-03	5.398669579999999524e-01	3.999509100000000344e-02	-1.536321170000000125e-01	2.575792689999999996e-01	1.349833053400000082e+01
4.140538800000000130e-02	3.951948999999999740e-03	5.588962309999999656e-01	4.140538800000000130e-02	-1.614108340000000030e-01	2.581014039999999787e-01	1.349815232399999942e+01
4.286541399999999752e-02	4.226467000000000244e-03	5.785962230000000206e-01	4.286541399999999752e-02	-1.714878459999999993e-01	2.578570150000000227e-01	1.349797348300000088e+01
4.437692299999999868e-02	4.519953000000000165e-03	5.989906160000000312e-01	4.437692299999999868e-02	-1.843405750000000065e-01	2.570122129999999894e-01	1.349779499999999999e+01
4.594173099999999954e-02	4.833724999999999654e-03	6.201039379999999657e-01	4.594173099999999954e-02	-2.004819029999999891e-01	2.558354449999999947e-01	1.349761796099999955e+01
4.756171700000000335e-02	5.169201000000000004e-03	6.419615910000000536e-01	4.756171700000000335e-02	-2.204435949999999922e-01	2.547183080000000044e-01	1.349744354100000088e+01
4.923882599999999943e-02	5.527904000000000151e-03	6.645898810000000489e-01	4.923882599999999943e-02	-2.447523490000000079e-01	2.541950570000000020e-01	1.349727299299999927e+01
5.097507300000000269e-02	5.911472000000000081e-03	6.880160520000000446e-01	5.097507300000000269e-02	-2.738978899999999772e-01	2.549585079999999726e-01	1.349710763300000060e+01
5.277254399999999762e-02	6.321669000000000246e-03	7.122683189999999831e-01	5.277254399999999762e-02	-3.082932290000000020e-01	2.578695019999999727e-01	1.349694882500000048e+01
5.463339600000000074e-02	6.760392999999999958e-03	7.373759020000000275e-01	5.463339600000000074e-02	-3.482282549999999866e-01	2.639568780000000059e-01	1.349679795499999990e+01
5.655986500000000083e-02	7.229692000000000236e-03	7.633690589999999609e-01	5.655986500000000083e-02	-3.938190129999999956e-01	2.744050539999999816e-01	1.349665640399999944e+01
5.855426400000000170e-02	7.731769000000000315e-03	7.902791219999999450e-01	5.855426400000000170e-02	-4.449562799999999818e-01	2.905270130000000006e-01	1.349652552200000066e+01
6.061898999999999760e-02	8.269001999999999256e-03	8.181385350000000001e-01	6.061898999999999760e-02	-5.012580020000000358e-01	3.137218239999999825e-01	1.349640659099999951e+01
6.275652099999999567e-02	8.843946999999999573e-03	8.469808899999999863e-01	6.275652099999999567e-02	-5.620305110000000104e-01	3.454175780000000029e-01	1.349630079199999955e+01
6.496942599999999679e-02	9.459363000000000146e-03	8.768409640000000005e-01	6.496942599999999679e-02	-6.262429309999999472e-01	3.870025830000000111e-01	1.349620917400000053e+01
6.726036200000000409e-02	1.011821299999999917e-02	9.077547590000000222e-01	6.726036200000000409e-02	-6.925176779999999699e-01	4.397492869999999887e-01	1.349613261900000083e+01
6.963207899999999950e-02	1.082368700000000024e-02	9.397595450000000294e-01	6.963207899999999950e-02	-7.591376410000000297e-01	5.047361470000000239e-01	1.349607182499999958e+01
7.208742799999999507e-02	1.157920699999999935e-02	9.728938980000000347e-01	7.208742799999999507e-02	-8.240679279999999496e-01	5.827720379999999922e-01	1.349602728300000010e+01
7.462935699999999339e-02	1.238844700000000035e-02	1.007197746999999977e+00	7.462935699999999339e-02	-8.849877929999999671e-01	6.743256410000000312e-01	1.349599928499999990e+01
7.726091799999999787e-02	1.325533800000000019e-02	1.042712421999999917e+00	7.726091799999999787e-02	-9.393272310000000402e-01	7.794584949999999735e-01	1.349598793200000024e+01
7.998527299999999562e-02	1.418408900000000042e-02	1.079480704000000069e+00	7.998527299999999562e-02	-9.843036750000000445e-01	8.977556260000000288e-01	1.349599317700000078e+01
8.280569399999999913e-02	1.517919199999999934e-02	1.117546876000000022e+00	8.280569399999999913e-02	-1.016958044999999977e+00	1.028242386000000064e+00	1.349601487900000052e+01
8.572556700000000252e-02	1.624544500000000072e-02	1.156956791000000040e+00	8.572556700000000252e-02	-1.034196939000000093e+00	1.169271369999999921e+00	1.349605288999999964e+01
8.874840100000000453e-02	1.738796100000000039e-02	1.197757924999999890e+00	8.874840100000000453e-02	-1.032860402999999927e+00	1.318360503000000072e+00	1.349610715799999916e+01
9.187782399999999683e-02	1.861219299999999910e-02	1.239999456999999916e+00	9.187782399999999683e-02	-1.009854199000000063e+00	1.471965699000000072e+00	1.349617784500000006e+01
9.511759699999999818e-02	1.992396199999999992e-02	1.283732337000000001e+00	9.511759699999999818e-02	-9.624133609999999672e-01	1.625185301999999998e+00	1.349626545599999972e+01
9.847161000000000108e-02	2.132948100000000083e-02	1.329009372000000022e+00	9.847161000000000108e-02	-8.885984839999999663e-01	1.771431471999999951e+00	1.349637096600000064e+01
1.019438909999999948e-01	2.283540400000000012e-02	1.375885303000000004e+00	1.019438909999999948e-01	-7.881540219999999541e-01	1.902186168000000066e+00	1.349649591300000040e+01
1.055386100000000049e-01	2.444887100000000049e-02	1.424416890000000047e+00	1.055386100000000049e-01	-6.638366430000000040e-01	2.007108290000000128e+00	1.349664246600000084e+01
1.092600860000000063e-01	2.617756699999999881e-02	1.474662997000000031e+00	1.092600860000000063e-01	-5.231587789999999627e-01	2.074963617999999954e+00	1.349681342200000067e+01
1.131127880000000058e-01	2.802979200000000129e-02	1.526684667000000051e+00	1.131127880000000058e-01	-3.800580989999999826e-01	2.095983728000000212e+00	1.349701213300000013e+01
1.171013419999999972e-01	3.001453200000000002e-02	1.580545195000000014e+00	1.171013419999999972e-01	-2.552800259999999932e-01	2.065975460000000208e+00	1.349724234800000033e+01
1.212305399999999977e-01	3.214153499999999886e-02	1.636310182999999974e+00	1.212305399999999977e-01	-1.737103070000000082e-01	1.991336811000000040e+00	1.349750797699999971e+01
1.255053409999999925e-01	3.442138299999999984e-02	1.694047595000000017e+00	1.255053409999999925e-01	-1.576767099999999977e-01	1.892255425999999963e+00	1.349781279699999992e+01
1.299308779999999997e-01	3.686555400000000177e-02	1.753827803999999935e+00	1.299308779999999997e-01	-2.181426820000000044e-01	1.800575156999999926e+00	1.349816013699999928e+01
1.345124679999999961e-01	3.948646699999999732e-02	1.815723629000000061e+00	1.345124679999999961e-01	-3.488189329999999977e-01	1.751484829000000021e+00	1.349855261199999923e+01
1.392556130000000003e-01	4.229751400000000133e-02	1.879810398000000049e+00	1.392556130000000003e-01	-5.273857509999999582e-01	1.773165174999999927e+00	1.349899195499999927e+01
1.441660090000000116e-01	4.531306899999999749e-02	1.946166017999999998e+00	1.441660090000000116e-01	-7.227496930000000264e-01	1.880443220999999943e+00	1.349947903800000049e+01
1.492495550000000060e-01	4.854850100000000085e-02	2.014871090000000198e+00	1.492495550000000060e-01	-9.030500970000000516e-01	2.074845376999999935e+00	1.350001409599999924e+01
1.545123549999999901e-01	5.202019199999999982e-02	2.086009059000000221e+00	1.545123549999999901e-01	-1.040062940000000102e+00	2.348547726000000058e+00	1.350059718400000008e+01
1.599607299999999954e-01	5.574559099999999712e-02	2.159666413000000063e+00	1.599607299999999954e-01	-1.109357900000000008e+00	2.688178651999999946e+00	1.350122877399999943e+01
1.656012249999999908e-01	5.974332799999999832e-02	2.235932898000000169e+00	1.656012249999999908e-01	-1.088162191999999973e+00	3.075790537000000047e+00	1.350191037199999933e+01
1.714406139999999912e-01	6.403339500000000684e-02	2.314901737000000015e+00	1.714406139999999912e-01	-9.537542820000000088e-01	3.486072355000000123e+00	1.350264495899999950e+01
1.774859089999999973e-01	6.863740499999999856e-02	2.396669804000000070e+00	1.774859089999999973e-01	-6.858210500000000431e-01	3.880427301000000107e+00	1.350343706099999963e+01
1.837443719999999892e-01	7.357887800000000034e-02	2.481337716000000082e+00	1.837443719999999892e-01	-2.767982920000000013e-01	4.201729174999999650e+00	1.350429230900000022e+01
1.902235200000000070e-01	7.888352499999999601e-02	2.569009829000000078e+00	1.902235200000000070e-01	2.494442809999999899e-01	4.379833392000000103e+00	1.350521653400000055e+01
1.969311340000000077e-01	8.457944500000000310e-02	2.659794152999999994e+00	1.969311340000000077e-01	8.254073180000000010e-01	4.358996926999999744e+00	1.350621459199999919e+01
2.038752699999999973e-01	9.069718100000000172e-02	2.753802262999999861e+00	2.038752699999999973e-01	1.363183613999999988e+00	4.132322670999999836e+00	1.350728936900000043e+01
2.110642679999999993e-01	9.726965999999999390e-02	2.851149302000000052e+00	2.110642679999999993e-01	1.805469001000000073e+00	3.731028472000000207e+00	1.350844143600000002e+01
2.185067629999999927e-01	1.043320699999999990e-01	2.951954189999999922e+00	2.185067629999999927e-01	2.125886523000000139e+00	3.158752622000000176e+00	1.350966968800000068e+01
2.262116929999999915e-01	1.119218520000000022e-01	3.056340049000000114e+00	2.262116929999999915e-01	2.233042037999999785e+00	2.375502948999999919e+00	1.351097287700000038e+01
2.341883130000000091e-01	1.200789609999999979e-01	3.164434776999999865e+00	2.341883130000000091e-01	1.906253216000000084e+00	1.449770036999999956e+00	1.351235141499999948e+01
2.424462019999999995e-01	1.288464779999999865e-01	3.276371521999999814e+00	2.424462019999999995e-01	1.015348233999999961e+00	7.236606209999999484e-01	1.351380841799999999e+01
2.509952779999999883e-01	1.382714590000000132e-01	3.392288810999999793e+00	2.509952779999999883e-01	-1.908458700000000008e-01	5.492830370000000295e-01	1.351534910400000022e+01
2.598458100000000104e-01	1.484056749999999869e-01	3.512330221000000030e+00	2.598458100000000104e-01	-1.330261166999999967e+00	9.271373699999999607e-01	1.351697845300000012e+01
2.690084280000000216e-01	1.593058820000000098e-01	3.636643768999999971e+00	2.690084280000000216e-01	-2.230309797999999954e+00	1.664586440999999972e+00	1.351869827400000013e+01
2.784941349999999760e-01	1.710334900000000102e-01	3.765381537000000112e+00	2.784941349999999760e-01	-2.885913039000000069e+00	2.635766053999999858e+00	1.352050569000000024e+01
2.883143249999999824e-01	1.836540030000000101e-01	3.898700053000000221e+00	2.883143249999999824e-01	-3.301329437999999783e+00	3.844851900000000100e+00	1.352239454400000085e+01
2.984807919999999948e-01	1.972369969999999972e-01	4.036761442000000422e+00	2.984807919999999948e-01	-3.333097458000000124e+00	5.413465941000000115e+00	1.352435920199999941e+01
3.090057460000000256e-01	2.118572619999999906e-01	4.179734634999999976e+00	3.090057460000000256e-01	-2.305008406999999870e+00	7.397157555999999801e+00	1.352639777599999960e+01
3.199018279999999992e-01	2.275967670000000054e-01	4.327795502999999933e+00	3.199018279999999992e-01	1.082430683999999976e+00	7.892411146999999794e+00	1.352851130300000015e+01
3.311821260000000211e-01	2.445461190000000062e-01	4.481125510000000034e+00	3.311821260000000211e-01	2.052563378999999966e+00	4.157793413000000271e+00	1.353069854800000016e+01
3.428601860000000112e-01	2.628042279999999731e-01	4.639910040000000180e+00	3.428601860000000112e-01	-5.511210140000000202e-01	2.970210955000000208e+00	1.353295081999999994e+01
3.549500360000000243e-01	2.824766639999999884e-01	4.804338430999999687e+00	3.549500360000000243e-01	-2.504558296999999989e+00	3.853936059000000025e+00	1.353525270799999980e+01
3.674661940000000238e-01	3.036752169999999973e-01	4.974606321999999636e+00	3.674661940000000238e-01	-3.831011186000000013e+00	5.495482871000000102e+00	1.353758904200000046e+01
3.804236939999999789e-01	3.265205669999999838e-01	5.150917834999999556e+00	3.804236939999999789e-01	-4.747190189000000338e+00	8.127698025000000825e+00	1.353995009900000035e+01
3.938380980000000253e-01	3.511461790000000027e-01	5.333484272999999831e+00	3.938380980000000253e-01	-3.820396600000000031e+00	1.317869199499999944e+01	1.354232690000000083e+01
4.077255180000000090e-01	3.776988660000000220e-01	5.522520150000000072e+00	4.077255180000000090e-01	6.384430205000000136e+00	1.437343197799999928e+01	1.354470080699999990e+01
4.221026319999999776e-01	4.063352769999999947e-01	5.718242121000000289e+00	4.221026319999999776e-01	5.191776608999999709e+00	5.893538072000000128e+00	1.354704208799999954e+01
4.369867080000000015e-01	4.372206519999999874e-01	5.920873399000000425e+00	4.369867080000000015e-01	1.715436658000000003e+00	5.927754211999999967e+00	1.354932149200000069e+01
4.523956230000000245e-01	4.705345329999999771e-01	6.130646829999999881e+00	4.523956230000000245e-01	8.341272809999999982e-01	7.852474802999999781e+00	1.355151667099999990e+01
4.683478830000000204e-01	5.064762259999999738e-01	6.347799638999999772e+00	4.683478830000000204e-01	2.504691778000000202e+00	9.489875236999999686e+00	1.355359950200000085e+01
4.848626480000000072e-01	5.452606279999999694e-01	6.572567523000000023e+00	4.848626480000000072e-01	4.793485995000000166e+00	7.968233049000000179e+00	1.355552453600000007e+01
5.019597519999999813e-01	5.871129210000000098e-01	6.805189965000000285e+00	5.019597519999999813e-01	4.109667020999999920e+00	5.822317981000000309e+00	1.355724225600000032e+01
5.196597299999999864e-01	6.322765590000000158e-01	7.045916695999999924e+00	5.196597299999999864e-01	2.652090375000000222e+00	5.308170612999999705e+00	1.355871214599999952e+01
5.379838399999999909e-01	6.810217330000000180e-01	7.294998535999999589e+00	5.379838399999999909e-01	1.466736462000000074e+00	5.726001627999999677e+00	1.355988412399999987e+01
5.569540910000000400e-01	7.336358659999999698e-01	7.552679859999999579e+00	5.569540910000000400e-01	9.362249009999999982e-01	6.695428755000000010e+00	1.356068657600000016e+01
5.765932649999999660e-01	7.904199979999999570e-01	7.819211112999999713e+00	5.765932649999999660e-01	1.195665723999999930e+00	7.294699793000000376e+00	1.356105176300000004e+01
5.969249509999999814e-01	8.517061740000000380e-01	8.094848911999999785e+00	5.969249509999999814e-01	8.403993229999999759e-01	7.300508073999999681e+00	1.356091565400000043e+01
6.179735680000000286e-01	9.178539500000000295e-01	8.379837304000000486e+00	6.179735680000000286e-01	1.947963900000000137e-01	8.580358436999999228e+00	1.356018726499999971e+01
6.397643960000000130e-01	9.892358599999999669e-01	8.674419131000000505e+00	6.397643960000000130e-01	2.019012524999999947e+00	1.012624565299999979e+01	1.355877130900000083e+01
6.623236059999999537e-01	1.066259577999999930e+00	8.978843600999999452e+00	6.623236059999999537e-01	2.887098073000000209e+00	7.493126924000000244e+00	1.355658098099999975e+01
6.856782940000000215e-01	1.149365704999999904e+00	9.293339445999999171e+00	6.856782940000000215e-01	2.858695050000000237e-01	7.524579743000000320e+00	1.355349809299999997e+01
7.098565079999999972e-01	1.239008925999999899e+00	9.618132484000000204e+00	7.098565079999999972e-01	-4.378322399999999837e-01	9.777206709999999745e+00	1.354940381699999996e+01
7.348872889999999991e-01	1.335690064000000010e+00	9.953446298999999442e+00	7.348872889999999991e-01	5.314082860000000075e-01	1.089291025300000015e+01	1.354418078199999975e+01
7.608006990000000247e-01	1.439935525999999966e+00	1.029947381200000045e+01	7.608006990000000247e-01	7.171954870000000204e-01	1.181014298000000018e+01	1.353767658699999998e+01
7.876278610000000402e-01	1.552298420000000068e+00	1.065641155700000020e+01	7.876278610000000402e-01	2.220425039000000211e+00	1.266214602199999995e+01	1.352975444800000027e+01
8.154009960000000445e-01	1.673382461999999959e+00	1.102442399100000081e+01	8.154009960000000445e-01	3.109788822000000064e+00	1.210550285999999964e+01	1.352024837899999987e+01
8.441534600000000221e-01	1.803804052999999907e+00	1.140365862300000011e+01	8.441534600000000221e-01	3.139811910000000150e+00	1.094995109100000086e+01	1.350898760599999981e+01
8.739197859999999762e-01	1.944238678999999914e+00	1.179424183599999942e+01	8.739197859999999762e-01	1.052663633999999959e+00	1.125257151199999939e+01	1.349579450000000058e+01
9.047357240000000189e-01	2.095375589000000094e+00	1.219626021700000074e+01	9.047357240000000189e-01	6.222057960000000332e-01	1.357832281499999993e+01	1.348046715799999973e+01
9.366382869999999583e-01	2.257961077000000039e+00	1.260978249300000087e+01	9.366382869999999583e-01	6.518022340000000359e-01	1.574939158099999936e+01	1.346280914599999967e+01
9.696657890000000002e-01	2.432757818999999877e+00	1.303482296500000004e+01	9.696657890000000002e-01	4.332664067999999702e+00	1.864334971199999913e+01	1.344259342600000018e+01
1.003857898999999998e+00	2.620585183999999845e+00	1.347137039200000075e+01	1.003857898999999998e+00	6.246484928000000103e+00	1.696122799000000114e+01	1.341959892999999937e+01
1.039255682999999930e+00	2.822274777000000068e+00	1.391935321499999922e+01	1.039255682999999930e+00	7.696528756000000193e+00	1.542180798499999916e+01	1.339357912000000006e+01
1.075901653999999930e+00	3.038717338000000101e+00	1.437865436200000069e+01	1.075901653999999930e+00	6.855482226000000345e+00	1.637147022999999990e+01	1.336428316199999955e+01
1.113839825999999977e+00	3.270810634000000050e+00	1.484910207000000071e+01	1.113839825999999977e+00	8.954987372999999806e+00	1.536926508900000066e+01	1.333145189899999927e+01
1.153115764999999904e+00	3.519501717999999890e+00	1.533044690900000084e+01	1.153115764999999904e+00	1.034945423899999994e+01	1.417416292400000088e+01	1.329480298000000005e+01
1.193776641999999999e+00	3.785757623999999932e+00	1.582239152600000054e+01	1.193776641999999999e+00	7.815924621999999822e+00	1.284222320499999981e+01	1.325406359399999978e+01
1.235871291999999899e+00	4.070559285999999943e+00	1.632454479900000166e+01	1.235871291999999899e+00	7.119225572000000390e+00	1.349537409100000040e+01	1.320893599899999948e+01
1.279450272999999916e+00	4.374923897000000395e+00	1.683643792799999872e+01	1.279450272999999916e+00	8.427412021000000308e+00	1.612364598299999940e+01	1.315911863100000012e+01
1.324565924999999922e+00	4.699871058000000268e+00	1.735752619399999830e+01	1.324565924999999922e+00	1.024560657399999997e+01	1.540970560100000064e+01	1.310431278699999957e+01
1.371272433999999985e+00	5.046421461000000441e+00	1.788715966099999832e+01	1.371272433999999985e+00	9.952151242999999425e+00	1.258328218299999968e+01	1.304420566800000003e+01
1.419625896000000109e+00	5.415605262999999781e+00	1.842458743499999940e+01	1.419625896000000109e+00	9.750407208000000381e+00	1.150338105199999994e+01	1.297848079599999949e+01
1.469684385999999954e+00	5.808444008000000380e+00	1.896896222000000165e+01	1.469684385999999954e+00	8.867813806999999215e+00	1.195281244999999970e+01	1.290682707100000037e+01
1.521508026000000013e+00	6.225934857000000378e+00	1.951932825800000160e+01	1.521508026000000013e+00	7.040262026999999811e+00	1.154986275499999948e+01	1.282893545700000004e+01
1.575159057000000029e+00	6.669044753999999742e+00	2.007461298500000169e+01	1.575159057000000029e+00	5.394939625000000127e+00	1.239848050700000037e+01	1.274449897300000067e+01
1.630701917999999973e+00	7.138701960999999763e+00	2.063362649300000129e+01	1.630701917999999973e+00	4.200680075000000180e+00	1.326951752799999973e+01	1.265321777599999997e+01
1.688203316999999926e+00	7.635782418999999877e+00	2.119506178900000037e+01	1.688203316999999926e+00	3.058642236999999930e+00	1.447338110499999964e+01	1.255480402100000070e+01
1.747732314999999925e+00	8.161094753000000424e+00	2.175749408000000074e+01	1.747732314999999925e+00	2.293204144000000166e+00	1.689189470899999890e+01	1.244898540099999984e+01
1.809360410999999891e+00	8.715365515000000229e+00	2.231938093100000131e+01	1.809360410999999891e+00	2.259463724000000173e+00	2.097001972700000039e+01	1.233550861300000001e+01
1.873161620000000083e+00	9.299224284999999313e+00	2.287906448000000026e+01	1.873161620000000083e+00	6.322251255000000292e+00	2.517055039599999944e+01	1.221414331299999922e+01
1.939212571999999968e+00	9.913188197000000201e+00	2.343477585500000160e+01	1.939212571999999968e+00	1.323379068999999930e+01	2.213390231900000060e+01	1.208468642999999965e+01
2.007592595999999840e+00	1.055764589600000036e+01	2.398464187900000155e+01	2.007592595999999840e+00	1.121129452499999957e+01	1.636287200700000000e+01	1.194696669500000041e+01
2.078383818999999910e+00	1.123284129700000022e+01	2.452669453900000107e+01	2.078383818999999910e+00	6.439105107999999689e+00	1.626135788499999890e+01	1.180084944799999924e+01
2.151671263999999972e+00	1.193885857499999936e+01	2.505888375800000034e+01	2.151671263999999972e+00	2.974800491999999963e+00	1.966238171099999832e+01	1.164624177600000010e+01
2.227542951999999854e+00	1.267561056599999958e+01	2.557909147999999888e+01	2.227542951999999854e+00	2.319231483999999899e+00	2.580836164400000143e+01	1.148309686099999993e+01
2.306090009000000052e+00	1.344282702499999971e+01	2.608514212900000118e+01	2.306090009000000052e+00	7.940217340000000235e+00	3.087047609700000095e+01	1.131141543899999924e+01
2.387406771999999844e+00	1.424003182100000053e+01	2.657481783900000138e+01	2.387406771999999844e+00	1.269012180500000042e+01	2.853529533700000087e+01	1.113124841199999970e+01
2.471590905999999865e+00	1.506653041699999918e+01	2.704589972999999858e+01	2.471590905999999865e+00	1.283112648700000058e+01	2.718870538199999842e+01	1.094270886900000050e+01
2.558743520000000160e+00	1.592143549999999941e+01	2.749618282200000152e+01	2.558743520000000160e+00	1.275301212599999978e+01	2.745556781899999876e+01	1.074597067100000025e+01
2.648969287999999978e+00	1.680362473699999981e+01	2.792346659200000047e+01	2.648969287999999978e+00	1.378454936199999992e+01	2.885541643599999873e+01	1.054125720599999916e+01
2.742376573000000040e+00	1.771174752199999958e+01	2.832564975900000093e+01	2.742376573000000040e+00	1.485361467899999965e+01	2.761188201199999881e+01	1.032886950500000012e+01
2.839077563000000026e+00	1.864425638499999849e+01	2.870067705900000021e+01	2.839077563000000026e+00	1.394028835700000002e+01	2.945792806700000099e+01	1.010915567500000023e+01
2.939188398999999841e+00	1.959936576599999825e+01	2.904664618400000009e+01	2.939188398999999841e+00	1.494035103599999914e+01	3.080909469199999862e+01	9.882539750999999484e+00
3.042829316999999811e+00	2.057510031200000000e+01	2.936175272999999919e+01	3.042829316999999811e+00	1.768833245900000151e+01	3.372929834600000021e+01	9.649490545999999114e+00
3.150124796000000060e+00	2.156930432400000086e+01	2.964439202399999829e+01	3.150124796000000060e+00	2.067528908899999962e+01	3.429466983399999691e+01	9.410545279000000818e+00
3.261203699999999817e+00	2.257962794699999876e+01	2.989313637300000082e+01	3.261203699999999817e+00	2.185278878000000091e+01	3.170877983200000116e+01	9.166289236000000784e+00
3.376199440999999801e+00	2.360358420700000082e+01	3.010675897400000167e+01	3.376199440999999801e+00	2.288998732599999997e+01	3.168548267099999904e+01	8.917352040000000812e+00
3.495250132999999870e+00	2.463856407999999831e+01	3.028427021399999930e+01	3.495250132999999870e+00	2.687273646999999954e+01	3.335282818799999660e+01	8.664407141999999951e+00
3.618498760000000036e+00	2.568185605800000104e+01	3.042492664499999933e+01	3.618498760000000036e+00	3.116247238100000061e+01	3.062221437799999890e+01	8.408162795000000855e+00
3.746093349000000128e+00	2.673067837800000035e+01	3.052823874499999945e+01	3.746093349000000128e+00	3.051489102400000064e+01	2.495063901299999998e+01	8.149353447999999389e+00
3.878187146000000141e+00	2.778221142700000001e+01	3.059397804299999990e+01	3.878187146000000141e+00	2.612012305800000078e+01	2.348660300899999953e+01	7.888731743000000129e+00
4.014938800999999557e+00	2.883362715599999859e+01	3.062217939900000019e+01	4.014938800999999557e+00	2.311958785099999858e+01	2.587624257999999955e+01	7.627060067000000387e+00
4.156512558000000190e+00	2.988211662799999857e+01	3.061314411500000077e+01	4.156512558000000190e+00	2.339076332400000169e+01	2.923143684000000064e+01	7.365103240999999912e+00
4.303078454000000441e+00	3.092493326299999978e+01	3.056744105299999958e+01	4.303078454000000441e+00	2.509309055800000010e+01	3.001976808899999938e+01	7.103621601000000396e+00
4.454812518999999860e+00	3.195942566600000134e+01	3.048586494599999952e+01	4.454812518999999860e+00	2.392118594500000128e+01	3.139226086300000063e+01	6.843355318999999604e+00
4.611896992000000139e+00	3.298301759800000355e+01	3.036945464900000147e+01	4.611896992000000139e+00	2.625335437900000102e+01	3.588131741099999772e+01	6.585024491999999618e+00
4.774520539000000063e+00	3.399331577699999940e+01	3.021946871200000118e+01	4.774520539000000063e+00	3.075039365199999963e+01	3.766753495900000104e+01	6.329320079000000376e+00
4.942878474999999661e+00	3.498803795700000308e+01	3.003735738299999980e+01	4.942878474999999661e+00	3.585624084199999828e+01	3.317331313700000095e+01	6.076895786999999771e+00
5.117173006999999885e+00	3.596510932300000007e+01	2.982473067999999827e+01	5.117173006999999885e+00	3.559867412599999881e+01	3.158133046200000038e+01	5.828360822999999691e+00
5.297613468999999853e+00	3.692263683099999838e+01	2.958336500300000083e+01	5.297613468999999853e+00	3.541477840999999671e+01	3.254590535100000182e+01	5.584281522000000386e+00
5.484416576000000099e+00	3.785892098099999714e+01	2.931515251600000127e+01	5.484416576000000099e+00	3.589371374200000275e+01	3.231365196200000156e+01	5.345172473999999951e+00
5.677806688000000435e+00	3.877247266500000222e+01	2.902208059699999865e+01	5.677806688000000435e+00	3.656479173400000349e+01	3.358189328400000306e+01	5.111495018000000279e+00
5.878016072000000314e+00	3.966201675300000318e+01	2.870620859099999933e+01	5.878016072000000314e+00	3.971508900399999931e+01	3.391750546400000133e+01	4.883656022000000263e+00
6.085285189999999567e+00	4.052648769599999667e+01	2.836963533799999837e+01	6.085285189999999567e+00	4.147083386900000335e+01	3.223787931500000070e+01	4.662005879999999713e+00
6.299862978000000169e+00	4.136501160800000321e+01	2.801449035099999918e+01	6.299862978000000169e+00	4.353308801099999670e+01	2.977143311700000083e+01	4.446841217000000235e+00
6.522007154999999834e+00	4.217694612999999748e+01	2.764291186100000175e+01	6.522007154999999834e+00	4.184121188600000352e+01	2.938046810000000164e+01	4.238405633000000172e+00
6.751984522999999960e+00	4.296180673700000341e+01	2.725699577500000004e+01	6.751984522999999960e+00	4.285771277900000342e+01	2.792436040999999847e+01	4.036886589999999941e+00
6.990071294999999907e+00	4.371932288200000016e+01	2.685881493200000136e+01	6.990071294999999907e+00	4.345978705699999978e+01	3.004361373600000107e+01	3.842423602999999854e+00
7.236553423000000151e+00	4.444937385499999749e+01	2.645039085200000173e+01	7.236553423000000151e+00	4.472820735700000228e+01	2.909626898200000156e+01	3.655108903999999992e+00
7.491726940999999584e+00	4.515199936599999830e+01	2.603367031699999856e+01	7.491726940999999584e+00	4.514221539599999744e+01	2.812683411400000111e+01	3.474989213999999826e+00
7.755898323000000261e+00	4.582738663899999665e+01	2.561052459900000144e+01	7.755898323000000261e+00	4.548073166700000058e+01	2.777516706899999832e+01	3.302070699000000165e+00
8.029384849999999574e+00	4.647585513899999654e+01	2.518273004199999932e+01	8.029384849999999574e+00	4.602826589400000046e+01	2.787766897899999918e+01	3.136321214000000079e+00
8.312514990000000381e+00	4.709781850000000247e+01	2.475197163700000047e+01	8.312514990000000381e+00	4.889583325899999977e+01	2.698511302800000067e+01	2.977675429000000040e+00
8.605628792999999277e+00	4.769382181900000006e+01	2.431984093799999869e+01	8.605628792999999277e+00	4.749869307200000179e+01	2.441573479899999910e+01	2.826038807999999847e+00
8.909078300999999200e+00	4.826446600100000239e+01	2.388781939100000073e+01	8.909078300999999200e+00	4.539638981600000278e+01	2.366573979300000019e+01	2.681289645000000110e+00
9.223227968999999860e+00	4.881044137699999652e+01	2.345727872699999850e+01	9.223227968999999860e+00	4.465564354899999699e+01	2.565224272300000052e+01	2.543282980999999943e+00
9.548455103000000221e+00	4.933249341500000185e+01	2.302949016899999890e+01	9.548455103000000221e+00	4.600387213599999825e+01	2.798348391300000060e+01	2.411855103000000167e+00
9.885150314000000549e+00	4.983141182800000024e+01	2.260562606999999957e+01	9.885150314000000549e+00	4.881567771499999964e+01	2.841163309399999903e+01	2.286826739999999969e+00
1.023371798600000027e+01	5.030803869300000031e+01	2.218674756300000084e+01	1.023371798600000027e+01	4.947588960600000263e+01	2.830891377500000061e+01	2.168004589999999787e+00
1.059457676399999926e+01	5.076321606300000155e+01	2.177382240000000024e+01	1.059457676399999926e+01	5.274909201900000255e+01	2.738114456599999968e+01	2.055185675000000156e+00
1.096816005300000008e+01	5.119782578200000245e+01	2.136771671800000050e+01	1.096816005300000008e+01	5.467282586200000338e+01	2.586360107699999844e+01	1.948158725999999952e+00
1.135491654099999970e+01	5.161275237000000260e+01	2.096921195399999860e+01	1.135491654099999970e+01	5.447299373199999906e+01	2.434977476699999954e+01	1.846707713000000028e+00
1.175531073900000045e+01	5.200887577900000025e+01	2.057899866300000014e+01	1.175531073900000045e+01	5.552938839699999818e+01	2.398170547799999852e+01	1.750612902999999942e+00
1.216982353600000089e+01	5.238708218699999719e+01	2.019769892100000064e+01	1.216982353600000089e+01	5.518531848899999659e+01	2.139604403599999927e+01	1.659654214999999988e+00
1.259895277799999924e+01	5.274823839300000117e+01	1.982583848699999862e+01	1.259895277799999924e+01	5.422933640000000111e+01	2.083797254799999976e+01	1.573610031999999936e+00
1.304321386700000041e+01	5.309320679700000056e+01	1.946388680500000135e+01	1.304321386700000041e+01	5.387197306600000246e+01	2.121079733499999875e+01	1.492261569999999926e+00
1.350314037899999953e+01	5.342282428699999741e+01	1.911224156400000140e+01	1.350314037899999953e+01	5.372281854300000248e+01	2.213860643299999964e+01	1.415392347999999911e+00
1.397928470299999937e+01	5.373790273899999903e+01	1.877125040900000030e+01	1.397928470299999937e+01	5.479179028000000073e+01	2.269251577500000039e+01	1.342790479000000037e+00
1.447221870699999968e+01	5.403924129100000329e+01	1.844119120899999942e+01	1.447221870699999968e+01	5.650030260399999804e+01	2.363843487500000151e+01	1.274247686999999907e+00
1.498253442699999916e+01	5.432760541500000073e+01	1.812230583899999914e+01	1.498253442699999916e+01	5.834202035599999903e+01	2.281504378400000022e+01	1.209562102000000028e+00
1.551084477000000028e+01	5.460373487100000034e+01	1.781478017499999922e+01	1.551084477000000028e+01	5.931994452099999648e+01	2.175501069399999921e+01	1.148537067999999994e+00
1.605778425800000164e+01	5.486833245199999709e+01	1.751877006699999839e+01	1.605778425800000164e+01	6.049832362600000124e+01	1.934073161099999894e+01	1.090983025999999967e+00
1.662400978899999870e+01	5.512208398199999948e+01	1.723438494399999854e+01	1.662400978899999870e+01	6.016855400699999734e+01	1.769168792900000042e+01	1.036716482000000106e+00
1.721020142200000080e+01	5.536563813600000117e+01	1.696170665700000058e+01	1.721020142200000080e+01	5.909065406500000250e+01	1.726089749799999851e+01	9.855611939999999738e-01
1.781706319499999935e+01	5.559960998399999710e+01	1.670079530599999984e+01	1.781706319499999935e+01	5.868009024399999873e+01	1.655841165500000045e+01	9.373483790000000093e-01
1.844532397600000095e+01	5.582459210700000085e+01	1.645167395600000049e+01	1.844532397600000095e+01	5.837997495300000139e+01	1.681352252800000002e+01	8.919156950000000084e-01
1.909573832899999957e+01	5.604114282300000127e+01	1.621435058999999868e+01	1.909573832899999957e+01	5.831399095700000146e+01	1.766292638399999859e+01	8.491083360000000191e-01
1.976908742799999885e+01	5.624978801999999689e+01	1.598882070800000044e+01	1.976908742799999885e+01	5.906428928399999734e+01	1.729337128099999887e+01	8.087788959999999694e-01
2.046617999400000087e+01	5.645103065899999706e+01	1.577505234300000048e+01	2.046617999400000087e+01	5.963662218399999659e+01	1.706245061999999990e+01	7.707863579999999493e-01
2.118785326100000077e+01	5.664533873300000266e+01	1.557300835000000028e+01	2.118785326100000077e+01	6.032719490499999893e+01	1.674410329199999836e+01	7.349969889999999895e-01
2.193497398899999951e+01	5.683316144799999847e+01	1.538264185899999958e+01	2.193497398899999951e+01	6.028355944599999816e+01	1.656320257699999843e+01	7.012837979999999583e-01
2.270843949900000069e+01	5.701491237900000186e+01	1.520389687499999987e+01	2.270843949900000069e+01	6.044697080800000322e+01	1.598873400199999928e+01	6.695262739999999768e-01
2.350917875500000065e+01	5.719098572299999717e+01	1.503670487499999986e+01	2.350917875500000065e+01	6.080889526699999692e+01	1.625778633399999862e+01	6.396099600000000329e-01
2.433815347499999859e+01	5.736174662300000193e+01	1.488100434000000050e+01	2.433815347499999859e+01	6.130697093599999903e+01	1.573786255499999953e+01	6.114270069999999668e-01
2.519635929300000043e+01	5.752754082599999919e+01	1.473672030700000057e+01	2.519635929300000043e+01	6.117778582100000051e+01	1.564385331499999943e+01	5.848749869999999573e-01
2.608482694799999990e+01	5.768868448799999982e+01	1.460378525800000027e+01	2.608482694799999990e+01	6.133391549200000270e+01	1.529805441699999946e+01	5.598574710000000509e-01
2.700462352399999943e+01	5.784548032899999725e+01	1.448212810799999950e+01	2.700462352399999943e+01	6.136580446100000330e+01	1.539088130200000037e+01	5.362832810000000006e-01
2.795685373499999926e+01	5.799820150099999694e+01	1.437167701999999991e+01	2.795685373499999926e+01	6.231755225100000217e+01	1.538088112700000032e+01	5.140663239999999634e-01
2.894266124700000020e+01	5.814710679800000293e+01	1.427236978800000067e+01	2.894266124700000020e+01	6.301620498199999787e+01	1.416423151699999927e+01	4.931256900000000054e-01
2.996323005500000036e+01	5.829243456199999684e+01	1.418413897199999951e+01	2.996323005500000036e+01	6.277509378999999967e+01	1.345491122600000011e+01	4.733848440000000268e-01
3.101978590099999877e+01	5.843440280299999756e+01	1.410693150400000029e+01	3.101978590099999877e+01	6.227367216599999722e+01	1.281030908299999993e+01	4.547720459999999854e-01
3.211359775300000052e+01	5.857321316299999836e+01	1.404069095800000078e+01	3.211359775300000052e+01	6.222482576699999868e+01	1.334068655199999931e+01	4.372194939999999863e-01
3.324597932300000025e+01	5.870905174800000026e+01	1.398537537099999994e+01	3.324597932300000025e+01	6.245494905500000016e+01	1.352560269099999957e+01	4.206636610000000220e-01
3.441829064499999902e+01	5.884208765099999994e+01	1.394094563500000028e+01	3.441829064499999902e+01	6.255143077299999987e+01	1.331576720900000055e+01	4.050446830000000165e-01
3.563193971199999766e+01	5.897247096800000321e+01	1.390736850699999927e+01	3.563193971199999766e+01	6.318983943199999942e+01	1.338306483799999924e+01	3.903062429999999972e-01
3.688838416699999811e+01	5.910034298000000064e+01	1.388462436300000036e+01	3.688838416699999811e+01	6.365958191699999702e+01	1.299145664199999928e+01	3.763955689999999854e-01
3.818913304800000219e+01	5.922582776099999791e+01	1.387269980399999980e+01	3.818913304800000219e+01	6.357241195200000305e+01	1.211447338099999982e+01	3.632630199999999920e-01
3.953574860700000215e+01	5.934903290500000139e+01	1.387158915600000064e+01	3.953574860700000215e+01	6.354050737299999696e+01	1.178936571899999919e+01	3.508619319999999875e-01
4.092984818499999733e+01	5.947005926300000311e+01	1.388130096100000088e+01	4.092984818499999733e+01	6.331345130100000063e+01	1.168051713100000022e+01	3.391486060000000191e-01
4.237310614900000161e+01	5.958899008699999911e+01	1.390184991499999967e+01	4.237310614900000161e+01	6.347939749399999698e+01	1.168002596200000021e+01	3.280819170000000007e-01
4.386725590999999724e+01	5.970589818700000251e+01	1.393326375700000064e+01	4.386725590999999724e+01	6.340919251300000070e+01	1.166984283400000066e+01	3.176233270000000108e-01
4.541409200399999690e+01	5.982084469200000143e+01	1.397558332400000047e+01	4.541409200399999690e+01	6.320521422699999903e+01	1.151734713199999938e+01	3.077367109999999961e-01
4.701547224000000114e+01	5.993387576100000302e+01	1.402885692299999931e+01	4.701547224000000114e+01	6.353393732499999658e+01	1.136680842600000041e+01	2.983880890000000230e-01
4.867331994199999912e+01	6.004503332299999840e+01	1.409314873299999959e+01	4.867331994199999912e+01	6.318412977799999908e+01	1.109212138300000028e+01	2.895456639999999804e-01
5.038962625100000281e+01	6.015434124899999802e+01	1.416853129200000083e+01	5.038962625100000281e+01	6.304762875800000188e+01	1.126344854599999934e+01	2.811795269999999847e-01
5.216645251900000346e+01	6.026181570100000329e+01	1.425509496199999937e+01	5.216645251900000346e+01	6.295827845600000217e+01	1.129717973300000011e+01	2.732617279999999815e-01
5.400593278499999883e+01	6.036746395000000120e+01	1.435293971900000010e+01	5.400593278499999883e+01	6.278405470300000246e+01	1.157156494900000077e+01	2.657659809999999845e-01
5.591027634099999943e+01	6.047127991100000344e+01	1.446217804800000017e+01	5.591027634099999943e+01	6.296705214400000017e+01	1.197321475999999940e+01	2.586676190000000153e-01
5.788177037700000227e+01	6.057324631899999900e+01	1.458293953499999951e+01	5.788177037700000227e+01	6.340748566700000310e+01	1.202947861300000021e+01	2.519435640000000087e-01
5.992278273800000221e+01	6.067334027799999774e+01	1.471536667400000020e+01	5.992278273800000221e+01	6.339458747100000124e+01	1.188646072300000078e+01	2.455721509999999885e-01
6.203576476100000292e+01	6.077152225399999708e+01	1.485961436200000030e+01	6.203576476100000292e+01	6.358174712000000284e+01	1.191652261499999987e+01	2.395330250000000105e-01
6.422325422199999423e+01	6.086774796299999934e+01	1.501585467700000009e+01	6.422325422199999423e+01	6.368380934599999676e+01	1.221656952300000043e+01	2.338071290000000024e-01
6.648787838399999828e+01	6.096195862399999754e+01	1.518427482200000078e+01	6.648787838399999828e+01	6.379411437600000312e+01	1.212700562799999915e+01	2.283765879999999915e-01
6.883235715099999652e+01	6.105408665299999882e+01	1.536507701400000059e+01	6.883235715099999652e+01	6.389145566700000245e+01	1.204459031200000041e+01	2.232246240000000104e-01
7.125950633600000117e+01	6.114405274599999984e+01	1.555847726400000042e+01	7.125950633600000117e+01	6.395663548999999648e+01	1.226849617699999939e+01	2.183354620000000079e-01
7.377224104200000454e+01	6.123176687400000162e+01	1.576471210599999928e+01	7.377224104200000454e+01	6.416883357499999363e+01	1.211264367499999928e+01	2.136943639999999978e-01
7.637357916400000590e+01	6.131712748199999652e+01	1.598403260299999928e+01	7.637357916400000590e+01	6.397205886599999758e+01	1.195899375800000008e+01	2.092874630000000069e-01
7.906664501299999870e+01	6.140002107200000125e+01	1.621670532899999984e+01	7.906664501299999870e+01	6.371870714599999985e+01	1.205285352499999973e+01	2.051017260000000120e-01
