3.162278000000000137e-03	5.330300000000000110e-05	4.775755500000000014e-02	3.162278000000000137e-03	2.146658999999999980e-03	-2.309524799999999878e-02	1.510226500499999958e+01
3.286414999999999996e-03	5.756999999999999937e-05	4.963228900000000304e-02	3.286414999999999996e-03	1.018429999999999938e-04	-2.325264499999999887e-02	1.510225837099999957e+01
3.415425000000000145e-03	6.217799999999999998e-05	5.158061399999999685e-02	3.415425000000000145e-03	-2.070423999999999962e-03	-2.333454899999999957e-02	1.510225120600000004e+01
3.549500000000000138e-03	6.715600000000000551e-05	5.360541900000000137e-02	3.549500000000000138e-03	-4.374936999999999750e-03	-2.332996500000000112e-02	1.510224346799999928e+01
3.688837999999999839e-03	7.253100000000000064e-05	5.570970499999999825e-02	3.688837999999999839e-03	-6.816123999999999794e-03	-2.322685500000000111e-02	1.510223511100000060e+01
3.833646000000000015e-03	7.833700000000000570e-05	5.789659300000000314e-02	3.833646000000000015e-03	-9.397918999999999370e-03	-2.301208600000000104e-02	1.510222608399999977e+01
3.984139000000000257e-03	8.460800000000000037e-05	6.016932400000000319e-02	3.984139000000000257e-03	-1.212362799999999914e-02	-2.267138900000000012e-02	1.510221633599999969e+01
4.140539000000000372e-03	9.137999999999999584e-05	6.253126900000000044e-02	4.140539000000000372e-03	-1.499576700000000012e-02	-2.218932499999999933e-02	1.510220580700000070e+01
4.303078000000000111e-03	9.869500000000000289e-05	6.498592699999999889e-02	4.303078000000000111e-03	-1.801588299999999990e-02	-2.154926700000000042e-02	1.510219443599999956e+01
4.471998999999999939e-03	1.065940000000000030e-04	6.753694000000000364e-02	4.471998999999999939e-03	-2.118435499999999846e-02	-2.073339700000000063e-02	1.510218215499999950e+01
4.647550000000000292e-03	1.151269999999999973e-04	7.018808699999999623e-02	4.647550000000000292e-03	-2.450016400000000136e-02	-1.972273399999999871e-02	1.510216889199999990e+01
4.829993000000000307e-03	1.243419999999999964e-04	7.294329900000000311e-02	4.829993000000000307e-03	-2.796065500000000092e-02	-1.849717400000000164e-02	1.510215456699999947e+01
5.019598000000000115e-03	1.342939999999999987e-04	7.580665999999999793e-02	5.019598000000000115e-03	-3.156125700000000228e-02	-1.703558200000000050e-02	1.510213909700000023e+01
5.216644999999999789e-03	1.450430000000000003e-04	7.878241499999999453e-02	5.216644999999999789e-03	-3.529519700000000038e-02	-1.531591199999999924e-02	1.510212238899999981e+01
5.421427999999999837e-03	1.566530000000000060e-04	8.187497500000000261e-02	5.421427999999999837e-03	-3.915318599999999954e-02	-1.331538300000000008e-02	1.510210434400000068e+01
5.634250000000000369e-03	1.691909999999999866e-04	8.508892299999999687e-02	5.634250000000000369e-03	-4.312308699999999745e-02	-1.101070999999999994e-02	1.510208485599999939e+01
5.855426000000000381e-03	1.827330000000000002e-04	8.842902399999999496e-02	5.855426000000000381e-03	-4.718957000000000013e-02	-8.378408999999999857e-03	1.510206381000000064e+01
6.085285000000000173e-03	1.973579999999999898e-04	9.190022700000000100e-02	6.085285000000000173e-03	-5.133376600000000289e-02	-5.395173999999999977e-03	1.510204107999999934e+01
6.324167000000000330e-03	2.131540000000000127e-04	9.550767799999999863e-02	6.324167000000000330e-03	-5.553290500000000046e-02	-2.038354000000000034e-03	1.510201653300000046e+01
6.572426999999999610e-03	2.302129999999999997e-04	9.925672300000000503e-02	6.572426999999999610e-03	-5.975998500000000158e-02	1.713471999999999955e-03	1.510199002300000082e+01
6.830431999999999997e-03	2.486379999999999732e-04	1.031529179999999962e-01	6.830431999999999997e-03	-6.398345099999999674e-02	5.879787000000000034e-03	1.510196139299999984e+01
7.098565000000000257e-03	2.685370000000000075e-04	1.072020360000000005e-01	7.098565000000000257e-03	-6.816692000000000584e-02	1.047730799999999941e-02	1.510193047399999955e+01
7.377223999999999934e-03	2.900269999999999931e-04	1.114100789999999952e-01	7.377223999999999934e-03	-7.226897599999999866e-02	1.551898799999999919e-02	1.510189708400000086e+01
7.666822000000000220e-03	3.132380000000000255e-04	1.157832810000000018e-01	7.666822000000000220e-03	-7.624304899999999330e-02	2.101285599999999990e-02	1.510186102499999983e+01
7.967787999999999954e-03	3.383050000000000076e-04	1.203281229999999952e-01	7.967787999999999954e-03	-8.003743500000000399e-02	2.696066299999999930e-02	1.510182208500000023e+01
8.280568999999999777e-03	3.653770000000000086e-04	1.250513370000000124e-01	8.280568999999999777e-03	-8.359548199999999873e-02	3.335632200000000075e-02	1.510178003200000063e+01
8.605629000000000056e-03	3.946150000000000157e-04	1.299599220000000055e-01	8.605629000000000056e-03	-8.685601199999999633e-02	4.018411599999999889e-02	1.510173462000000022e+01
8.943448999999999149e-03	4.261919999999999879e-04	1.350611489999999915e-01	8.943448999999999149e-03	-8.975406099999999610e-02	4.741667499999999841e-02	1.510168557999999983e+01
9.294530000000000500e-03	4.602939999999999809e-04	1.403625749999999894e-01	9.294530000000000500e-03	-9.222199999999999842e-02	5.501269899999999824e-02	1.510163262400000050e+01
9.659393000000000493e-03	4.971240000000000468e-04	1.458720510000000026e-01	9.659393000000000493e-03	-9.419119700000000428e-02	6.291444200000000098e-02	1.510157543799999935e+01
1.003857900000000060e-02	5.368989999999999700e-04	1.515977380000000097e-01	1.003857900000000060e-02	-9.559432499999999389e-02	7.104497499999999632e-02	1.510151368700000063e+01
1.043264999999999991e-02	5.798539999999999814e-04	1.575481149999999886e-01	1.043264999999999991e-02	-9.636853099999999339e-02	7.930528500000000314e-02	1.510144700600000078e+01
1.084219099999999929e-02	6.262439999999999760e-04	1.637319929999999923e-01	1.084219099999999929e-02	-9.645967499999999473e-02	8.757130999999999943e-02	1.510137500399999944e+01
1.126780900000000016e-02	6.763439999999999470e-04	1.701585290000000028e-01	1.126780900000000016e-02	-9.582789599999999575e-02	9.569108099999999728e-02	1.510129725800000067e+01
1.171013400000000051e-02	7.304479999999999697e-04	1.768372350000000093e-01	1.171013400000000051e-02	-9.445483300000000193e-02	1.034822660000000033e-01	1.510121331000000033e+01
1.216982399999999923e-02	7.888770000000000027e-04	1.837779979999999980e-01	1.216982399999999923e-02	-9.235280299999999720e-02	1.107305309999999932e-01	1.510112266800000036e+01
1.264755799999999972e-02	8.519750000000000413e-04	1.909910910000000017e-01	1.264755799999999972e-02	-8.957625800000000582e-02	1.171893749999999984e-01	1.510102479999999936e+01
1.314404700000000072e-02	9.201170000000000269e-04	1.984871880000000088e-01	1.314404700000000072e-02	-8.623575499999999727e-02	1.225823570000000029e-01	1.510091913399999974e+01
1.366002499999999925e-02	9.937030000000000775e-04	2.062773800000000102e-01	1.366002499999999925e-02	-8.251445000000000307e-02	1.266089509999999974e-01	1.510080504999999995e+01
1.419625899999999927e-02	1.073167000000000088e-03	2.143731909999999907e-01	1.419625899999999927e-02	-7.868675799999999554e-02	1.289556860000000138e-01	1.510068188099999986e+01
1.475354299999999917e-02	1.158979999999999993e-03	2.227865950000000039e-01	1.475354299999999917e-02	-7.513813099999999690e-02	1.293145089999999942e-01	1.510054890900000046e+01
1.533270299999999961e-02	1.251645000000000015e-03	2.315300339999999957e-01	1.533270299999999961e-02	-7.238390499999999839e-02	1.274105219999999983e-01	1.510040535799999972e+01
1.593459900000000068e-02	1.351710000000000108e-03	2.406164339999999902e-01	1.593459900000000068e-02	-7.108375999999999584e-02	1.230409749999999969e-01	1.510025039199999952e+01
1.656012299999999951e-02	1.459763999999999897e-03	2.500592260000000233e-01	1.656012299999999951e-02	-7.204662500000000303e-02	1.161264159999999962e-01	1.510008310899999984e+01
1.721020100000000136e-02	1.576441000000000040e-03	2.598723640000000223e-01	1.721020100000000136e-02	-7.621925100000000175e-02	1.067727579999999954e-01	1.509990253800000026e+01
1.788580000000000031e-02	1.702430000000000002e-03	2.700703449999999894e-01	1.788580000000000031e-02	-8.465078299999999334e-02	9.533948899999999949e-02	1.509970763399999960e+01
1.858791900000000136e-02	1.838468999999999911e-03	2.806682309999999902e-01	1.858791900000000136e-02	-9.842665400000000231e-02	8.250441499999999762e-02	1.509949726700000028e+01
1.931760000000000074e-02	1.985358000000000001e-03	2.916816680000000050e-01	1.931760000000000074e-02	-1.185691640000000047e-01	6.931024800000000485e-02	1.509927022499999971e+01
2.007592600000000088e-02	2.143958999999999969e-03	3.031269120000000261e-01	2.007592600000000088e-02	-1.459099809999999942e-01	5.717500600000000044e-02	1.509902519699999957e+01
2.086402000000000048e-02	2.315202000000000145e-03	3.150208489999999917e-01	2.086402000000000048e-02	-1.809505730000000034e-01	4.784964500000000315e-02	1.509876077800000083e+01
2.168305200000000127e-02	2.500089000000000044e-03	3.273810209999999943e-01	2.168305200000000127e-02	-2.237370539999999908e-01	4.331487900000000058e-02	1.509847544900000038e+01
2.253423400000000021e-02	2.699702999999999912e-03	3.402256490000000189e-01	2.253423400000000021e-02	-2.737808970000000230e-01	4.562475500000000295e-02	1.509816758100000023e+01
2.341883100000000106e-02	2.915209000000000203e-03	3.535736600000000118e-01	2.341883100000000106e-02	-3.300514979999999987e-01	5.672284200000000248e-02	1.509783541800000073e+01
2.433815300000000126e-02	3.147866999999999939e-03	3.674447140000000056e-01	2.433815300000000126e-02	-3.910497410000000063e-01	7.827024800000000060e-02	1.509747707300000030e+01
2.529356400000000102e-02	3.399033000000000089e-03	3.818592299999999939e-01	2.529356400000000102e-02	-4.549486139999999734e-01	1.115257969999999960e-01	1.509709051599999974e+01
2.628648000000000096e-02	3.670168000000000128e-03	3.968384149999999999e-01	2.628648000000000096e-02	-5.197669179999999667e-01	1.573058449999999997e-01	1.509667356699999985e+01
2.731837399999999944e-02	3.962850000000000400e-03	4.124042929999999774e-01	2.731837399999999944e-02	-5.835335980000000422e-01	2.160296110000000103e-01	1.509622388200000032e+01
2.839077599999999951e-02	4.278777000000000101e-03	4.285797370000000162e-01	2.839077599999999951e-02	-6.444053090000000372e-01	2.878352840000000246e-01	1.509573894600000088e+01
2.950527500000000095e-02	4.619780999999999888e-03	4.453885000000000205e-01	2.950527500000000095e-02	-7.007135970000000214e-01	3.727404089999999948e-01	1.509521605700000002e+01
3.066352500000000050e-02	4.987832999999999677e-03	4.628552430000000273e-01	3.066352500000000050e-02	-7.509322280000000349e-01	4.708196510000000057e-01	1.509465231899999971e+01
3.186724199999999702e-02	5.385059000000000200e-03	4.810055759999999903e-01	3.186724199999999702e-02	-7.935621059999999893e-01	5.823807859999999836e-01	1.509404462400000035e+01
3.311821300000000051e-02	5.813745999999999844e-03	4.998660870000000145e-01	3.311821300000000051e-02	-8.269266339999999937e-01	7.081298499999999496e-01	1.509338964300000008e+01
3.441829099999999669e-02	6.276359999999999925e-03	5.194643780000000044e-01	3.441829099999999669e-02	-8.488513619999999982e-01	8.493222780000000416e-01	1.509268380900000039e+01
3.576940399999999770e-02	6.775553000000000131e-03	5.398291039999999485e-01	3.576940399999999770e-02	-8.561635029999999924e-01	1.007890581000000063e+00	1.509192330499999990e+01
3.717355700000000290e-02	7.314181000000000328e-03	5.609900100000000389e-01	3.717355700000000290e-02	-8.438780769999999487e-01	1.186503630999999892e+00	1.509110404800000005e+01
3.863282999999999995e-02	7.895314000000000498e-03	5.829779670000000413e-01	3.863282999999999995e-02	-8.038166709999999826e-01	1.388401054000000023e+00	1.509022167300000028e+01
4.014938800000000113e-02	8.522259000000000778e-03	6.058250170000000212e-01	4.014938800000000113e-02	-7.222128530000000435e-01	1.616522070000000033e+00	1.508927152100000058e+01
4.172548000000000229e-02	9.198569000000000190e-03	6.295644110000000460e-01	4.172548000000000229e-02	-5.756832419999999839e-01	1.870526673999999945e+00	1.508824861799999972e+01
4.336344200000000204e-02	9.928065999999999280e-03	6.542306500000000247e-01	4.336344200000000204e-02	-3.255749390000000076e-01	2.137835319000000123e+00	1.508714766299999965e+01
4.506570299999999862e-02	1.071485600000000003e-02	6.798595339999999876e-01	4.506570299999999862e-02	8.374310899999999613e-02	2.369632050999999962e+00	1.508596301100000048e+01
4.683478800000000219e-02	1.156335200000000070e-02	7.064882000000000106e-01	4.683478800000000219e-02	6.926050240000000136e-01	2.432994277999999788e+00	1.508468865500000078e+01
4.867331999999999909e-02	1.247829100000000073e-02	7.341551729999999942e-01	4.867331999999999909e-02	1.387461564000000092e+00	2.099757535999999813e+00	1.508331821400000017e+01
5.058402399999999827e-02	1.346476299999999938e-02	7.629004099999999733e-01	5.058402399999999827e-02	1.759077157999999974e+00	1.314988397999999892e+00	1.508184491399999949e+01
5.256973499999999938e-02	1.452822699999999946e-02	7.927653510000000070e-01	5.256973499999999938e-02	1.524942809999999982e+00	5.229526500000000189e-01	1.508026157599999983e+01
5.463339600000000074e-02	1.567454000000000069e-02	8.237929670000000426e-01	5.463339600000000074e-02	9.687090430000000474e-01	1.294786569999999970e-01	1.507856060199999959e+01
5.677806700000000151e-02	1.690998299999999996e-02	8.560278089999999729e-01	5.677806700000000151e-02	4.363682970000000161e-01	9.482726599999999340e-02	1.507673396200000049e+01
5.900692899999999963e-02	1.824128800000000133e-02	8.895160659999999941e-01	5.900692899999999963e-02	3.773788799999999721e-02	2.530161799999999794e-01	1.507477318199999949e+01
6.132328599999999769e-02	1.967566700000000085e-02	9.243056120000000542e-01	6.132328599999999769e-02	-2.332279180000000063e-01	5.027838070000000270e-01	1.507266933999999914e+01
6.373057299999999870e-02	2.122084299999999965e-02	9.604460649999999600e-01	6.373057299999999870e-02	-3.985931209999999947e-01	8.038075850000000466e-01	1.507041305000000087e+01
6.623236100000000348e-02	2.288507999999999862e-02	9.979888430000000143e-01	6.623236100000000348e-02	-4.640778190000000025e-01	1.146133065999999978e+00	1.506799446900000028e+01
6.883235699999999679e-02	2.467722099999999918e-02	1.036987220000000098e+00	6.883235699999999679e-02	-4.049607889999999877e-01	1.526625805999999974e+00	1.506540328500000037e+01
7.153441800000000239e-02	2.660671800000000142e-02	1.077496384999999890e+00	7.153441800000000239e-02	-1.509254740000000039e-01	1.909859984999999982e+00	1.506262872599999980e+01
7.434255100000000671e-02	2.868367399999999928e-02	1.119573506000000052e+00	7.434255100000000671e-02	3.801816450000000125e-01	2.122954672000000098e+00	1.505965956300000030e+01
7.726091799999999787e-02	3.091887700000000086e-02	1.163277791000000061e+00	7.726091799999999787e-02	9.728847769999999784e-01	1.819326143000000062e+00	1.505648411900000028e+01
8.029384900000000047e-02	3.332384499999999777e-02	1.208670550999999982e+00	8.029384900000000047e-02	9.943509329999999924e-01	1.192774763999999932e+00	1.505309028699999985e+01
8.344583799999999441e-02	3.591086500000000015e-02	1.255815268999999956e+00	8.344583799999999441e-02	5.670685340000000130e-01	9.539031300000000435e-01	1.504946554400000025e+01
8.672156200000000204e-02	3.869303999999999799e-02	1.304777666999999974e+00	8.672156200000000204e-02	2.107005570000000105e-01	1.142821815000000019e+00	1.504559697800000073e+01
9.012587599999999366e-02	4.168433299999999703e-02	1.355625776999999976e+00	9.012587599999999366e-02	1.248337590000000025e-01	1.562830597000000044e+00	1.504147131699999917e+01
9.366382900000000400e-02	4.489961900000000172e-02	1.408430013000000036e+00	9.366382900000000400e-02	4.951849199999999729e-01	2.044508301000000028e+00	1.503707496400000032e+01
9.734066600000000624e-02	4.835473700000000180e-02	1.463263250000000015e+00	9.734066600000000624e-02	1.520874303999999899e+00	1.898620999999999892e+00	1.503239403299999921e+01
1.011618410000000023e-01	5.206654100000000090e-02	1.520200900000000077e+00	1.011618410000000023e-01	1.592201385000000080e+00	4.580203489999999933e-01	1.502741440099999970e+01
1.051330179999999948e-01	5.605296099999999837e-02	1.579320991999999979e+00	1.051330179999999948e-01	4.314578020000000014e-01	8.365575199999999989e-02	1.502212175300000041e+01
1.092600860000000063e-01	6.033306299999999928e-02	1.640704262000000080e+00	1.092600860000000063e-01	-2.842417250000000006e-01	5.203670390000000312e-01	1.501650163799999937e+01
1.135491649999999936e-01	6.492711199999999516e-02	1.704434234999999909e+00	1.135491649999999936e-01	-5.758656949999999553e-01	1.127237862999999951e+00	1.501053952500000044e+01
1.180066149999999953e-01	6.985664499999999499e-02	1.770597321999999973e+00	1.180066149999999953e-01	-4.615208729999999981e-01	1.790509161999999987e+00	1.500422086899999918e+01
1.226390460000000016e-01	7.514454299999999420e-02	1.839282910999999965e+00	1.226390460000000016e-01	2.499937160000000047e-01	2.037145168999999978e+00	1.499753117000000024e+01
1.274533250000000062e-01	8.081510899999999609e-02	1.910583469000000090e+00	1.274533250000000062e-01	3.593017969999999783e-01	1.295740488999999940e+00	1.499045604199999993e+01
1.324565930000000114e-01	8.689415500000000070e-02	1.984594645000000046e+00	1.324565930000000114e-01	-3.776030919999999735e-01	1.250818653000000058e+00	1.498298127199999996e+01
1.376562669999999988e-01	9.340909599999999702e-02	2.061415377999999965e+00	1.376562669999999988e-01	-8.815350020000000120e-01	1.834546170999999948e+00	1.497509288600000055e+01
1.430600569999999905e-01	1.003890439999999967e-01	2.141148004999999799e+00	1.430600569999999905e-01	-9.975109540000000052e-01	2.847196117000000193e+00	1.496677720799999989e+01
1.486759779999999864e-01	1.078649200000000030e-01	2.223898381999999785e+00	1.486759779999999864e-01	1.206888859999999952e-01	4.200523373000000227e+00	1.495802091400000045e+01
1.545123549999999901e-01	1.158695720000000040e-01	2.309775998000000108e+00	1.545123549999999901e-01	2.260552509000000043e+00	2.980920761000000141e+00	1.494881108000000047e+01
1.605778429999999979e-01	1.244378960000000062e-01	2.398894104000000027e+00	1.605778429999999979e-01	1.594692055999999969e+00	1.437836571999999924e+00	1.493913522200000088e+01
1.668814349999999946e-01	1.336069820000000130e-01	2.491369833999999894e+00	1.668814349999999946e-01	7.378808839999999591e-01	1.130784556000000052e+00	1.492898132800000077e+01
1.734324800000000000e-01	1.434162579999999909e-01	2.587324338000000168e+00	1.734324800000000000e-01	3.022860299999999972e-02	1.258278763999999939e+00	1.491833787899999919e+01
1.802406910000000084e-01	1.539076520000000059e-01	2.686882914999999983e+00	1.802406910000000084e-01	-4.846270429999999796e-01	1.677475204000000053e+00	1.490719385100000061e+01
1.873161620000000083e-01	1.651257770000000014e-01	2.790175145000000079e+00	1.873161620000000083e-01	-7.827247899999999481e-01	2.296346251000000116e+00	1.489553871999999934e+01
1.946693859999999998e-01	1.771181129999999937e-01	2.897335024999999842e+00	1.946693859999999998e-01	-7.048649630000000110e-01	3.186417553000000069e+00	1.488336243400000036e+01
2.023112659999999896e-01	1.899352219999999869e-01	3.008501111000000172e+00	2.023112659999999896e-01	5.417535530000000543e-01	3.704106331999999835e+00	1.487065538200000070e+01
2.102531320000000092e-01	2.036309709999999940e-01	3.123816646999999946e+00	2.102531320000000092e-01	7.831721090000000052e-01	2.393100248000000096e+00	1.485740835200000021e+01
2.185067629999999927e-01	2.182627749999999922e-01	3.243429707000000217e+00	2.185067629999999927e-01	-3.219926499999999775e-02	2.323588250999999882e+00	1.484361246199999940e+01
2.270843949999999944e-01	2.338918610000000065e-01	3.367493327000000036e+00	2.270843949999999944e-01	-3.891379489999999830e-01	2.652337235000000071e+00	1.482925908500000034e+01
2.359987480000000082e-01	2.505835499999999882e-01	3.496165636000000188e+00	2.359987480000000082e-01	-7.207743829999999630e-01	3.153193907999999990e+00	1.481433976199999947e+01
2.452630399999999877e-01	2.684075650000000146e-01	3.629609982999999929e+00	2.452630399999999877e-01	-2.583951290000000012e-01	4.046981009999999657e+00	1.479884609800000028e+01
2.548910079999999745e-01	2.874383509999999808e-01	3.767995057999999897e+00	2.548910079999999745e-01	4.380340640000000008e-01	3.224247844999999835e+00	1.478276964500000012e+01
2.648969290000000032e-01	3.077554370000000206e-01	3.911495010999999966e+00	2.648969290000000032e-01	-4.246376660000000247e-01	2.884345455000000058e+00	1.476610177899999954e+01
2.752956389999999809e-01	3.294438000000000089e-01	4.060289554999999773e+00	2.752956389999999809e-01	-1.231553620999999987e+00	3.269135856000000118e+00	1.474883356399999990e+01
2.861025569999999796e-01	3.525942759999999843e-01	4.214564066000000331e+00	2.861025569999999796e-01	-1.914794805999999960e+00	4.120111323999999797e+00	1.473095560900000045e+01
2.973337079999999744e-01	3.773039870000000073e-01	4.374509669000000045e+00	2.973337079999999744e-01	-2.398642970000000041e+00	5.663536216999999873e+00	1.471245791800000013e+01
3.090057460000000256e-01	4.036767960000000044e-01	4.540323313000000027e+00	3.090057460000000256e-01	-7.374559090000000205e-01	7.791566532000000045e+00	1.469332972900000023e+01
3.211359779999999886e-01	4.318237990000000082e-01	4.712207828000000376e+00	3.211359779999999886e-01	8.761180450000000119e-01	7.239761834000000285e+00	1.467355935600000016e+01
3.337423899999999999e-01	4.618638440000000234e-01	4.890371964999999932e+00	3.337423899999999999e-01	1.145105413000000016e+00	6.621608948999999633e+00	1.465313402499999995e+01
3.468436750000000179e-01	4.939240810000000148e-01	5.075030424000000373e+00	3.468436750000000179e-01	2.020102612000000075e+00	7.047701745000000351e+00	1.463203969999999998e+01
3.604592600000000036e-01	5.281405500000000419e-01	5.266403844000000056e+00	3.604592600000000036e-01	2.514074932000000207e+00	6.035567510999999996e+00	1.461026091399999949e+01
3.746093349999999877e-01	5.646588040000000142e-01	5.464718785999999717e+00	3.746093349999999877e-01	1.847790242000000083e+00	5.314861168000000191e+00	1.458778059599999999e+01
3.893148799999999743e-01	6.036345680000000380e-01	5.670207676000000419e+00	3.893148799999999743e-01	1.696610903999999920e+00	5.844568205999999932e+00	1.456457989499999961e+01
4.045977020000000035e-01	6.452344370000000495e-01	5.883108717999999904e+00	4.045977020000000035e-01	2.254668441000000190e+00	6.100254956999999756e+00	1.454063800800000017e+01
4.204804610000000276e-01	6.896366139999999811e-01	6.103665773000000350e+00	4.204804610000000276e-01	2.170966815999999966e+00	5.607287954000000241e+00	1.451593199500000075e+01
4.369867080000000015e-01	7.370316919999999605e-01	6.332128196000000209e+00	4.369867080000000015e-01	2.087115869999999873e+00	5.481607709000000384e+00	1.449043660899999963e+01
4.541409200000000035e-01	7.876234779999999880e-01	6.568750632000000422e+00	4.541409200000000035e-01	2.048526342000000167e+00	4.745527127999999983e+00	1.446412411200000037e+01
4.719685319999999962e-01	8.416298530000000389e-01	6.813792751000000258e+00	4.719685319999999962e-01	9.255268690000000298e-01	4.420895872000000004e+00	1.443696409600000052e+01
4.904959790000000264e-01	8.992836929999999951e-01	7.067518942000000415e+00	4.904959790000000264e-01	-4.293716499999999936e-02	5.188857037000000005e+00	1.440892330199999982e+01
5.097507340000000386e-01	9.608338199999999496e-01	7.330197929999999751e+00	5.097507340000000386e-01	-3.783804829999999897e-01	6.184225471999999613e+00	1.437996543300000063e+01
5.297613469999999936e-01	1.026546006000000011e+00	7.602102330000000130e+00	5.297613469999999936e-01	-9.462309650000000349e-01	6.939726445999999882e+00	1.435005097200000002e+01
5.505574899999999827e-01	1.096704024999999971e+00	7.883508126999999810e+00	5.505574899999999827e-01	-9.269591630000000304e-01	8.970346638000000539e+00	1.431913699400000084e+01
5.721700010000000391e-01	1.171610744000000093e+00	8.174694058000000041e+00	5.721700010000000391e-01	9.487827269999999924e-01	9.846680616000000441e+00	1.428717697399999942e+01
5.946309250000000324e-01	1.251589265000000006e+00	8.475940913000000521e+00	5.946309250000000324e-01	2.390740469999999895e+00	9.322452457000000692e+00	1.425412060000000025e+01
6.179735680000000286e-01	1.336984101999999952e+00	8.787530723999999793e+00	6.179735680000000286e-01	1.923491870000000104e+00	8.091229696999999277e+00	1.421991357199999939e+01
6.422325420000000173e-01	1.428162404999999913e+00	9.109745835000000014e+00	6.422325420000000173e-01	9.859058800000000122e-01	8.594301057999999216e+00	1.418449741499999917e+01
6.674438190000000493e-01	1.525515214999999980e+00	9.442867856999999532e+00	6.674438190000000493e-01	7.950957690000000078e-01	9.779284431000000666e+00	1.414780927600000027e+01
6.936447820000000153e-01	1.629458751999999899e+00	9.787176475000000764e+00	6.936447820000000153e-01	1.664381018000000045e+00	1.073988805099999944e+01	1.410978172999999991e+01
7.208742820000000329e-01	1.740435731000000041e+00	1.014294810500000033e+01	7.208742820000000329e-01	2.744365054999999831e+00	1.043668832800000068e+01	1.407034258300000040e+01
7.491726939999999724e-01	1.858916690000000038e+00	1.051045438799999943e+01	7.491726939999999724e-01	2.432922422999999945e+00	9.670657063000000164e+00	1.402941467399999986e+01
7.785819800000000068e-01	1.985401332999999990e+00	1.088996050799999971e+01	7.785819800000000068e-01	1.661507904999999896e+00	1.025773381499999992e+01	1.398691568699999976e+01
8.091457469999999708e-01	2.120419866000000209e+00	1.128172330700000003e+01	8.091457469999999708e-01	1.945683315999999996e+00	1.084522894000000015e+01	1.394275795899999970e+01
8.409093159999999623e-01	2.264534321000000183e+00	1.168598920300000010e+01	8.409093159999999623e-01	1.908601490999999983e+00	1.107060002799999943e+01	1.389684830400000060e+01
8.739197859999999762e-01	2.418339840999999879e+00	1.210299187699999912e+01	8.739197859999999762e-01	1.177093616000000065e+00	1.132407143400000038e+01	1.384908784099999934e+01
9.082261040000000341e-01	2.582465925999999801e+00	1.253294971599999919e+01	9.082261040000000341e-01	9.854670509999999828e-01	1.287666688100000023e+01	1.379937183700000070e+01
9.438791399999999499e-01	2.757577598000000130e+00	1.297606301399999928e+01	9.438791399999999499e-01	2.375107589000000186e+00	1.411596015599999987e+01	1.374758957000000059e+01
9.809317600000000414e-01	2.944376472000000078e+00	1.343251088899999957e+01	9.809317600000000414e-01	2.454809125999999786e+00	1.373835141700000051e+01	1.369362420500000077e+01
1.019438905999999978e+00	3.143601705000000024e+00	1.390244792600000068e+01	1.019438905999999978e+00	1.257235883000000110e+00	1.487567281499999972e+01	1.363735271000000004e+01
1.059457676000000070e+00	3.356030785000000183e+00	1.438600051599999929e+01	1.059457676000000070e+00	1.393138927999999943e+00	1.750271922399999980e+01	1.357864578899999941e+01
1.101047410999999920e+00	3.582480125000000015e+00	1.488326288999999925e+01	1.101047410999999920e+00	5.066239086000000391e+00	1.873628996900000132e+01	1.351736786300000048e+01
1.144269779000000042e+00	3.823805425000000202e+00	1.539429283800000015e+01	1.144269779000000042e+00	6.970436816000000313e+00	1.721852475800000093e+01	1.345337709600000053e+01
1.189188871000000036e+00	4.080901748999999690e+00	1.591910710299999998e+01	1.189188871000000036e+00	7.212324135000000247e+00	1.594547996300000037e+01	1.338652546700000023e+01
1.235871291999999899e+00	4.354703279999999843e+00	1.645767645500000143e+01	1.235871291999999899e+00	6.942183680000000301e+00	1.545069544799999939e+01	1.331665891199999940e+01
1.284386264000000111e+00	4.646182676999999650e+00	1.700992043899999828e+01	1.284386264000000111e+00	7.017030479999999848e+00	1.505864766900000085e+01	1.324361753300000011e+01
1.334805723999999971e+00	4.956349999000000395e+00	1.757570182199999920e+01	1.334805723999999971e+00	5.740431094999999928e+00	1.462073312799999947e+01	1.316723588500000020e+01
1.387204434000000042e+00	5.286251107000000005e+00	1.815482074100000176e+01	1.387204434000000042e+00	4.099277483999999916e+00	1.503125481999999913e+01	1.308734336400000053e+01
1.441660090999999921e+00	5.636965497000000269e+00	1.874700858399999959e+01	1.441660090999999921e+00	2.763649662999999812e+00	1.751328077000000150e+01	1.300376468700000032e+01
1.498253443000000074e+00	6.009603484000000329e+00	1.935192164000000048e+01	1.498253443000000074e+00	3.328714274000000195e+00	2.108612445800000046e+01	1.291632049000000038e+01
1.557068405000000100e+00	6.405302651000000402e+00	1.996913456400000086e+01	1.557068405000000100e+00	6.457500160000000378e+00	2.235514084600000118e+01	1.282482805699999950e+01
1.618192188000000087e+00	6.825223515000000241e+00	2.059813371299999929e+01	1.618192188000000087e+00	7.673199498999999868e+00	2.123980169900000092e+01	1.272910217999999993e+01
1.681715427999999957e+00	7.270544308999999927e+00	2.123831042899999844e+01	1.681715427999999957e+00	7.506035879999999771e+00	2.114708900000000114e+01	1.262895617000000037e+01
1.747732314999999925e+00	7.742454822000000014e+00	2.188895436399999994e+01	1.747732314999999925e+00	7.266368994999999664e+00	2.144754173000000108e+01	1.252420303200000085e+01
1.816340741000000092e+00	8.242149224000000274e+00	2.254924693499999933e+01	1.816340741000000092e+00	6.317566675000000131e+00	2.255646684899999954e+01	1.241465680099999958e+01
1.887642437000000006e+00	8.770817817999999377e+00	2.321825505300000003e+01	1.887642437000000006e+00	5.698347487000000378e+00	2.578560480599999849e+01	1.230013406900000028e+01
1.961743129999999891e+00	9.329637671000000410e+00	2.389492525600000050e+01	1.961743129999999891e+00	9.713298337999999532e+00	2.985347781200000128e+01	1.218045568099999976e+01
2.038752697000000058e+00	9.919762082000000092e+00	2.457807839999999899e+01	2.038752697000000058e+00	1.478512481299999948e+01	2.899913857700000008e+01	1.205544862800000061e+01
2.118785325999999802e+00	1.054230888100000030e+01	2.526640510600000056e+01	2.118785325999999802e+00	1.743794586299999949e+01	2.591693107400000073e+01	1.192494812700000040e+01
2.201959690999999886e+00	1.119834755199999954e+01	2.595846212500000050e+01	2.201959690999999886e+00	1.563863588499999935e+01	2.373011359299999867e+01	1.178879987200000024e+01
2.288399123000000035e+00	1.188888523600000013e+01	2.665266986800000026e+01	2.288399123000000035e+00	1.529661535700000030e+01	2.414938469899999873e+01	1.164686247500000071e+01
2.378231792999999872e+00	1.261485165300000055e+01	2.734731127799999939e+01	2.378231792999999872e+00	1.600461381099999869e+01	2.284357861699999859e+01	1.149901004600000043e+01
2.471590905999999865e+00	1.337708306799999924e+01	2.804053230799999952e+01	2.471590905999999865e+00	1.428290154499999964e+01	2.219116569599999877e+01	1.134513492399999990e+01
2.568614895000000065e+00	1.417630543799999998e+01	2.873034420100000119e+01	2.568614895000000065e+00	1.057565674700000002e+01	2.311876415800000117e+01	1.118515050799999955e+01
2.669447626999999823e+00	1.501311692800000053e+01	2.941462781399999926e+01	2.669447626999999823e+00	8.174939488999999782e+00	2.745059743199999858e+01	1.101899416000000009e+01
2.774238616999999962e+00	1.588797002899999988e+01	3.009114018600000051e+01	2.774238616999999962e+00	9.520766058999999615e+00	3.404499446100000171e+01	1.084663013599999992e+01
2.883143248000000103e+00	1.680115357300000056e+01	3.075752352299999970e+01	2.883143248000000103e+00	1.552972779299999928e+01	3.785770394299999708e+01	1.066805249499999952e+01
2.996323004999999817e+00	1.775277495499999958e+01	3.141131677599999961e+01	2.996323004999999817e+00	1.983070156699999842e+01	3.635096867400000065e+01	1.048328792300000067e+01
3.113945710999999950e+00	1.874274296600000156e+01	3.204996988599999952e+01	3.113945710999999950e+00	2.362680447500000014e+01	3.776222858599999910e+01	1.029239840900000047e+01
3.236185777000000208e+00	1.977075161799999847e+01	3.267086077700000146e+01	3.236185777000000208e+00	2.986592750699999854e+01	3.382981650699999676e+01	1.009548370499999947e+01
3.363224460000000082e+00	2.083626543100000106e+01	3.327131506100000280e+01	3.363224460000000082e+00	2.785397499400000143e+01	2.820863977699999836e+01	9.892683483000000777e+00
3.495250132999999870e+00	2.193850663899999986e+01	3.384862837499999699e+01	3.495250132999999870e+00	2.413107854900000149e+01	2.872088736199999914e+01	9.684179126000000082e+00
3.632458563999999779e+00	2.307644478199999938e+01	3.440009117299999986e+01	3.632458563999999779e+00	2.562652895800000152e+01	3.114462342799999917e+01	9.470195068000000660e+00
3.775053204999999856e+00	2.424878915900000109e+01	3.492301570499999741e+01	3.775053204999999856e+00	2.699393616100000060e+01	2.987729092400000042e+01	9.250999603000000349e+00
3.923245496999999915e+00	2.545398456299999879e+01	3.541476483800000352e+01	3.923245496999999915e+00	2.673852476500000108e+01	2.951330150200000091e+01	9.026905112999999758e+00
4.077255177999999702e+00	2.669021070999999878e+01	3.587278226299999773e+01	4.077255177999999702e+00	2.601090453899999844e+01	2.937686648000000034e+01	8.798267631999999949e+00
4.237310615000000169e+00	2.795538566600000152e+01	3.629462356300000181e+01	4.237310615000000169e+00	2.401873562300000131e+01	3.024847410900000000e+01	8.565485719999999858e+00
4.403649137000000380e+00	2.924717352400000081e+01	3.667798753499999975e+01	4.403649137000000380e+00	2.360896711299999851e+01	3.363832467999999665e+01	8.328998608999999220e+00
4.576517391000000323e+00	3.056299646700000139e+01	3.702074710499999810e+01	4.576517391000000323e+00	2.525214021400000064e+01	3.784834632100000107e+01	8.089283606000000404e+00
4.756171707000000026e+00	3.190005122799999882e+01	3.732097913500000175e+01	4.756171707000000026e+00	2.845084449399999826e+01	4.133206899700000037e+01	7.846852771000000004e+00
4.942878474999999661e+00	3.325532985600000302e+01	3.757699238899999727e+01	4.942878474999999661e+00	3.445594079899999684e+01	4.118143929000000014e+01	7.602248887000000011e+00
5.136914545999999859e+00	3.462564452899999878e+01	3.778735296800000043e+01	5.136914545999999859e+00	3.831672118899999901e+01	3.925032132300000143e+01	7.356040797000000353e+00
5.338567634000000339e+00	3.600765604699999756e+01	3.795090652599999714e+01	5.338567634000000339e+00	4.073213356899999837e+01	3.686656807800000024e+01	7.108818155999999888e+00
5.548136752999999644e+00	3.739790551000000107e+01	3.806679666000000140e+01	5.548136752999999644e+00	4.221260800099999955e+01	3.442226925500000334e+01	6.861185719999999932e+00
5.765932649999999882e+00	3.879284856299999973e+01	3.813447896800000336e+01	5.765932649999999882e+00	4.107827299800000276e+01	3.167859016199999900e+01	6.613757267999999634e+00
5.992278274000000238e+00	4.018889149299999985e+01	3.815373035999999729e+01	5.992278274000000238e+00	3.922507645799999665e+01	3.102323084800000075e+01	6.367149290999999600e+00
6.227509249999999774e+00	4.158242843000000022e+01	3.812465335899999985e+01	6.227509249999999774e+00	3.883277871300000328e+01	3.298330734500000005e+01	6.121974586000000329e+00
6.471974377999999639e+00	4.296987879999999649e+01	3.804767526399999866e+01	6.471974377999999639e+00	3.967897305099999983e+01	3.385362559099999658e+01	5.878835890999999592e+00
6.726036152999999906e+00	4.434772423399999752e+01	3.792354220200000015e+01	6.726036152999999906e+00	4.095980605300000121e+01	3.462183223899999973e+01	5.638319709000000124e+00
6.990071294999999907e+00	4.571254411000000317e+01	3.775330824699999965e+01	6.990071294999999907e+00	4.185822595300000160e+01	3.554607993700000179e+01	5.400990441000000253e+00
7.264471318000000011e+00	4.706104898099999900e+01	3.753831991999999929e+01	7.264471318000000011e+00	4.479774987999999780e+01	3.563272551099999674e+01	5.167384971999999799e+00
7.549643099999999940e+00	4.839011120600000027e+01	3.728019651399999645e+01	7.549643099999999940e+00	4.534413916900000174e+01	3.477866992999999951e+01	4.938007800000000280e+00
7.846009495999999750e+00	4.969679221999999896e+01	3.698080680500000028e+01	7.846009495999999750e+00	4.599469799999999964e+01	3.415200682900000118e+01	4.713326796999999679e+00
8.154009956999999531e+00	5.097836596500000184e+01	3.664224276099999855e+01	8.154009956999999531e+00	4.716046559099999769e+01	3.428460341699999958e+01	4.493769685000000180e+00
8.474101187000000479e+00	5.223233817599999895e+01	3.626679097099999893e+01	8.474101187000000479e+00	4.697784418999999900e+01	3.477214524499999726e+01	4.279721256000000196e+00
8.806757815999999295e+00	5.345646130600000134e+01	3.585690247600000191e+01	8.806757815999999295e+00	4.801677431699999943e+01	3.746448420899999832e+01	4.071521350000000261e+00
9.152473109000000662e+00	5.464874503800000127e+01	3.541516174699999908e+01	9.152473109000000662e+00	5.170553230699999858e+01	3.671845809399999894e+01	3.869463622000000047e+00
9.511759690999999961e+00	5.580746244800000255e+01	3.494425548699999950e+01	9.511759690999999961e+00	5.359105570799999896e+01	3.509471753700000107e+01	3.673795031000000044e+00
9.885150314000000549e+00	5.693115197600000243e+01	3.444694190999999961e+01	9.885150314000000549e+00	5.506384443099999970e+01	3.416313951899999779e+01	3.484716044999999873e+00
1.027319864000000038e+01	5.801861550899999997e+01	3.392602107799999800e+01	1.027319864000000038e+01	5.479416604499999721e+01	3.431905751400000071e+01	3.302381494000000028e+00
1.067648006900000013e+01	5.906891287999999918e+01	3.338430679399999690e+01	1.067648006900000013e+01	5.752653498600000148e+01	3.483760264600000056e+01	3.126901992000000075e+00
1.109559258500000034e+01	6.008135324100000219e+01	3.282460047400000036e+01	1.109559258500000034e+01	6.005852168599999885e+01	3.219862935799999804e+01	2.958345867999999879e+00
1.153115765000000081e+01	6.105548372500000198e+01	3.224966731300000333e+01	1.153115765000000081e+01	5.893755043899999890e+01	2.964937594099999885e+01	2.796741514999999900e+00
1.198382111799999983e+01	6.199107587499999994e+01	3.166221498699999870e+01	1.198382111799999983e+01	5.703002299999999991e+01	3.061124294100000043e+01	2.642080073999999890e+00
1.245425420099999947e+01	6.288811032000000267e+01	3.106487503399999994e+01	1.245425420099999947e+01	5.829887952699999687e+01	3.215529395600000129e+01	2.494318369999999785e+00
1.294315445500000017e+01	6.374676014900000354e+01	3.046018696799999859e+01	1.294315445500000017e+01	6.130269369399999846e+01	3.125656459900000073e+01	2.353382019000000103e+00
1.345124682199999988e+01	6.456737342499999954e+01	2.985058513399999924e+01	1.345124682199999988e+01	6.072071089599999993e+01	2.984017580900000155e+01	2.219168640999999997e+00
1.397928470299999937e+01	6.535045523200000162e+01	2.923838821800000076e+01	1.397928470299999937e+01	6.092081418000000070e+01	3.048123749100000168e+01	2.091551094000000166e+00
1.452805107100000015e+01	6.609664962600000138e+01	2.862579129599999916e+01	1.452805107100000015e+01	6.300341061299999978e+01	3.110359801699999949e+01	1.970380690000000046e+00
1.509835963699999972e+01	6.680672180000000537e+01	2.801486025999999896e+01	1.509835963699999972e+01	6.396697173999999819e+01	2.985297706400000095e+01	1.855490327000000050e+00
1.569105605600000075e+01	6.748154072900000244e+01	2.740752842499999886e+01	1.569105605600000075e+01	6.440633989900000245e+01	2.906330999900000123e+01	1.746697503000000040e+00
1.630701917700000081e+01	6.812206251300000304e+01	2.680559510000000145e+01	1.630701917700000081e+01	6.568218291200000181e+01	2.852854732100000135e+01	1.643807172999999899e+00
1.694716235199999943e+01	6.872931459800000198e+01	2.621072591200000090e+01	1.694716235199999943e+01	6.601369375699999864e+01	2.801979028099999880e+01	1.546614434000000093e+00
1.761243478400000129e+01	6.930438099699999555e+01	2.562445463899999964e+01	1.761243478400000129e+01	6.679479797899999483e+01	2.765062834400000114e+01	1.454906999000000090e+00
1.830382293899999979e+01	6.984838860799999338e+01	2.504818634200000105e+01	1.830382293899999979e+01	6.797734639600000150e+01	2.745674821500000107e+01	1.368467474000000017e+00
1.902235200899999867e+01	7.036249467099999322e+01	2.448320156899999844e+01	1.902235200899999867e+01	6.830130481700000189e+01	2.598923890200000031e+01	1.287075412999999946e+00
1.976908742799999885e+01	7.084787541100000396e+01	2.393066144000000151e+01	1.976908742799999885e+01	6.760769174399999315e+01	2.568983168100000114e+01	1.210509161000000056e+00
2.054513645600000160e+01	7.130571583600000451e+01	2.339161341499999835e+01	2.054513645600000160e+01	6.839091145199999744e+01	2.671307862000000100e+01	1.138547484000000054e+00
2.135164981899999859e+01	7.173720068999999455e+01	2.286699756899999869e+01	2.135164981899999859e+01	6.943124265900000580e+01	2.564697048700000082e+01	1.070970991000000039e+00
2.218982341499999933e+01	7.214350650299999756e+01	2.235765324400000154e+01	2.218982341499999933e+01	7.045624931099999344e+01	2.497566654999999969e+01	1.007563369000000097e+00
2.306090008700000027e+01	7.252579470300000253e+01	2.186432591299999828e+01	2.306090008700000027e+01	7.022703193399999577e+01	2.486107463400000128e+01	9.481124250000000364e-01
2.396617146899999895e+01	7.288520569599999988e+01	2.138767416199999971e+01	2.396617146899999895e+01	7.103530565299999466e+01	2.508927227699999918e+01	8.924109630000000015e-01
2.490697989699999937e+01	7.322285388400000272e+01	2.092827667899999966e+01	2.490697989699999937e+01	7.230454056000000662e+01	2.470343901400000064e+01	8.402575009999999622e-01
2.588472040299999932e+01	7.353982350399999746e+01	2.048663917500000053e+01	2.588472040299999932e+01	7.295496476900000005e+01	2.352605579000000091e+01	7.914568459999999916e-01
2.690084278000000140e+01	7.383716524700000150e+01	2.006320115799999826e+01	2.690084278000000140e+01	7.286324322999999481e+01	2.263941167300000146e+01	7.458205430000000025e-01
2.795685373499999926e+01	7.411589356000000350e+01	1.965834251600000115e+01	2.795685373499999926e+01	7.280568788399999391e+01	2.271056726799999836e+01	7.031671980000000488e-01
2.905431912099999892e+01	7.437698456500000077e+01	1.927238986200000070e+01	2.905431912099999892e+01	7.331430347500000266e+01	2.266305933900000014e+01	6.633227160000000344e-01
3.019486626100000137e+01	7.462137452300000007e+01	1.890562261399999855e+01	3.019486626100000137e+01	7.366928955500000598e+01	2.229973661500000048e+01	6.261204289999999784e-01
3.138018635699999948e+01	7.484995877299999734e+01	1.855827877500000156e+01	3.138018635699999948e+01	7.445524510100000271e+01	2.244820449499999881e+01	5.914011649999999509e-01
3.261203700299999753e+01	7.506359108499999877e+01	1.823056042500000018e+01	3.261203700299999753e+01	7.550363957300000095e+01	2.155979492899999883e+01	5.590132389999999951e-01
3.389224478799999929e+01	7.526308336300000690e+01	1.792263888600000143e+01	3.389224478799999929e+01	7.515617948599999920e+01	2.086069576399999903e+01	5.288123879999999666e-01
3.522270800300000104e+01	7.544920565500000009e+01	1.763465958700000158e+01	3.522270800300000104e+01	7.511666614099999606e+01	2.039662201699999855e+01	5.006616640000000062e-01
3.660539946000000100e+01	7.562268640000000630e+01	1.736674661300000011e+01	3.660539946000000100e+01	7.520868351400000051e+01	2.051108387700000080e+01	4.744312829999999814e-01
3.804236941500000313e+01	7.578421288699999536e+01	1.711900695900000002e+01	3.804236941500000313e+01	7.504549812599999825e+01	2.033541064699999978e+01	4.499984419999999985e-01
3.953574860700000215e+01	7.593443187500000136e+01	1.689153448800000135e+01	3.953574860700000215e+01	7.555059514200000592e+01	2.067385578600000073e+01	4.272471139999999834e-01
4.108775141899999994e+01	7.607395033599999579e+01	1.668441361100000009e+01	4.108775141899999994e+01	7.619107750300000248e+01	2.135452246399999865e+01	4.060678189999999965e-01
4.270067916200000013e+01	7.620333629600000336e+01	1.649772270400000096e+01	4.270067916200000013e+01	7.693613061800000708e+01	2.028630060800000123e+01	3.863573840000000259e-01
4.437692348400000242e+01	7.632311973400000227e+01	1.633153727599999883e+01	4.437692348400000242e+01	7.777587522999999692e+01	1.967468681500000116e+01	3.680186910000000089e-01
4.611896992199999801e+01	7.643379352799999538e+01	1.618593289900000087e+01	4.611896992199999801e+01	7.730697479900000246e+01	1.985490482200000173e+01	3.509604170000000245e-01
4.792940158300000064e+01	7.653581441299999710e+01	1.606098792499999917e+01	4.792940158300000064e+01	7.763300071700000160e+01	1.927744442699999894e+01	3.350967759999999851e-01
4.981090297499999764e+01	7.662960393199999487e+01	1.595678600199999941e+01	4.981090297499999764e+01	7.741015830599999958e+01	1.917811089799999991e+01	3.203472540000000257e-01
5.176626398799999862e+01	7.671554937400000540e+01	1.587341839900000018e+01	5.176626398799999862e+01	7.755301320499999918e+01	1.922046700099999939e+01	3.066363529999999726e-01
5.379838403400000146e+01	7.679400467300000344e+01	1.581098617099999970e+01	5.379838403400000146e+01	7.778952451899999687e+01	1.930593587799999966e+01	2.938933289999999809e-01
5.591027634099999943e+01	7.686529125299999521e+01	1.576960216199999998e+01	5.591027634099999943e+01	7.798525942400000588e+01	1.927153476299999824e+01	2.820519450000000261e-01
5.810507242199999922e+01	7.692969882399999904e+01	1.574939287599999993e+01	5.810507242199999922e+01	7.834946503300000131e+01	1.925254282999999944e+01	2.710502240000000063e-01
6.038602672199999688e+01	7.698748609300000112e+01	1.575050021700000080e+01	6.038602672199999688e+01	7.851095996300000479e+01	1.903828203300000155e+01	2.608302129999999774e-01
6.275652144000000021e+01	7.703888140899999826e+01	1.577308312100000087e+01	6.275652144000000021e+01	7.839379209999999887e+01	1.915802214300000017e+01	2.513377540000000243e-01
6.522007154800000706e+01	7.708408330999999691e+01	1.581731909199999997e+01	6.522007154800000706e+01	7.844297566699999891e+01	1.921485978700000175e+01	2.425222589999999900e-01
6.778032999799999914e+01	7.712326097599999741e+01	1.588340564599999993e+01	6.778032999799999914e+01	7.907138332700000660e+01	1.950853953400000051e+01	2.343365050000000005e-01
7.044109314199999972e+01	7.715655458700000224e+01	1.597156168599999937e+01	7.044109314199999972e+01	7.904663172700000473e+01	1.944699818400000169e+01	2.267364259999999909e-01
7.320630635999999924e+01	7.718407556100000022e+01	1.608202880600000029e+01	7.320630635999999924e+01	7.906305891799999586e+01	1.948878037500000104e+01	2.196809210000000012e-01
7.608006991099999539e+01	7.720590668699999526e+01	1.621507254699999834e+01	7.608006991099999539e+01	7.903893335099999717e+01	1.961222655599999953e+01	2.131316729999999937e-01
7.906664501299999870e+01	7.722210213099999976e+01	1.637098360599999936e+01	7.906664501299999870e+01	7.925777799499999787e+01	2.001589635299999870e+01	2.070529690000000034e-01
8.217046016099999406e+01	7.723268731500000683e+01	1.655007900700000079e+01	8.217046016099999406e+01	7.922259121700000151e+01	2.025764386399999850e+01	2.014115409999999995e-01
8.539611769200000424e+01	7.723765866700000515e+01	1.675270324599999938e+01	8.539611769200000424e+01	7.969321814399999937e+01	2.040131714700000032e+01	1.961764039999999987e-01
8.874840061199999752e+01	7.723698322600000665e+01	1.697922941299999877e+01	8.874840061199999752e+01	8.000252959600000224e+01	2.059859180500000164e+01	1.913187090000000035e-01
9.223227968800000554e+01	7.723059809699999789e+01	1.723006030799999877e+01	9.223227968800000554e+01	8.024913133699999435e+01	2.062796152099999958e+01	1.868116059999999912e-01
9.585292081599999392e+01	7.721840976299999681e+01	1.750562954000000104e+01	9.585292081599999392e+01	8.035029372500000022e+01	2.043757088999999993e+01	1.826301110000000116e-01
9.961569268399999544e+01	7.720029321699999514e+01	1.780640263400000123e+01	9.961569268399999544e+01	7.985035989799999356e+01	2.037504479600000096e+01	1.787509790000000043e-01
1.035261747309999976e+02	7.717609093500000483e+01	1.813287813899999890e+01	1.035261747309999976e+02	7.971631212699999480e+01	2.103453797999999964e+01	1.751525949999999943e-01
1.075901654219999983e+02	7.714561166199999320e+01	1.848558875200000173e+01	1.075901654219999983e+02	7.954907607399999847e+01	2.165252256300000155e+01	1.718148559999999880e-01
1.118136908430000034e+02	7.710862899999999343e+01	1.886510245199999858e+01	1.118136908430000034e+02	7.974383511899999633e+01	2.194718803399999985e+01	1.687190749999999961e-01
1.162030136390000052e+02	7.706487979999999993e+01	1.927202365999999856e+01	1.162030136390000052e+02	7.980345167000000117e+01	2.280137488600000140e+01	1.658478820000000020e-01
1.207646422979999983e+02	7.701406232399999396e+01	1.970699442400000123e+01	1.207646422979999983e+02	7.991949362900000153e+01	2.316306285599999981e+01	1.631851350000000089e-01
1.255053408060000066e+02	7.695583418100000017e+01	2.017069563500000129e+01	1.255053408060000066e+02	7.999220140500000298e+01	2.360795499700000022e+01	1.607158350000000013e-01
1.304321386720000078e+02	7.688981000699999413e+01	2.066384827499999943e+01	1.304321386720000078e+02	8.007790479400000550e+01	2.419654531000000119e+01	1.584260480000000137e-01
1.355523413520000133e+02	7.681555887599999721e+01	2.118721471199999939e+01	1.355523413520000133e+02	8.033831098800000348e+01	2.482731380799999954e+01	1.563028310000000032e-01
1.408735410859999888e+02	7.673260142600000222e+01	2.174160002300000016e+01	1.408735410859999888e+02	8.057257521699999359e+01	2.536803761999999907e+01	1.543341629999999964e-01
1.464036281490000135e+02	7.664040666100000010e+01	2.232785338300000078e+01	1.464036281490000135e+02	8.077001471600000571e+01	2.561350554499999888e+01	1.525088800000000133e-01
