3.162278000000000137e-03	-1.350600000000000079e-05	3.629705200000000326e-02	3.162278000000000137e-03	7.857159000000000712e-03	-1.610905500000000060e-02	1.147813567899999931e+01
3.286414999999999996e-03	-1.599099999999999987e-05	3.772176900000000221e-02	3.286414999999999996e-03	6.301562000000000136e-03	-1.616142099999999873e-02	1.147809046899999963e+01
3.415425000000000145e-03	-1.867899999999999853e-05	3.920239699999999994e-02	3.415425000000000145e-03	4.648173000000000235e-03	-1.615187300000000062e-02	1.147804186499999979e+01
3.549500000000000138e-03	-2.158899999999999947e-05	4.074112800000000145e-02	3.549500000000000138e-03	2.893187000000000189e-03	-1.607153299999999896e-02	1.147798963299999997e+01
3.688837999999999839e-03	-2.473799999999999930e-05	4.234024200000000016e-02	3.688837999999999839e-03	1.033066000000000019e-03	-1.591064699999999998e-02	1.147793352599999928e+01
3.833646000000000015e-03	-2.814700000000000004e-05	4.400210599999999916e-02	3.833646000000000015e-03	-9.353719999999999613e-04	-1.565853299999999879e-02	1.147787328100000082e+01
3.984139000000000257e-03	-3.183700000000000028e-05	4.572918100000000069e-02	3.984139000000000257e-03	-3.014844000000000031e-03	-1.530353299999999937e-02	1.147780862499999976e+01
4.140539000000000372e-03	-3.583400000000000284e-05	4.752402499999999752e-02	4.140539000000000372e-03	-5.207477999999999760e-03	-1.483296700000000072e-02	1.147773927000000072e+01
4.303078000000000111e-03	-4.016199999999999935e-05	4.938929300000000078e-02	4.303078000000000111e-03	-7.514673000000000359e-03	-1.423310199999999921e-02	1.147766491800000033e+01
4.471998999999999939e-03	-4.484999999999999919e-05	5.132774699999999996e-02	4.471998999999999939e-03	-9.936939000000000535e-03	-1.348912300000000043e-02	1.147758525599999935e+01
4.647550000000000292e-03	-4.992999999999999798e-05	5.334225599999999762e-02	4.647550000000000292e-03	-1.247372100000000011e-02	-1.258512099999999946e-02	1.147749995999999939e+01
4.829993000000000307e-03	-5.543500000000000033e-05	5.543580199999999930e-02	4.829993000000000307e-03	-1.512319699999999968e-02	-1.150409999999999974e-02	1.147740869899999971e+01
5.019598000000000115e-03	-6.140200000000000605e-05	5.761148299999999806e-02	5.019598000000000115e-03	-1.788205799999999929e-02	-1.022799800000000030e-02	1.147731113100000044e+01
5.216644999999999789e-03	-6.787100000000000121e-05	5.987251700000000010e-02	5.216644999999999789e-03	-2.074526599999999832e-02	-8.737745999999999361e-03	1.147720690599999926e+01
5.421427999999999837e-03	-7.488700000000000315e-05	6.222224999999999978e-02	5.421427999999999837e-03	-2.370578900000000142e-02	-7.013347999999999978e-03	1.147709567300000089e+01
5.634250000000000369e-03	-8.249700000000000652e-05	6.466415899999999883e-02	5.634250000000000369e-03	-2.675431600000000021e-02	-5.034000999999999754e-03	1.147697707700000080e+01
5.855426000000000381e-03	-9.075400000000000556e-05	6.720185500000000478e-02	5.855426000000000381e-03	-2.987895100000000081e-02	-2.778267000000000063e-03	1.147685076700000018e+01
6.085285000000000173e-03	-9.971500000000000329e-05	6.983909200000000539e-02	6.085285000000000173e-03	-3.306489299999999798e-02	-2.242880000000000047e-04	1.147671639900000073e+01
6.324167000000000330e-03	-1.094440000000000045e-04	7.257977100000000126e-02	6.324167000000000330e-03	-3.629409399999999897e-02	2.649928000000000179e-03	1.147657363999999980e+01
6.572426999999999610e-03	-1.200079999999999935e-04	7.542794399999999677e-02	6.572426999999999610e-03	-3.954491899999999782e-02	5.866155999999999975e-03	1.147642217599999981e+01
6.830431999999999997e-03	-1.314839999999999900e-04	7.838782299999999537e-02	6.830431999999999997e-03	-4.279179200000000211e-02	9.445517000000000496e-03	1.147626171799999995e+01
7.098565000000000257e-03	-1.439520000000000068e-04	8.146378599999999637e-02	7.098565000000000257e-03	-4.600484999999999991e-02	1.340794600000000045e-02	1.147609201100000043e+01
7.377223999999999934e-03	-1.575050000000000039e-04	8.466038100000000677e-02	7.377223999999999934e-03	-4.914962300000000339e-02	1.777155600000000085e-02	1.147591284499999986e+01
7.666822000000000220e-03	-1.722399999999999908e-04	8.798233499999999485e-02	7.666822000000000220e-03	-5.218672600000000272e-02	2.255187700000000142e-02	1.147572406199999939e+01
7.967787999999999954e-03	-1.882649999999999873e-04	9.143455999999999806e-02	7.967787999999999954e-03	-5.507161099999999948e-02	2.776095699999999930e-02	1.147552557100000037e+01
8.280568999999999777e-03	-2.056989999999999969e-04	9.502216199999999335e-02	8.280568999999999777e-03	-5.775439100000000214e-02	3.340631200000000051e-02	1.147531736200000019e+01
8.605629000000000056e-03	-2.246700000000000021e-04	9.875044700000000508e-02	8.605629000000000056e-03	-6.017974699999999871e-02	3.948969900000000310e-02	1.147509952100000064e+01
8.943448999999999149e-03	-2.453210000000000048e-04	1.026249300000000031e-01	8.943448999999999149e-03	-6.228699000000000041e-02	4.600569899999999712e-02	1.147487224500000025e+01
9.294530000000000500e-03	-2.678070000000000060e-04	1.066513449999999946e-01	9.294530000000000500e-03	-6.401028999999999747e-02	5.294008599999999731e-02	1.147463586299999960e+01
9.659393000000000493e-03	-2.922959999999999946e-04	1.108356499999999939e-01	9.659393000000000493e-03	-6.527915700000000432e-02	6.026797300000000246e-02	1.147439085100000078e+01
1.003857900000000060e-02	-3.189730000000000104e-04	1.151840390000000020e-01	1.003857900000000060e-02	-6.601923899999999346e-02	6.795170100000000324e-02	1.147413785700000055e+01
1.043264999999999991e-02	-3.480390000000000198e-04	1.197029530000000008e-01	1.043264999999999991e-02	-6.615354399999999468e-02	7.593848599999999949e-02	1.147387771800000067e+01
1.084219099999999929e-02	-3.797149999999999788e-04	1.243990880000000049e-01	1.084219099999999929e-02	-6.560420599999999824e-02	8.415781099999999904e-02	1.147361148200000081e+01
1.126780900000000016e-02	-4.142390000000000026e-04	1.292794049999999861e-01	1.126780900000000016e-02	-6.429497000000000684e-02	9.251860300000000481e-02	1.147334043000000037e+01
1.171013400000000051e-02	-4.518699999999999952e-04	1.343511440000000057e-01	1.171013400000000051e-02	-6.215458499999999831e-02	1.009062569999999992e-01	1.147306609199999983e+01
1.216982399999999923e-02	-4.928899999999999514e-04	1.396218330000000007e-01	1.216982399999999923e-02	-5.912136099999999728e-02	1.091796369999999960e-01	1.147279026700000060e+01
1.264755799999999972e-02	-5.376040000000000115e-04	1.450993020000000133e-01	1.264755799999999972e-02	-5.514917899999999956e-02	1.171682730000000033e-01	1.147251503100000036e+01
1.314404700000000072e-02	-5.863409999999999889e-04	1.507916960000000028e-01	1.314404700000000072e-02	-5.021526500000000198e-02	1.246701199999999954e-01	1.147224275299999974e+01
1.366002499999999925e-02	-6.394569999999999595e-04	1.567074840000000080e-01	1.366002499999999925e-02	-4.433007399999999709e-02	1.314504009999999945e-01	1.147197608799999990e+01
1.419625899999999927e-02	-6.973329999999999590e-04	1.628554789999999974e-01	1.419625899999999927e-02	-3.754952799999999868e-02	1.372423610000000072e-01	1.147171797700000084e+01
1.475354299999999917e-02	-7.603799999999999535e-04	1.692448480000000033e-01	1.475354299999999917e-02	-2.998972499999999833e-02	1.417510369999999964e-01	1.147147162699999967e+01
1.533270299999999961e-02	-8.290370000000000248e-04	1.758851260000000027e-01	1.533270299999999961e-02	-2.184387200000000029e-02	1.446615260000000125e-01	1.147124048300000076e+01
1.593459900000000068e-02	-9.037729999999999679e-04	1.827862339999999919e-01	1.593459900000000068e-02	-1.340061099999999977e-02	1.456535899999999994e-01	1.147102819000000018e+01
1.656012299999999951e-02	-9.850889999999999733e-04	1.899584910000000071e-01	1.656012299999999951e-02	-5.061956999999999741e-03	1.444246160000000057e-01	1.147083853400000031e+01
1.721020100000000136e-02	-1.073516999999999961e-03	1.974126340000000035e-01	1.721020100000000136e-02	2.642217999999999997e-03	1.407227839999999897e-01	1.147067537400000070e+01
1.788580000000000031e-02	-1.169623000000000060e-03	2.051598259999999896e-01	1.788580000000000031e-02	9.047859000000000110e-03	1.343914160000000135e-01	1.147054256000000017e+01
1.858791900000000136e-02	-1.274008999999999992e-03	2.132116799999999868e-01	1.858791900000000136e-02	1.336480999999999954e-02	1.254235469999999963e-01	1.147044383499999931e+01
1.931760000000000074e-02	-1.387313000000000044e-03	2.215802699999999958e-01	1.931760000000000074e-02	1.470641599999999993e-02	1.140224340000000058e-01	1.147038273399999930e+01
2.007592600000000088e-02	-1.510213000000000050e-03	2.302781479999999881e-01	2.007592600000000088e-02	1.214693399999999986e-02	1.006592889999999990e-01	1.147036247800000019e+01
2.086402000000000048e-02	-1.643434999999999948e-03	2.393183620000000067e-01	2.086402000000000048e-02	4.809227000000000120e-03	8.611470799999999814e-02	1.147038588100000034e+01
2.168305200000000127e-02	-1.787750000000000060e-03	2.487144719999999920e-01	2.168305200000000127e-02	-8.021998000000000670e-03	7.148734399999999434e-02	1.147045525999999960e+01
2.253423400000000021e-02	-1.943990999999999948e-03	2.584805680000000216e-01	2.253423400000000021e-02	-2.677595600000000006e-02	5.815475700000000137e-02	1.147057239199999934e+01
2.341883100000000106e-02	-2.113054999999999968e-03	2.686312889999999953e-01	2.341883100000000106e-02	-5.148440900000000181e-02	4.767935100000000176e-02	1.147073850499999992e+01
2.433815300000000126e-02	-2.295917000000000183e-03	2.791818469999999830e-01	2.433815300000000126e-02	-8.171090000000000297e-02	4.166631099999999754e-02	1.147095433199999981e+01
2.529356400000000102e-02	-2.493641000000000000e-03	2.901480470000000200e-01	2.529356400000000102e-02	-1.165427960000000041e-01	4.159624399999999750e-02	1.147122023900000087e+01
2.628648000000000096e-02	-2.707396999999999842e-03	3.015463179999999799e-01	2.628648000000000096e-02	-1.546531539999999871e-01	4.866574900000000120e-02	1.147153643400000078e+01
2.731837399999999944e-02	-2.938476000000000195e-03	3.133937459999999731e-01	2.731837399999999944e-02	-1.944197109999999951e-01	6.366846299999999459e-02	1.147190325799999933e+01
2.839077599999999951e-02	-3.188301000000000156e-03	3.257081070000000245e-01	2.839077599999999951e-02	-2.340726760000000073e-01	8.693636899999999945e-02	1.147232155999999925e+01
2.950527500000000095e-02	-3.458444000000000188e-03	3.385079149999999926e-01	2.950527500000000095e-02	-2.718382970000000065e-01	1.183418120000000046e-01	1.147279310599999924e+01
3.066352500000000050e-02	-3.750634000000000086e-03	3.518124619999999925e-01	3.066352500000000050e-02	-3.060526929999999868e-01	1.573429779999999945e-01	1.147332102000000020e+01
3.186724199999999702e-02	-4.066761999999999808e-03	3.656418739999999779e-01	3.186724199999999702e-02	-3.352359630000000257e-01	2.030461679999999991e-01	1.147391015500000044e+01
3.311821300000000051e-02	-4.408879000000000097e-03	3.800171609999999922e-01	3.311821300000000051e-02	-3.581339350000000143e-01	2.542588499999999807e-01	1.147456736300000024e+01
3.441829099999999669e-02	-4.779186000000000371e-03	3.949602640000000053e-01	3.441829099999999669e-02	-3.737494219999999978e-01	3.095166409999999813e-01	1.147530155699999987e+01
3.576940399999999770e-02	-5.180017999999999775e-03	4.104940999999999729e-01	3.576940399999999770e-02	-3.813945389999999769e-01	3.670832479999999731e-01	1.147612352300000005e+01
3.717355700000000290e-02	-5.613833999999999838e-03	4.266425970000000123e-01	3.717355700000000290e-02	-3.807987600000000139e-01	4.249452670000000154e-01	1.147704543300000068e+01
3.863282999999999995e-02	-6.083195999999999916e-03	4.434307149999999753e-01	3.863282999999999995e-02	-3.722974609999999962e-01	4.808552649999999762e-01	1.147808008400000013e+01
4.014938800000000113e-02	-6.590770000000000135e-03	4.608844590000000241e-01	4.014938800000000113e-02	-3.570879359999999947e-01	5.325123849999999770e-01	1.147923995400000052e+01
4.172548000000000229e-02	-7.139341999999999910e-03	4.790308819999999912e-01	4.172548000000000229e-02	-3.374555309999999753e-01	5.779836310000000532e-01	1.148053626499999957e+01
4.336344200000000204e-02	-7.731860999999999595e-03	4.978980969999999839e-01	4.336344200000000204e-02	-3.167501509999999798e-01	6.163997409999999455e-01	1.148197827699999962e+01
4.506570299999999862e-02	-8.371504999999999572e-03	5.175153000000000114e-01	4.506570299999999862e-02	-2.988274069999999893e-01	6.487440789999999735e-01	1.148357311100000011e+01
4.683478800000000219e-02	-9.061764999999999404e-03	5.379128269999999823e-01	4.683478800000000219e-02	-2.868441279999999760e-01	6.782575819999999700e-01	1.148532631099999968e+01
4.867331999999999909e-02	-9.806540000000000742e-03	5.591222639999999799e-01	4.867331999999999909e-02	-2.817810900000000118e-01	7.099173810000000140e-01	1.148724320600000048e+01
5.058402399999999827e-02	-1.061019499999999935e-02	5.811765930000000191e-01	5.058402399999999827e-02	-2.814946859999999940e-01	7.489091479999999690e-01	1.148933087600000036e+01
5.256973499999999938e-02	-1.147757299999999960e-02	6.041103759999999490e-01	5.256973499999999938e-02	-2.809141940000000059e-01	7.987173730000000083e-01	1.149160023199999969e+01
5.463339600000000074e-02	-1.241394000000000004e-02	6.279599350000000246e-01	5.463339600000000074e-02	-2.732938140000000238e-01	8.596487019999999868e-01	1.149406745799999996e+01
5.677806700000000151e-02	-1.342486199999999921e-02	6.527634719999999557e-01	5.677806700000000151e-02	-2.520290339999999851e-01	9.281261830000000490e-01	1.149675408100000062e+01
5.900692899999999963e-02	-1.451606800000000003e-02	6.785611080000000239e-01	5.900692899999999963e-02	-2.128624130000000003e-01	9.967626560000000246e-01	1.149968525499999927e+01
6.132328599999999769e-02	-1.569336299999999837e-02	7.053948039999999864e-01	6.132328599999999769e-02	-1.565643610000000130e-01	1.055788342999999907e+00	1.150288659099999933e+01
6.373057299999999870e-02	-1.696268500000000165e-02	7.333082419999999990e-01	6.373057299999999870e-02	-9.094151999999999791e-02	1.097254402999999989e+00	1.150638072699999981e+01
6.623236100000000348e-02	-1.833032000000000064e-02	7.623467560000000143e-01	6.623236100000000348e-02	-2.827098600000000142e-02	1.121734388999999998e+00	1.151018548899999949e+01
6.883235699999999679e-02	-1.980323700000000131e-02	7.925574560000000490e-01	6.883235699999999679e-02	2.485869799999999852e-02	1.141197883000000024e+00	1.151431520000000042e+01
7.153441800000000239e-02	-2.138935700000000120e-02	8.239896070000000128e-01	7.153441800000000239e-02	7.876658100000000218e-02	1.169693356000000017e+00	1.151878531400000050e+01
7.434255100000000671e-02	-2.309757399999999919e-02	8.566951779999999461e-01	7.434255100000000671e-02	1.600881339999999931e-01	1.204023993999999931e+00	1.152361829300000018e+01
7.726091799999999787e-02	-2.493741299999999855e-02	8.907293050000000267e-01	7.726091799999999787e-02	2.918142959999999730e-01	1.204593009999999964e+00	1.152884697700000061e+01
8.029384900000000047e-02	-2.691850399999999935e-02	9.261503779999999963e-01	8.029384900000000047e-02	4.431508929999999902e-01	1.096221585999999970e+00	1.153451223499999934e+01
8.344583799999999441e-02	-2.905026800000000062e-02	9.630196570000000289e-01	8.344583799999999441e-02	4.790098919999999927e-01	8.575580120000000361e-01	1.154065530799999983e+01
8.672156200000000204e-02	-3.134221300000000071e-02	1.001400775000000021e+00	8.672156200000000204e-02	2.943249969999999771e-01	6.491765419999999676e-01	1.154731021299999938e+01
9.012587599999999366e-02	-3.380478600000000333e-02	1.041359747000000002e+00	9.012587599999999366e-02	2.373102000000000197e-03	6.407130629999999716e-01	1.155450348699999985e+01
9.366382900000000400e-02	-3.645008000000000276e-02	1.082965885999999989e+00	9.366382900000000400e-02	-2.367542029999999964e-01	8.272472220000000043e-01	1.156226369500000040e+01
9.734066600000000624e-02	-3.929154499999999717e-02	1.126293146000000078e+00	9.734066600000000624e-02	-3.408925050000000123e-01	1.154854062000000070e+00	1.157063321799999933e+01
1.011618410000000023e-01	-4.234269499999999964e-02	1.171420679999999992e+00	1.011618410000000023e-01	-2.006214570000000030e-01	1.594094098000000015e+00	1.157966950500000003e+01
1.051330179999999948e-01	-4.561612799999999884e-02	1.218431918999999919e+00	1.051330179999999948e-01	4.827695739999999791e-01	1.916312529000000042e+00	1.158943161400000044e+01
1.092600860000000063e-01	-4.912432199999999805e-02	1.267413298999999993e+00	1.092600860000000063e-01	1.306199043999999976e+00	1.046003762000000004e+00	1.159996613600000082e+01
1.135491649999999936e-01	-5.288161599999999934e-02	1.318454827000000051e+00	1.135491649999999936e-01	5.819987669999999724e-01	1.512448289999999973e-01	1.161131235200000056e+01
1.180066149999999953e-01	-5.690459400000000278e-02	1.371652716999999910e+00	1.180066149999999953e-01	-1.262815280000000040e-01	2.783624339999999919e-01	1.162352391900000015e+01
1.226390460000000016e-01	-6.120958600000000333e-02	1.427110920000000061e+00	1.226390460000000016e-01	-4.143615880000000029e-01	6.227387559999999489e-01	1.163667665200000023e+01
1.274533250000000062e-01	-6.581067899999999693e-02	1.484939060999999949e+00	1.274533250000000062e-01	-3.930678679999999869e-01	8.965132340000000477e-01	1.165084597599999938e+01
1.324565930000000114e-01	-7.072203700000000148e-02	1.545250266000000039e+00	1.324565930000000114e-01	-2.764781479999999791e-01	8.087114690000000161e-01	1.166608800899999920e+01
1.376562669999999988e-01	-7.596098399999999529e-02	1.608164061000000089e+00	1.376562669999999988e-01	-6.000907490000000344e-01	5.977468540000000496e-01	1.168246169500000065e+01
1.430600569999999905e-01	-8.154519300000000193e-02	1.673810669000000084e+00	1.430600569999999905e-01	-1.063773795999999994e+00	7.408718730000000141e-01	1.170005590799999950e+01
1.486759779999999864e-01	-8.748814900000000117e-02	1.742328421999999932e+00	1.486759779999999864e-01	-1.420609913999999918e+00	1.068039396999999946e+00	1.171896395599999963e+01
1.545123549999999901e-01	-9.380277500000000490e-02	1.813859665000000065e+00	1.545123549999999901e-01	-1.691747713999999903e+00	1.512385214999999894e+00	1.173925327999999979e+01
1.605778429999999979e-01	-1.005057099999999981e-01	1.888556421000000096e+00	1.605778429999999979e-01	-1.793823414000000005e+00	2.106875764000000206e+00	1.176100257799999937e+01
1.668814349999999946e-01	-1.076102050000000004e-01	1.966584847000000025e+00	1.668814349999999946e-01	-1.547370447999999898e+00	2.589331765999999924e+00	1.178432365399999959e+01
1.734324800000000000e-01	-1.151235989999999931e-01	2.048117329000000097e+00	1.734324800000000000e-01	-1.482333965000000031e+00	2.716546804000000037e+00	1.180930657799999928e+01
1.802406910000000084e-01	-1.230566500000000035e-01	2.133334211999999841e+00	1.802406910000000084e-01	-1.750873965000000032e+00	3.184568982000000048e+00	1.183602994600000002e+01
1.873161620000000083e-01	-1.314172590000000085e-01	2.222433967000000177e+00	1.873161620000000083e-01	-1.564014175999999923e+00	4.409050553000000150e+00	1.186461404799999997e+01
1.946693859999999998e-01	-1.402036409999999900e-01	2.315623138999999941e+00	1.946693859999999998e-01	1.851997930000000014e-01	4.754684592000000265e+00	1.189515818699999983e+01
2.023112659999999896e-01	-1.494172940000000060e-01	2.413117971000000139e+00	2.023112659999999896e-01	5.636873390000000095e-01	3.932040966000000193e+00	1.192774887700000086e+01
2.102531320000000092e-01	-1.590518499999999946e-01	2.515156278000000079e+00	2.102531320000000092e-01	9.987732670000000201e-01	3.610337522000000021e+00	1.196251512599999955e+01
2.185067629999999927e-01	-1.690910850000000021e-01	2.621981466999999899e+00	2.185067629999999927e-01	6.519354840000000095e-01	2.588117437000000187e+00	1.199954378300000002e+01
2.270843949999999944e-01	-1.795205820000000119e-01	2.733856240999999798e+00	2.270843949999999944e-01	-3.375985930000000024e-01	2.756988873000000062e+00	1.203894367500000051e+01
2.359987480000000082e-01	-1.903071090000000021e-01	2.851059734000000123e+00	2.359987480000000082e-01	-6.088059369999999637e-01	3.723694382000000136e+00	1.208082567399999974e+01
2.452630399999999877e-01	-2.014172609999999863e-01	2.973881120000000156e+00	2.452630399999999877e-01	1.787276060000000111e-01	4.093887684000000249e+00	1.212527219599999917e+01
2.548910079999999745e-01	-2.127995179999999931e-01	3.102635547000000216e+00	2.548910079999999745e-01	1.735889100000000129e-01	3.906961041999999829e+00	1.217240093899999920e+01
2.648969290000000032e-01	-2.243942810000000010e-01	3.237644066000000098e+00	2.648969290000000032e-01	2.981566480000000241e-01	4.255187534000000049e+00	1.222227860799999988e+01
2.752956389999999809e-01	-2.361243130000000023e-01	3.379257374999999897e+00	2.752956389999999809e-01	6.456473600000000035e-01	4.255147054000000040e+00	1.227501239000000055e+01
2.861025569999999796e-01	-2.478989269999999911e-01	3.527831808000000180e+00	2.861025569999999796e-01	9.024214400000000191e-01	4.353089720999999912e+00	1.233065459600000047e+01
2.973337079999999744e-01	-2.596046659999999839e-01	3.683753840000000057e+00	2.973337079999999744e-01	1.353786882000000080e+00	3.825779551000000112e+00	1.238929101799999977e+01
3.090057460000000256e-01	-2.711141289999999815e-01	3.847417819999999988e+00	3.090057460000000256e-01	9.116435990000000267e-01	3.426090423999999857e+00	1.245095882799999920e+01
3.211359779999999886e-01	-2.822669340000000249e-01	4.019243549999999665e+00	3.211359779999999886e-01	5.096349540000000289e-01	3.468359711000000178e+00	1.251570621499999980e+01
3.337423899999999999e-01	-2.928883279999999756e-01	4.199667671000000269e+00	3.337423899999999999e-01	3.920864099999999963e-01	3.749899989000000211e+00	1.258356085800000024e+01
3.468436750000000179e-01	-3.027658429999999790e-01	4.389139399000000274e+00	3.468436750000000179e-01	3.852454430000000207e-01	3.639146039999999971e+00	1.265451762500000044e+01
3.604592600000000036e-01	-3.116578990000000160e-01	4.588134648999999676e+00	3.604592600000000036e-01	-6.135162699999999886e-02	3.407152797999999816e+00	1.272858032100000081e+01
3.746093349999999877e-01	-3.192936379999999907e-01	4.797139654999999614e+00	3.746093349999999877e-01	-8.675975019999999649e-01	3.661690351999999926e+00	1.280571306799999931e+01
3.893148799999999743e-01	-3.253574399999999978e-01	5.016654890999999949e+00	3.893148799999999743e-01	-1.659696472999999894e+00	4.462788972000000243e+00	1.288585447800000061e+01
4.045977020000000035e-01	-3.294927160000000188e-01	5.247200957999999638e+00	4.045977020000000035e-01	-1.789895562000000107e+00	6.008381808000000213e+00	1.296893417000000071e+01
4.204804610000000276e-01	-3.313017010000000040e-01	5.489310396999999675e+00	4.204804610000000276e-01	-4.097138519999999895e-01	6.871811985999999983e+00	1.305485250699999966e+01
4.369867080000000015e-01	-3.303365169999999962e-01	5.743523992000000078e+00	4.369867080000000015e-01	-4.490415899999999905e-02	6.451626740000000026e+00	1.314347526299999913e+01
4.541409200000000035e-01	-3.260937660000000071e-01	6.010391700999999642e+00	4.541409200000000035e-01	-2.114616589999999963e-01	6.752517866999999896e+00	1.323464025300000024e+01
4.719685319999999962e-01	-3.180119379999999940e-01	6.290470844999999755e+00	4.719685319999999962e-01	8.211981599999999826e-02	7.074713840000000253e+00	1.332815732100000083e+01
4.904959790000000264e-01	-3.054675259999999892e-01	6.584321830999999570e+00	4.904959790000000264e-01	5.883704800000000290e-02	7.131315857999999785e+00	1.342380388900000021e+01
5.097507340000000386e-01	-2.877697599999999856e-01	6.892503563000000000e+00	5.097507340000000386e-01	-4.450126100000000029e-02	7.312865743999999779e+00	1.352132151600000043e+01
5.297613469999999936e-01	-2.641551050000000012e-01	7.215568713999999773e+00	5.297613469999999936e-01	-2.588355529999999960e-01	7.635215310999999616e+00	1.362041371399999967e+01
5.505574899999999827e-01	-2.337818429999999892e-01	7.554058247000000392e+00	5.505574899999999827e-01	-7.052011830000000092e-01	9.147453613999999789e+00	1.372074375400000079e+01
5.721700010000000391e-01	-1.957246830000000104e-01	7.908494730000000139e+00	5.721700010000000391e-01	4.825714640000000055e-01	1.071187480100000045e+01	1.382193180700000035e+01
5.946309250000000324e-01	-1.489696789999999937e-01	8.279374216000000786e+00	5.946309250000000324e-01	2.653722269999999828e+00	1.068991567399999987e+01	1.392355135200000049e+01
6.179735680000000286e-01	-9.241010900000000416e-02	8.667157140000000481e+00	6.179735680000000286e-01	3.203005824999999973e+00	9.147496247999999497e+00	1.402512598000000033e+01
6.422325420000000173e-01	-2.484253999999999976e-02	9.072259941000000438e+00	6.422325420000000173e-01	2.706668521000000105e+00	8.353943079000000438e+00	1.412612931399999994e+01
6.674438190000000493e-01	5.504148799999999953e-02	9.495045477999999761e+00	6.674438190000000493e-01	2.241332504999999919e+00	8.823835967999999141e+00	1.422598457500000002e+01
6.936447820000000153e-01	1.486630909999999972e-01	9.935801045999999914e+00	6.936447820000000153e-01	2.971370024000000054e+00	8.915326371000000805e+00	1.432404784200000059e+01
7.208742820000000329e-01	2.575412899999999783e-01	1.039471995499999935e+01	7.208742820000000329e-01	2.547815512000000115e+00	7.728914639000000086e+00	1.441960160900000076e+01
7.491726939999999724e-01	3.833034900000000245e-01	1.087191223399999984e+01	7.491726939999999724e-01	7.883275579999999838e-01	7.691831437000000271e+00	1.451189067600000016e+01
7.785819800000000068e-01	5.277047839999999823e-01	1.136734614699999923e+01	7.785819800000000068e-01	-1.019978217000000020e+00	9.069948407000000046e+00	1.460006324499999941e+01
8.091457469999999708e-01	6.925746229999999448e-01	1.188085988499999957e+01	8.091457469999999708e-01	-2.046150413999999973e+00	1.239199068900000000e+01	1.468321365599999950e+01
8.409093159999999623e-01	8.798764629999999975e-01	1.241211581099999961e+01	8.409093159999999623e-01	7.624043249999999938e-01	1.577035473900000007e+01	1.476034998399999942e+01
8.739197859999999762e-01	1.091633682999999966e+00	1.296060569600000001e+01	8.739197859999999762e-01	3.900335156000000136e+00	1.611983921399999886e+01	1.483042941699999950e+01
9.082261040000000341e-01	1.329958546000000075e+00	1.352558247199999997e+01	9.082261040000000341e-01	7.043594199000000167e+00	1.464867823800000046e+01	1.489230756299999925e+01
9.438791399999999499e-01	1.597029647999999913e+00	1.410607936000000073e+01	9.438791399999999499e-01	6.583163005000000290e+00	1.137573019100000060e+01	1.494479406099999963e+01
9.809317600000000414e-01	1.895048418000000012e+00	1.470086682600000039e+01	9.809317600000000414e-01	4.394672126999999762e+00	1.087106061899999965e+01	1.498663559300000081e+01
1.019438905999999978e+00	2.226223285000000107e+00	1.530842268099999970e+01	1.019438905999999978e+00	2.997991395000000114e+00	1.265696907000000060e+01	1.501651799999999959e+01
1.059457676000000070e+00	2.592736611999999941e+00	1.592691734699999984e+01	1.059457676000000070e+00	3.908892688999999976e+00	1.525414197599999966e+01	1.503308504199999973e+01
1.101047410999999920e+00	2.996700890000000062e+00	1.655419794100000175e+01	1.101047410999999920e+00	7.071146290999999806e+00	1.540081550800000088e+01	1.503495469399999962e+01
1.144269779000000042e+00	3.440113231000000216e+00	1.718777617199999952e+01	1.144269779000000042e+00	6.978560992000000240e+00	1.247326262700000044e+01	1.502073766700000057e+01
1.189188871000000036e+00	3.924807878999999833e+00	1.782481612000000126e+01	1.189188871000000036e+00	5.544912560000000212e+00	1.263429412300000010e+01	1.498905393299999922e+01
1.235871291999999899e+00	4.452381721000000070e+00	1.846212642300000084e+01	1.235871291999999899e+00	4.387416291000000079e+00	1.401792657200000036e+01	1.493855107899999979e+01
1.284386264000000111e+00	5.024132484999999981e+00	1.909621687099999932e+01	1.284386264000000111e+00	4.999384859000000070e+00	1.628680675600000072e+01	1.486797033899999931e+01
1.334805723999999971e+00	5.641051308999999847e+00	1.972326089899999957e+01	1.334805723999999971e+00	7.387747511999999794e+00	1.620625548399999971e+01	1.477612850400000077e+01
1.387204434000000042e+00	6.303655029999999826e+00	2.033918365599999944e+01	1.387204434000000042e+00	6.773680348000000073e+00	1.530660628500000087e+01	1.466199441200000031e+01
1.441660090999999921e+00	7.012034474000000017e+00	2.093965720599999969e+01	1.441660090999999921e+00	5.689822010000000319e+00	1.650094353600000119e+01	1.452468396199999923e+01
1.498253443000000074e+00	7.765738844000000363e+00	2.152022927899999871e+01	1.498253443000000074e+00	6.943555942999999786e+00	1.914334252400000125e+01	1.436354402199999925e+01
1.557068405000000100e+00	8.563733200999999795e+00	2.207634911599999938e+01	1.557068405000000100e+00	1.021852342999999941e+01	1.908112138499999944e+01	1.417814981499999938e+01
1.618192188000000087e+00	9.404384090000000640e+00	2.260346870000000052e+01	1.618192188000000087e+00	1.115136019999999917e+01	1.757772086299999970e+01	1.396834619700000069e+01
1.681715427999999957e+00	1.028544192400000057e+01	2.309714636200000015e+01	1.681715427999999957e+00	1.178550172199999935e+01	1.642265526599999959e+01	1.373427749999999925e+01
1.747732314999999925e+00	1.120404384999999969e+01	2.355313028200000147e+01	1.747732314999999925e+00	1.093498940899999994e+01	1.453455817100000047e+01	1.347639456799999991e+01
1.816340741000000092e+00	1.215668963399999924e+01	2.396747873900000059e+01	1.816340741000000092e+00	8.159150108000000401e+00	1.499379493900000071e+01	1.319547494400000076e+01
1.887642437000000006e+00	1.313938253999999972e+01	2.433669327000000138e+01	1.887642437000000006e+00	7.424474778000000441e+00	1.800697950500000033e+01	1.289263940500000061e+01
1.961743129999999891e+00	1.414756863100000039e+01	2.465773335800000154e+01	1.961743129999999891e+00	9.882874950999999797e+00	1.989357040299999824e+01	1.256929766999999920e+01
2.038752697000000058e+00	1.517633664999999965e+01	2.492816356699999858e+01	2.038752697000000058e+00	1.049246260700000022e+01	1.869387880600000074e+01	1.222716399499999973e+01
2.118785325999999802e+00	1.622043834400000151e+01	2.514621407299999944e+01	2.118785325999999802e+00	1.038087514799999944e+01	1.896450099699999825e+01	1.186822174199999935e+01
2.201959690999999886e+00	1.727442661399999935e+01	2.531080082100000084e+01	2.201959690999999886e+00	9.449841130999999450e+00	1.891440174099999894e+01	1.149467037199999986e+01
2.288399123000000035e+00	1.833275614400000109e+01	2.542155063499999912e+01	2.288399123000000035e+00	8.007771977000000874e+00	2.066464080100000089e+01	1.110887973400000028e+01
2.378231792999999872e+00	1.938991917099999895e+01	2.547886356100000071e+01	2.378231792999999872e+00	9.456973172999999733e+00	2.456990835599999912e+01	1.071336428899999937e+01
2.471590905999999865e+00	2.044057779299999922e+01	2.548376423699999904e+01	2.471590905999999865e+00	1.224575867499999937e+01	2.490702965899999910e+01	1.031067243899999930e+01
2.568614895000000065e+00	2.147963601500000053e+01	2.543800336900000048e+01	2.568614895000000065e+00	1.225952193600000051e+01	2.467831351899999959e+01	9.903393232000000879e+00
2.669447626999999823e+00	2.250233770899999897e+01	2.534389236699999870e+01	2.669447626999999823e+00	1.222594229699999957e+01	2.701961922699999974e+01	9.494058662000000481e+00
2.774238616999999962e+00	2.350437855299999867e+01	2.520426962100000168e+01	2.774238616999999962e+00	1.585673964799999958e+01	3.070532697899999874e+01	9.085112387000000567e+00
2.883143248000000103e+00	2.448194330200000124e+01	2.502236985600000096e+01	2.883143248000000103e+00	2.118325348899999838e+01	2.849172773000000092e+01	8.678850719999999797e+00
2.996323004999999817e+00	2.543172209300000119e+01	2.480182615400000046e+01	2.996323004999999817e+00	2.112063201899999854e+01	2.591825101799999942e+01	8.277420727999999173e+00
3.113945710999999950e+00	2.635098972400000150e+01	2.454644669800000045e+01	3.113945710999999950e+00	2.122891227499999900e+01	2.632924581300000000e+01	7.882747154999999672e+00
3.236185777000000208e+00	2.723757881799999936e+01	2.426021962100000096e+01	3.236185777000000208e+00	2.318992118799999957e+01	2.532593514499999898e+01	7.496547260999999907e+00
3.363224460000000082e+00	2.808984072499999840e+01	2.394718376100000157e+01	3.363224460000000082e+00	2.223681504700000033e+01	2.347008059399999880e+01	7.120304948000000245e+00
3.495250132999999870e+00	2.890669563100000161e+01	2.361138322300000070e+01	3.495250132999999870e+00	2.129925822799999935e+01	2.517075535200000047e+01	6.755277111999999917e+00
3.632458563999999779e+00	2.968749875800000027e+01	2.325673176600000147e+01	3.632458563999999779e+00	2.326378579500000043e+01	2.654857186999999996e+01	6.402476822999999762e+00
3.775053204999999856e+00	3.043208412199999913e+01	2.288701352200000017e+01	3.775053204999999856e+00	2.413369812399999859e+01	2.538261633700000175e+01	6.062699590000000249e+00
3.923245496999999915e+00	3.114065107900000129e+01	2.250584218699999894e+01	3.923245496999999915e+00	2.470351690200000050e+01	2.683399248899999989e+01	5.736536805000000072e+00
4.077255177999999702e+00	3.181378339500000152e+01	2.211657144899999849e+01	4.077255177999999702e+00	2.689923980000000014e+01	2.586668211699999986e+01	5.424377547999999827e+00
4.237310615000000169e+00	3.245230450900000108e+01	2.172233574199999850e+01	4.237310615000000169e+00	2.682188883899999965e+01	2.428292197200000047e+01	5.126444038999999897e+00
4.403649137000000380e+00	3.305730817300000268e+01	2.132599119200000004e+01	4.403649137000000380e+00	2.739140088999999989e+01	2.472254118900000108e+01	4.842799806999999568e+00
4.576517391000000323e+00	3.363006099100000057e+01	2.093009398899999951e+01	4.576517391000000323e+00	2.675192677200000091e+01	2.407023703300000150e+01	4.573367081999999861e+00
4.756171707000000026e+00	3.417198999200000031e+01	2.053698048100000051e+01	4.756171707000000026e+00	2.639365719999999982e+01	2.545950158599999824e+01	4.317964478000000383e+00
4.942878474999999661e+00	3.468462624899999724e+01	2.014869008100000158e+01	4.942878474999999661e+00	2.753099772499999887e+01	2.670987809300000038e+01	4.076306989999999963e+00
5.136914545999999859e+00	3.516954257100000092e+01	1.976700442799999990e+01	5.136914545999999859e+00	2.880465756399999933e+01	2.655098414900000137e+01	3.848030613000000155e+00
5.338567634000000339e+00	3.562839726499999671e+01	1.939347834200000165e+01	5.338567634000000339e+00	2.917697930900000003e+01	2.611824818099999845e+01	3.632711931999999866e+00
5.548136752999999644e+00	3.606281882700000097e+01	1.902942522500000067e+01	5.548136752999999644e+00	2.924303155799999843e+01	2.701708475499999906e+01	3.429876745000000060e+00
5.765932649999999882e+00	3.647445550900000200e+01	1.867597789699999922e+01	5.765932649999999882e+00	3.045348283899999942e+01	2.874635564300000112e+01	3.239021166000000118e+00
5.992278274000000238e+00	3.686491123599999753e+01	1.833406305800000169e+01	5.992278274000000238e+00	3.306398959500000245e+01	2.923856177800000111e+01	3.059614761000000183e+00
6.227509249999999774e+00	3.723575132300000234e+01	1.800441652900000022e+01	6.227509249999999774e+00	3.452330020000000133e+01	2.789002462999999921e+01	2.891110363000000127e+00
6.471974377999999639e+00	3.758850120299999986e+01	1.768765574000000029e+01	6.471974377999999639e+00	3.472079163400000112e+01	2.766723775999999901e+01	2.732961335000000158e+00
6.726036152999999906e+00	3.792459431700000039e+01	1.738423827200000105e+01	6.726036152999999906e+00	3.557343140300000073e+01	2.828756159299999950e+01	2.584618619000000006e+00
6.990071294999999907e+00	3.824543804300000005e+01	1.709451095700000067e+01	6.990071294999999907e+00	3.718352118300000342e+01	2.829233517500000161e+01	2.445541716999999782e+00
7.264471318000000011e+00	3.855232803999999902e+01	1.681871852900000164e+01	7.264471318000000011e+00	3.794863479400000017e+01	2.816307202300000156e+01	2.315202000999999843e+00
7.549643099999999940e+00	3.884652294200000000e+01	1.655700019900000086e+01	7.549643099999999940e+00	3.972757992599999710e+01	2.859888278300000053e+01	2.193083828999999874e+00
7.846009495999999750e+00	3.912918327900000293e+01	1.630944283499999869e+01	7.846009495999999750e+00	4.223933306499999674e+01	2.714973051500000167e+01	2.078692721999999993e+00
8.154009956999999531e+00	3.940140144699999780e+01	1.607604441000000151e+01	8.154009956999999531e+00	4.234056404100000037e+01	2.501011379599999884e+01	1.971550745000000049e+00
8.474101187000000479e+00	3.966421779299999884e+01	1.585675774199999921e+01	8.474101187000000479e+00	4.130262807100000089e+01	2.471724362999999869e+01	1.871202312999999950e+00
8.806757815999999295e+00	3.991858003299999780e+01	1.565147964700000038e+01	8.806757815999999295e+00	4.107535929299999822e+01	2.538421153199999836e+01	1.777212451000000026e+00
9.152473109000000662e+00	4.016538171900000265e+01	1.546009272799999934e+01	9.152473109000000662e+00	4.234431097200000238e+01	2.622926435899999831e+01	1.689171063000000084e+00
9.511759690999999961e+00	4.040544505100000094e+01	1.528241787600000023e+01	9.511759690999999961e+00	4.401271955299999661e+01	2.598305978799999849e+01	1.606686709000000102e+00
9.885150314000000549e+00	4.063953217299999920e+01	1.511827398500000008e+01	9.885150314000000549e+00	4.510478739199999865e+01	2.523220832899999877e+01	1.529392421999999918e+00
1.027319864000000038e+01	4.086836225100000064e+01	1.496744937200000081e+01	1.027319864000000038e+01	4.581037744700000047e+01	2.452901797899999892e+01	1.456941494000000059e+00
1.067648006900000013e+01	4.109257750300000112e+01	1.482973652799999975e+01	1.067648006900000013e+01	4.630855803400000070e+01	2.427321133899999950e+01	1.389009901000000102e+00
1.109559258500000034e+01	4.131279220799999763e+01	1.470489917499999954e+01	1.109559258500000034e+01	4.711487501999999949e+01	2.387021361000000041e+01	1.325291918000000013e+00
1.153115765000000081e+01	4.152955847599999828e+01	1.459270146000000068e+01	1.153115765000000081e+01	4.747608911999999748e+01	2.307942138399999976e+01	1.265501860999999950e+00
1.198382111799999983e+01	4.174339177499999920e+01	1.449290854999999922e+01	1.198382111799999983e+01	4.769164394399999907e+01	2.283182418999999896e+01	1.209372904000000082e+00
1.245425420099999947e+01	4.195476252899999992e+01	1.440529088399999935e+01	1.245425420099999947e+01	4.842767828499999894e+01	2.293059811399999859e+01	1.156656243999999889e+00
1.294315445500000017e+01	4.216409655900000075e+01	1.432960750400000016e+01	1.294315445500000017e+01	4.899676663000000332e+01	2.233869562099999939e+01	1.107118636000000045e+00
1.345124682199999988e+01	4.237180702100000218e+01	1.426562898299999915e+01	1.345124682199999988e+01	4.916286063700000142e+01	2.188091306500000144e+01	1.060543247000000022e+00
1.397928470299999937e+01	4.257824699300000049e+01	1.421314215399999981e+01	1.397928470299999937e+01	4.941600165599999883e+01	2.211640113700000043e+01	1.016728856999999930e+00
1.452805107100000015e+01	4.278375839600000319e+01	1.417191790899999937e+01	1.452805107100000015e+01	5.000706630500000216e+01	2.207348899599999825e+01	9.754865150000000540e-01
1.509835963699999972e+01	4.298865167900000017e+01	1.414176223900000018e+01	1.509835963699999972e+01	5.080773091100000016e+01	2.218532577899999936e+01	9.366422960000000408e-01
1.569105605600000075e+01	4.319320178600000304e+01	1.412247379799999969e+01	1.569105605600000075e+01	5.180955278799999775e+01	2.220528707700000126e+01	9.000333529999999804e-01
1.630701917700000081e+01	4.339767125000000192e+01	1.411386316299999955e+01	1.630701917700000081e+01	5.292338609699999807e+01	2.127248466600000043e+01	8.655084669999999480e-01
1.694716235199999943e+01	4.360229631499999670e+01	1.411575410300000044e+01	1.694716235199999943e+01	5.284910554300000030e+01	2.051480647900000065e+01	8.329272949999999565e-01
1.761243478400000129e+01	4.380728986300000116e+01	1.412798841699999919e+01	1.761243478400000129e+01	5.313730209300000240e+01	2.036172158100000118e+01	8.021598709999999688e-01
1.830382293899999979e+01	4.401285629200000216e+01	1.415040533600000039e+01	1.830382293899999979e+01	5.333771011599999667e+01	2.010741758600000040e+01	7.730846930000000450e-01
1.902235200899999867e+01	4.421917186400000332e+01	1.418287146900000018e+01	1.902235200899999867e+01	5.377057049599999772e+01	2.028270829799999930e+01	7.455897919999999734e-01
1.976908742799999885e+01	4.442640510799999731e+01	1.422525160700000058e+01	1.976908742799999885e+01	5.454937260900000240e+01	2.029144434099999827e+01	7.195704739999999600e-01
2.054513645600000160e+01	4.463469933500000053e+01	1.427743383600000016e+01	2.054513645600000160e+01	5.527190006499999697e+01	1.969618132000000088e+01	6.949301049999999647e-01
2.135164981899999859e+01	4.484419385500000033e+01	1.433931664200000000e+01	2.135164981899999859e+01	5.609988731800000039e+01	1.950926430399999845e+01	6.715788599999999997e-01
2.218982341499999933e+01	4.505501377200000235e+01	1.441080198100000054e+01	2.218982341499999933e+01	5.626362501199999855e+01	1.913717899399999922e+01	6.494329269999999932e-01
2.306090008700000027e+01	4.526726654699999841e+01	1.449181766300000085e+01	2.306090008700000027e+01	5.667540111999999652e+01	1.820420693399999834e+01	6.284150929999999802e-01
2.396617146899999895e+01	4.548105455799999675e+01	1.458229290200000072e+01	2.396617146899999895e+01	5.706637377900000274e+01	1.779392828499999979e+01	6.084531659999999897e-01
2.490697989699999937e+01	4.569646961600000168e+01	1.468218338900000042e+01	2.490697989699999937e+01	5.675730692700000191e+01	1.780825899599999929e+01	5.894806780000000357e-01
2.588472040299999932e+01	4.591359113699999739e+01	1.479144159700000039e+01	2.588472040299999932e+01	5.713056543700000134e+01	1.761551254100000108e+01	5.714352470000000350e-01
2.690084278000000140e+01	4.613248747299999764e+01	1.491004322500000079e+01	2.690084278000000140e+01	5.751071183100000184e+01	1.767507290500000039e+01	5.542593350000000196e-01
2.795685373499999926e+01	4.635322106999999647e+01	1.503797520100000007e+01	2.795685373499999926e+01	5.780749140999999724e+01	1.749451157300000048e+01	5.378994129999999929e-01
2.905431912099999892e+01	4.657584567600000014e+01	1.517523770799999916e+01	2.905431912099999892e+01	5.848153875599999907e+01	1.744340786300000090e+01	5.223057420000000173e-01
3.019486626100000137e+01	4.680041045400000144e+01	1.532184211300000065e+01	3.019486626100000137e+01	5.902188135800000168e+01	1.714960973799999877e+01	5.074320239999999815e-01
3.138018635699999948e+01	4.702694625899999892e+01	1.547781029999999980e+01	3.138018635699999948e+01	5.925360674299999886e+01	1.644105085200000005e+01	4.932351300000000216e-01
3.261203700299999753e+01	4.725548810800000155e+01	1.564318403999999951e+01	3.261203700299999753e+01	5.934404793400000244e+01	1.609861133300000091e+01	4.796751590000000176e-01
3.389224478799999929e+01	4.748605852099999680e+01	1.581801438299999951e+01	3.389224478799999929e+01	5.938272119300000185e+01	1.627189811999999947e+01	4.667148629999999798e-01
3.522270800300000104e+01	4.771866812999999752e+01	1.600236521200000084e+01	3.522270800300000104e+01	5.996586553899999927e+01	1.605921178299999852e+01	4.543195600000000112e-01
3.660539946000000100e+01	4.795332502499999805e+01	1.619631410199999877e+01	3.660539946000000100e+01	6.044484690200000188e+01	1.564818284799999937e+01	4.424569689999999778e-01
3.804236941500000313e+01	4.819003388299999813e+01	1.639995599999999953e+01	3.804236941500000313e+01	6.023163266699999951e+01	1.497101523799999967e+01	4.310971230000000265e-01
3.953574860700000215e+01	4.842878370199999694e+01	1.661339279599999941e+01	3.953574860700000215e+01	5.993652553700000141e+01	1.481044624299999946e+01	4.202119189999999893e-01
4.108775141899999994e+01	4.866955943899999681e+01	1.683674594800000079e+01	4.108775141899999994e+01	5.978880277599999715e+01	1.510224542699999972e+01	4.097753069999999775e-01
4.270067916200000013e+01	4.891233840700000002e+01	1.707014936599999899e+01	4.270067916200000013e+01	5.996602256999999980e+01	1.551950816499999952e+01	3.997629480000000068e-01
4.437692348400000242e+01	4.915709081899999688e+01	1.731375321799999867e+01	4.437692348400000242e+01	6.033535599599999699e+01	1.570161263800000029e+01	3.901521749999999900e-01
4.611896992199999801e+01	4.940377921900000047e+01	1.756771574300000083e+01	4.611896992199999801e+01	6.105627558999999849e+01	1.556821139500000051e+01	3.809216850000000099e-01
4.792940158300000064e+01	4.965235403500000189e+01	1.783221949500000036e+01	4.792940158300000064e+01	6.106526158199999799e+01	1.562994182799999976e+01	3.720517870000000227e-01
4.981090297499999764e+01	4.990276217699999961e+01	1.810745594799999836e+01	4.981090297499999764e+01	6.153819327000000072e+01	1.534411223100000043e+01	3.635239450000000150e-01
5.176626398799999862e+01	5.015493374100000068e+01	1.839363483400000021e+01	5.176626398799999862e+01	6.175426211700000323e+01	1.521837250199999936e+01	3.553208869999999742e-01
5.379838403400000146e+01	5.040879905799999960e+01	1.869098148100000145e+01	5.379838403400000146e+01	6.169861407700000200e+01	1.518279254700000003e+01	3.474264479999999988e-01
5.591027634099999943e+01	5.066427039900000295e+01	1.899973561399999866e+01	5.591027634099999943e+01	6.203291024800000031e+01	1.544364219000000027e+01	3.398254640000000215e-01
5.810507242199999922e+01	5.092125030500000094e+01	1.932015941599999920e+01	5.810507242199999922e+01	6.235472588199999677e+01	1.515027990499999966e+01	3.325038350000000253e-01
6.038602672199999688e+01	5.117963552799999860e+01	1.965252685500000140e+01	6.038602672199999688e+01	6.250890823699999999e+01	1.515146859200000051e+01	3.254482519999999934e-01
6.275652144000000021e+01	5.143930450300000246e+01	1.999713557600000158e+01	6.275652144000000021e+01	6.259688024999999811e+01	1.494108003800000084e+01	3.186463350000000028e-01
6.522007154800000706e+01	5.170012616000000349e+01	2.035429587899999859e+01	6.522007154800000706e+01	6.281585195099999908e+01	1.478764911300000051e+01	3.120863779999999976e-01
6.778032999799999914e+01	5.196195482400000287e+01	2.072434113199999928e+01	6.778032999799999914e+01	6.226103789900000152e+01	1.489838340999999922e+01	3.057574539999999841e-01
7.044109314199999972e+01	5.222463106600000060e+01	2.110762487299999890e+01	7.044109314199999972e+01	6.267693294800000103e+01	1.528106660999999988e+01	2.996493089999999748e-01
7.320630635999999924e+01	5.248797906000000069e+01	2.150452125600000031e+01	7.320630635999999924e+01	6.276766384599999782e+01	1.546116825000000006e+01	2.937523049999999913e-01
7.608006991099999539e+01	5.275180851900000079e+01	2.191542301400000170e+01	7.608006991099999539e+01	6.317258960400000234e+01	1.547050704199999949e+01	2.880573459999999919e-01
7.906664501299999870e+01	5.301590762899999731e+01	2.234075014700000139e+01	7.906664501299999870e+01	6.330252016600000076e+01	1.547232426799999949e+01	2.825559389999999782e-01
8.217046016099999406e+01	5.328005157199999786e+01	2.278094209500000034e+01	8.217046016099999406e+01	6.340886476099999669e+01	1.558134163499999936e+01	2.772400449999999905e-01
8.539611769200000424e+01	5.354399157499999973e+01	2.323646226800000036e+01	8.539611769200000424e+01	6.346217657799999756e+01	1.555866740599999964e+01	2.721020920000000176e-01
8.874840061199999752e+01	5.380745693000000074e+01	2.370780332000000001e+01	8.874840061199999752e+01	6.367470537999999891e+01	1.547939910500000060e+01	2.671349920000000155e-01
9.223227968800000554e+01	5.407015771199999676e+01	2.419547840199999911e+01	9.223227968800000554e+01	6.308656314099999918e+01	1.557836668300000049e+01	2.623320000000000096e-01
9.585292081599999392e+01	5.433177538199999645e+01	2.470003325900000135e+01	9.585292081599999392e+01	6.315812894399999777e+01	1.605027044799999913e+01	2.576868090000000167e-01
9.961569268399999544e+01	5.459196893699999720e+01	2.522204025599999966e+01	9.961569268399999544e+01	6.306659945100000186e+01	1.658873917100000028e+01	2.531934430000000180e-01
1.035261747309999976e+02	5.485036634400000111e+01	2.576209854700000079e+01	1.035261747309999976e+02	6.337815107899999845e+01	1.685613390199999984e+01	2.488462330000000000e-01
1.075901654219999983e+02	5.510656826700000011e+01	2.632084263699999838e+01	1.075901654219999983e+02	6.338315624199999831e+01	1.710736454499999937e+01	2.446398569999999884e-01
1.118136908430000034e+02	5.536013823599999739e+01	2.689893799900000104e+01	1.118136908430000034e+02	6.345856610799999942e+01	1.729939045300000089e+01	2.405692700000000017e-01
1.162030136390000052e+02	5.561061084600000015e+01	2.749708253200000030e+01	1.162030136390000052e+02	6.341405851500000068e+01	1.774991599000000164e+01	2.366296850000000063e-01
1.207646422979999983e+02	5.585748112099999929e+01	2.811601149199999838e+01	1.207646422979999983e+02	6.342574358099999898e+01	1.816125543600000114e+01	2.328165839999999931e-01
1.255053408060000066e+02	5.610020171800000099e+01	2.875649768299999920e+01	1.255053408060000066e+02	6.350818220899999744e+01	1.863024512300000168e+01	2.291256889999999935e-01
1.304321386720000078e+02	5.633818661299999775e+01	2.941935001699999930e+01	1.304321386720000078e+02	6.368219680400000016e+01	1.893598963699999871e+01	2.255529219999999890e-01
1.355523413520000133e+02	5.657080164500000308e+01	3.010541991699999897e+01	1.355523413520000133e+02	6.377598731700000201e+01	1.924955188099999859e+01	2.220944290000000099e-01
1.408735410859999888e+02	5.679736392200000239e+01	3.081560270499999987e+01	1.408735410859999888e+02	6.368376593899999705e+01	1.964376129200000065e+01	2.187465610000000060e-01
1.464036281490000135e+02	5.701713556100000346e+01	3.155083653699999857e+01	1.464036281490000135e+02	6.345448303199999884e+01	2.004925527099999982e+01	2.155058380000000051e-01
