3.162278000000000137e-03	3.145700000000000053e-05	4.013963300000000095e-02	3.162278000000000137e-03	-5.700946999999999959e-02	3.741625500000000243e-02	1.269326642899999946e+01
3.286414999999999996e-03	3.068299999999999744e-05	4.171504899999999710e-02	3.286414999999999996e-03	-5.728957199999999694e-02	3.911938999999999694e-02	1.269317743100000051e+01
3.415425000000000145e-03	2.983800000000000129e-05	4.335227500000000261e-02	3.415425000000000145e-03	-5.757763400000000253e-02	4.091412600000000205e-02	1.269308173099999948e+01
3.549500000000000138e-03	2.891500000000000014e-05	4.505373299999999859e-02	3.549500000000000138e-03	-5.787209799999999682e-02	4.280629400000000168e-02	1.269297886000000020e+01
3.688837999999999839e-03	2.790600000000000014e-05	4.682193999999999939e-02	3.688837999999999839e-03	-5.817096599999999756e-02	4.480207099999999887e-02	1.269286832499999917e+01
3.833646000000000015e-03	2.680199999999999851e-05	4.865951200000000199e-02	3.833646000000000015e-03	-5.847172500000000217e-02	4.690798100000000137e-02	1.269274960399999941e+01
3.984139000000000257e-03	2.559399999999999924e-05	5.056916699999999820e-02	3.984139000000000257e-03	-5.877126399999999667e-02	4.913088300000000019e-02	1.269262214799999988e+01
4.140539000000000372e-03	2.426999999999999972e-05	5.255372800000000094e-02	4.140539000000000372e-03	-5.906577999999999828e-02	5.147795799999999727e-02	1.269248538099999912e+01
4.303078000000000111e-03	2.281800000000000074e-05	5.461612899999999937e-02	4.303078000000000111e-03	-5.935066399999999742e-02	5.395667299999999666e-02	1.269233870000000053e+01
4.471998999999999939e-03	2.122399999999999873e-05	5.675941999999999793e-02	4.471998999999999939e-03	-5.962039100000000175e-02	5.657474400000000320e-02	1.269218147700000010e+01
4.647550000000000292e-03	1.947300000000000143e-05	5.898676700000000245e-02	4.647550000000000292e-03	-5.986838199999999777e-02	5.934007100000000118e-02	1.269201305800000057e+01
4.829993000000000307e-03	1.754900000000000088e-05	6.130146200000000101e-02	4.829993000000000307e-03	-6.008686299999999730e-02	6.226065499999999808e-02	1.269183276599999921e+01
5.019598000000000115e-03	1.543099999999999846e-05	6.370692399999999811e-02	5.019598000000000115e-03	-6.026671100000000059e-02	6.534448900000000560e-02	1.269163990500000061e+01
5.216644999999999789e-03	1.309800000000000063e-05	6.620670800000000300e-02	5.216644999999999789e-03	-6.039727999999999764e-02	6.859941699999999587e-02	1.269143376000000067e+01
5.421427999999999837e-03	1.052600000000000053e-05	6.880450400000000244e-02	5.421427999999999837e-03	-6.046623200000000170e-02	7.203294999999999837e-02	1.269121360499999973e+01
5.634250000000000369e-03	7.689000000000000413e-06	7.150414800000000348e-02	5.634250000000000369e-03	-6.045934399999999820e-02	7.565204200000000268e-02	1.269097870200000067e+01
5.855426000000000381e-03	4.554999999999999587e-06	7.430962600000000362e-02	5.855426000000000381e-03	-6.036032300000000045e-02	7.946281199999999378e-02	1.269072831599999951e+01
6.085285000000000173e-03	1.091000000000000015e-06	7.722507900000000203e-02	6.085285000000000173e-03	-6.015061800000000292e-02	8.347019399999999756e-02	1.269046171499999964e+01
6.324167000000000330e-03	-2.741000000000000099e-06	8.025480899999999640e-02	6.324167000000000330e-03	-5.980923999999999963e-02	8.767751999999999490e-02	1.269017818300000044e+01
6.572426999999999610e-03	-6.985000000000000039e-06	8.340328700000000650e-02	6.572426999999999610e-03	-5.931260499999999741e-02	9.208601600000000664e-02	1.268987702999999989e+01
6.830431999999999997e-03	-1.168800000000000058e-05	8.667515800000000215e-02	6.830431999999999997e-03	-5.863440300000000160e-02	9.669419199999999825e-02	1.268955760499999919e+01
7.098565000000000257e-03	-1.690399999999999943e-05	9.007524899999999612e-02	7.098565000000000257e-03	-5.774552399999999946e-02	1.014971229999999947e-01	1.268921930900000028e+01
7.377223999999999934e-03	-2.269399999999999990e-05	9.360857599999999890e-02	7.377223999999999934e-03	-5.661405399999999699e-02	1.064856019999999986e-01	1.268886161400000034e+01
7.666822000000000220e-03	-2.912499999999999982e-05	9.728035000000000154e-02	7.666822000000000220e-03	-5.520537500000000097e-02	1.116451410000000033e-01	1.268848408200000044e+01
7.967787999999999954e-03	-3.627300000000000321e-05	1.010959879999999977e-01	7.967787999999999954e-03	-5.348241299999999948e-02	1.169548200000000010e-01	1.268808638400000000e+01
8.280568999999999777e-03	-4.422100000000000233e-05	1.050611179999999950e-01	8.280568999999999777e-03	-5.140607099999999763e-02	1.223859679999999978e-01	1.268766832800000088e+01
8.605629000000000056e-03	-5.306500000000000100e-05	1.091815909999999945e-01	8.605629000000000056e-03	-4.893592199999999975e-02	1.279006550000000020e-01	1.268722988300000054e+01
8.943448999999999149e-03	-6.290900000000000365e-05	1.134634870000000018e-01	8.943448999999999149e-03	-4.603123299999999779e-02	1.334500200000000025e-01	1.268677120899999977e+01
9.294530000000000500e-03	-7.386999999999999578e-05	1.179131259999999931e-01	9.294530000000000500e-03	-4.265242999999999812e-02	1.389724240000000111e-01	1.268629268699999990e+01
9.659393000000000493e-03	-8.607799999999999816e-05	1.225370779999999937e-01	9.659393000000000493e-03	-3.876309599999999689e-02	1.443914789999999893e-01	1.268579495600000051e+01
1.003857900000000060e-02	-9.967399999999999470e-05	1.273421750000000019e-01	1.003857900000000060e-02	-3.433268600000000115e-02	1.496140079999999928e-01	1.268527894099999997e+01
1.043264999999999991e-02	-1.148179999999999974e-04	1.323355180000000131e-01	1.043264999999999991e-02	-2.934008600000000133e-02	1.545280509999999996e-01	1.268474589600000080e+01
1.084219099999999929e-02	-1.316819999999999905e-04	1.375244919999999982e-01	1.084219099999999929e-02	-2.377824099999999857e-02	1.590010789999999896e-01	1.268419743199999949e+01
1.126780900000000016e-02	-1.504590000000000040e-04	1.429167789999999938e-01	1.126780900000000016e-02	-1.766002800000000122e-02	1.628786909999999921e-01	1.268363555400000031e+01
1.171013400000000051e-02	-1.713549999999999882e-04	1.485203659999999870e-01	1.171013400000000051e-02	-1.102558499999999921e-02	1.659841649999999891e-01	1.268306268999999986e+01
1.216982399999999923e-02	-1.945980000000000095e-04	1.543435639999999887e-01	1.216982399999999923e-02	-3.951254000000000398e-03	1.681193950000000048e-01	1.268248171599999985e+01
1.264755799999999972e-02	-2.204329999999999950e-04	1.603950180000000003e-01	1.264755799999999972e-02	3.439844000000000061e-03	1.690679469999999962e-01	1.268189597099999943e+01
1.314404700000000072e-02	-2.491249999999999975e-04	1.666837230000000059e-01	1.314404700000000072e-02	1.096571099999999951e-02	1.686011570000000015e-01	1.268130926599999952e+01
1.366002499999999925e-02	-2.809579999999999890e-04	1.732190369999999924e-01	1.366002499999999925e-02	1.837236399999999867e-02	1.664884120000000023e-01	1.268072587900000059e+01
1.419625899999999927e-02	-3.162339999999999813e-04	1.800107009999999952e-01	1.419625899999999927e-02	2.532070999999999975e-02	1.625129140000000083e-01	1.268015052700000034e+01
1.475354299999999917e-02	-3.552760000000000184e-04	1.870688490000000093e-01	1.475354299999999917e-02	3.137510400000000088e-02	1.564941609999999927e-01	1.267958832699999938e+01
1.533270299999999961e-02	-3.984220000000000014e-04	1.944040300000000054e-01	1.533270299999999961e-02	3.599624299999999721e-02	1.483180910000000130e-01	1.267904473199999948e+01
1.593459900000000068e-02	-4.460280000000000061e-04	2.020272180000000084e-01	1.593459900000000068e-02	3.854200700000000313e-02	1.379749339999999935e-01	1.267852543300000079e+01
1.656012299999999951e-02	-4.984650000000000192e-04	2.099498330000000024e-01	1.656012299999999951e-02	3.828072899999999945e-02	1.256033129999999942e-01	1.267803624599999957e+01
1.721020100000000136e-02	-5.561169999999999612e-04	2.181837560000000065e-01	1.721020100000000136e-02	3.442158099999999971e-02	1.115367460000000061e-01	1.267758296400000084e+01
1.788580000000000031e-02	-6.193820000000000272e-04	2.267413440000000113e-01	1.788580000000000031e-02	2.616578300000000148e-02	9.634582899999999395e-02	1.267717118300000045e+01
1.858791900000000136e-02	-6.886680000000000275e-04	2.356354439999999995e-01	1.858791900000000136e-02	1.277951400000000050e-02	8.086646799999999691e-02	1.267680610899999927e+01
1.931760000000000074e-02	-7.643980000000000089e-04	2.448794129999999902e-01	1.931760000000000074e-02	-6.315448999999999889e-03	6.620296000000000514e-02	1.267649234499999977e+01
2.007592600000000088e-02	-8.470049999999999584e-04	2.544871289999999786e-01	2.007592600000000088e-02	-3.144367299999999837e-02	5.369587299999999813e-02	1.267623368599999978e+01
2.086402000000000048e-02	-9.369410000000000542e-04	2.644730060000000105e-01	2.086402000000000048e-02	-6.258686099999999364e-02	4.484981500000000121e-02	1.267603291900000073e+01
2.168305200000000127e-02	-1.034678999999999937e-03	2.748520119999999789e-01	2.168305200000000127e-02	-9.932263400000000686e-02	4.122513099999999819e-02	1.267589166099999964e+01
2.253423400000000021e-02	-1.140724000000000078e-03	2.856396809999999786e-01	2.253423400000000021e-02	-1.408076759999999927e-01	4.430806000000000328e-02	1.267581025900000036e+01
2.341883100000000106e-02	-1.255620999999999951e-03	2.968521350000000170e-01	2.341883100000000106e-02	-1.858124810000000016e-01	5.538204000000000043e-02	1.267578777800000012e+01
2.433815300000000126e-02	-1.379973999999999958e-03	3.085061040000000032e-01	2.433815300000000126e-02	-2.328017980000000042e-01	7.542466100000000395e-02	1.267582210900000028e+01
2.529356400000000102e-02	-1.514460999999999932e-03	3.206189500000000137e-01	2.529356400000000102e-02	-2.800422630000000135e-01	1.050485280000000021e-01	1.267591021099999971e+01
2.628648000000000096e-02	-1.659855000000000011e-03	3.332087020000000233e-01	2.628648000000000096e-02	-3.257115890000000236e-01	1.444919100000000012e-01	1.267604852300000040e+01
2.731837399999999944e-02	-1.817044000000000081e-03	3.462940910000000261e-01	2.731837399999999944e-02	-3.679843079999999822e-01	1.936509859999999972e-01	1.267623352799999914e+01
2.839077599999999951e-02	-1.987053999999999817e-03	3.598946020000000079e-01	2.839077599999999951e-02	-4.050763330000000106e-01	2.521341670000000201e-01	1.267646246099999985e+01
2.950527500000000095e-02	-2.171058000000000016e-03	3.740305250000000026e-01	2.950527500000000095e-02	-4.352411440000000242e-01	3.193125980000000030e-01	1.267673410699999970e+01
3.066352500000000050e-02	-2.370388000000000182e-03	3.887230230000000009e-01	3.066352500000000050e-02	-4.567211549999999898e-01	3.943384799999999912e-01	1.267704961099999927e+01
3.186724199999999702e-02	-2.586530000000000079e-03	4.039941969999999993e-01	3.186724199999999702e-02	-4.676682659999999991e-01	4.761013040000000029e-01	1.267741317499999987e+01
3.311821300000000051e-02	-2.821101999999999811e-03	4.198671520000000212e-01	3.311821300000000051e-02	-4.660612230000000245e-01	5.630887620000000204e-01	1.267783251600000050e+01
3.441829099999999669e-02	-3.075830999999999791e-03	4.363660659999999969e-01	3.441829099999999669e-02	-4.496727600000000047e-01	6.531148930000000297e-01	1.267831892799999949e+01
3.576940399999999770e-02	-3.352500999999999919e-03	4.535162269999999940e-01	3.576940399999999770e-02	-4.161897150000000156e-01	7.428838970000000153e-01	1.267888682999999972e+01
3.717355700000000290e-02	-3.652910000000000098e-03	4.713440700000000039e-01	3.717355700000000290e-02	-3.636764109999999772e-01	8.274088109999999663e-01	1.267955273199999944e+01
3.863282999999999995e-02	-3.978830000000000040e-03	4.898771740000000263e-01	3.863282999999999995e-02	-2.916741190000000095e-01	8.994780239999999871e-01	1.268033366899999947e+01
4.014938800000000113e-02	-4.331980000000000032e-03	5.091442379999999712e-01	4.014938800000000113e-02	-2.031996660000000010e-01	9.497674299999999681e-01	1.268124529700000025e+01
4.172548000000000229e-02	-4.714050000000000011e-03	5.291750509999999519e-01	4.172548000000000229e-02	-1.073327929999999958e-01	9.687691910000000295e-01	1.268229999999999968e+01
4.336344200000000204e-02	-5.126757000000000015e-03	5.500004539999999720e-01	4.336344200000000204e-02	-2.050541700000000148e-02	9.516430780000000311e-01	1.268350551300000006e+01
4.506570299999999862e-02	-5.571966999999999719e-03	5.716523439999999789e-01	4.506570299999999862e-02	3.700084900000000232e-02	9.046675840000000246e-01	1.268486457500000064e+01
4.683478800000000219e-02	-6.051838999999999830e-03	5.941637379999999968e-01	4.683478800000000219e-02	5.058270200000000022e-02	8.475695309999999871e-01	1.268637606000000062e+01
4.867331999999999909e-02	-6.568973999999999994e-03	6.175689159999999678e-01	4.867331999999999909e-02	2.061430599999999891e-02	8.064769160000000436e-01	1.268803765800000072e+01
5.058402399999999827e-02	-7.126513999999999592e-03	6.419036679999999828e-01	5.058402399999999827e-02	-3.743059499999999706e-02	8.018012420000000251e-01	1.268984972800000044e+01
5.256973499999999938e-02	-7.728127000000000434e-03	6.672055740000000235e-01	5.256973499999999938e-02	-1.014303939999999932e-01	8.414147749999999482e-01	1.269181928399999926e+01
5.463339600000000074e-02	-8.377864999999999965e-03	6.935142850000000081e-01	5.463339600000000074e-02	-1.507949219999999979e-01	9.221524620000000061e-01	1.269396268100000036e+01
5.677806700000000151e-02	-9.079887000000000027e-03	7.208716840000000126e-01	5.677806700000000151e-02	-1.693428750000000038e-01	1.034177080000000082e+00	1.269630552599999973e+01
5.900692899999999963e-02	-9.838156000000000678e-03	7.493218510000000387e-01	5.900692899999999963e-02	-1.448266779999999865e-01	1.162999579000000061e+00	1.269887906599999994e+01
6.132328599999999769e-02	-1.065625100000000026e-02	7.789108240000000016e-01	6.132328599999999769e-02	-6.961182500000000217e-02	1.288239176999999902e+00	1.270171374499999928e+01
6.373057299999999870e-02	-1.153744599999999981e-02	8.096862529999999669e-01	6.373057299999999870e-02	5.352643900000000204e-02	1.382614626999999929e+00	1.270483237800000076e+01
6.623236100000000348e-02	-1.248511400000000028e-02	8.416971690000000228e-01	6.623236100000000348e-02	2.014563769999999920e-01	1.419792520999999974e+00	1.270824656599999969e+01
6.883235699999999679e-02	-1.350335400000000040e-02	8.749941300000000366e-01	6.883235699999999679e-02	3.318162379999999856e-01	1.396834155999999938e+00	1.271195940600000007e+01
7.153441800000000239e-02	-1.459747200000000023e-02	9.096298529999999882e-01	7.153441800000000239e-02	4.136309320000000067e-01	1.349149925999999944e+00	1.271597468500000083e+01
7.434255100000000671e-02	-1.577395900000000059e-02	9.456601690000000504e-01	7.434255100000000671e-02	4.614238780000000095e-01	1.323252357999999962e+00	1.272030834000000077e+01
7.726091799999999787e-02	-1.703976399999999891e-02	9.831447770000000252e-01	7.726091799999999787e-02	5.258816549999999479e-01	1.330466675000000043e+00	1.272499470500000029e+01
8.029384900000000047e-02	-1.840120699999999929e-02	1.022147220999999995e+00	8.029384900000000047e-02	6.527913709999999536e-01	1.326602153000000062e+00	1.273008132300000028e+01
8.344583799999999441e-02	-1.986334600000000047e-02	1.062733941000000071e+00	8.344583799999999441e-02	8.301198520000000469e-01	1.221059160999999893e+00	1.273561344200000001e+01
8.672156200000000204e-02	-2.143056499999999864e-02	1.104973098999999959e+00	8.672156200000000204e-02	9.325562880000000110e-01	9.537903639999999461e-01	1.274161900800000069e+01
9.012587599999999366e-02	-2.310823099999999991e-02	1.148934447000000025e+00	9.012587599999999366e-02	8.093323350000000138e-01	6.412568669999999527e-01	1.274810853199999983e+01
9.366382900000000400e-02	-2.490403100000000008e-02	1.194690951999999973e+00	9.366382900000000400e-02	5.122109590000000212e-01	4.856663319999999784e-01	1.275509413600000030e+01
9.734066600000000624e-02	-2.682730800000000110e-02	1.242321204000000012e+00	9.734066600000000624e-02	2.139896850000000128e-01	5.239667359999999885e-01	1.276261249899999939e+01
1.011618410000000023e-01	-2.888644199999999829e-02	1.291910179999999908e+00	1.011618410000000023e-01	5.841467999999999834e-03	6.743615939999999531e-01	1.277072632500000005e+01
1.051330179999999948e-01	-3.108694999999999861e-02	1.343547073999999952e+00	1.051330179999999948e-01	-1.025586089999999950e-01	8.574284079999999753e-01	1.277949689799999966e+01
1.092600860000000063e-01	-3.343315699999999807e-02	1.397322489000000001e+00	1.092600860000000063e-01	-1.371851880000000135e-01	1.020385797000000094e+00	1.278895650099999948e+01
1.135491649999999936e-01	-3.593211899999999848e-02	1.453329349000000104e+00	1.135491649999999936e-01	-1.441083770000000097e-01	1.141813171999999987e+00	1.279911960399999948e+01
1.180066149999999953e-01	-3.859424599999999872e-02	1.511667794000000065e+00	1.180066149999999953e-01	-1.630741500000000010e-01	1.243333103000000106e+00	1.281002585000000060e+01
1.226390460000000016e-01	-4.142829399999999745e-02	1.572447651999999918e+00	1.226390460000000016e-01	-1.905658020000000064e-01	1.365086886000000055e+00	1.282175381000000058e+01
1.274533250000000062e-01	-4.443762300000000248e-02	1.635783771000000053e+00	1.274533250000000062e-01	-1.880691389999999963e-01	1.518698005999999934e+00	1.283437499899999956e+01
1.324565930000000114e-01	-4.762506200000000273e-02	1.701791386000000017e+00	1.324565930000000114e-01	-1.206849890000000064e-01	1.673553222000000007e+00	1.284791759700000036e+01
1.376562669999999988e-01	-5.099897800000000037e-02	1.770591615999999924e+00	1.376562669999999988e-01	9.068895999999999902e-03	1.770688494000000057e+00	1.286241200699999965e+01
1.430600569999999905e-01	-5.456751900000000183e-02	1.842319239999999914e+00	1.430600569999999905e-01	1.382654510000000114e-01	1.769714934000000017e+00	1.287794283400000062e+01
1.486759779999999864e-01	-5.833002500000000062e-02	1.917116626000000101e+00	1.486759779999999864e-01	1.984486149999999949e-01	1.713529493000000015e+00	1.289459573499999934e+01
1.545123549999999901e-01	-6.228484499999999841e-02	1.995125255000000042e+00	1.545123549999999901e-01	2.158608710000000097e-01	1.663526394000000019e+00	1.291239953200000024e+01
1.605778429999999979e-01	-6.643768099999999843e-02	2.076496695999999975e+00	1.605778429999999979e-01	2.313336370000000086e-01	1.573713635999999916e+00	1.293140238099999983e+01
1.668814349999999946e-01	-7.078747800000000090e-02	2.161400137000000221e+00	1.668814349999999946e-01	1.452206139999999979e-01	1.396022337000000002e+00	1.295171108499999946e+01
1.734324800000000000e-01	-7.532262800000000258e-02	2.250005708000000215e+00	1.734324800000000000e-01	-1.280131429999999959e-01	1.266678589000000077e+00	1.297338137500000066e+01
1.802406910000000084e-01	-8.003989100000000190e-02	2.342488073000000171e+00	1.802406910000000084e-01	-4.841904300000000050e-01	1.296069179000000071e+00	1.299644417000000018e+01
1.873161620000000083e-01	-8.493158000000000651e-02	2.439045169999999985e+00	1.873161620000000083e-01	-8.362480159999999829e-01	1.457547410000000099e+00	1.302100760100000088e+01
1.946693859999999998e-01	-8.997386999999999746e-02	2.539876753000000154e+00	1.946693859999999998e-01	-1.164444293999999935e+00	1.722713339000000010e+00	1.304712983800000003e+01
2.023112659999999896e-01	-9.515320600000000406e-02	2.645188228999999946e+00	2.023112659999999896e-01	-1.461709369999999897e+00	2.081016936000000150e+00	1.307484395800000065e+01
2.102531320000000092e-01	-1.004439089999999979e-01	2.755212032999999838e+00	2.102531320000000092e-01	-1.740925695000000051e+00	2.543957244000000006e+00	1.310426151599999933e+01
2.185067629999999927e-01	-1.058073459999999966e-01	2.870175016000000134e+00	2.185067629999999927e-01	-1.992060541000000073e+00	3.217637287000000068e+00	1.313540587500000001e+01
2.270843949999999944e-01	-1.112145630000000024e-01	2.990326136000000190e+00	2.270843949999999944e-01	-1.941365808000000026e+00	4.269775358999999604e+00	1.316834710900000083e+01
2.359987480000000082e-01	-1.166075429999999941e-01	3.115927408000000121e+00	2.359987480000000082e-01	-9.498066520000000290e-01	5.259167677999999846e+00	1.320315228099999949e+01
2.452630399999999877e-01	-1.219383799999999990e-01	3.247243152999999882e+00	2.452630399999999877e-01	3.085280630000000190e-01	4.927666809999999842e+00	1.323983896100000024e+01
2.548910079999999745e-01	-1.271337200000000056e-01	3.384568143000000084e+00	2.548910079999999745e-01	3.981483710000000009e-01	4.268658990999999681e+00	1.327849172500000030e+01
2.648969290000000032e-01	-1.321193200000000123e-01	3.528189261000000077e+00	2.648969290000000032e-01	2.590062120000000134e-01	4.218910895999999688e+00	1.331910217799999963e+01
2.752956389999999809e-01	-1.368000789999999911e-01	3.678430033999999793e+00	2.752956389999999809e-01	3.159026979999999818e-01	4.334109373000000431e+00	1.336174467800000087e+01
2.861025569999999796e-01	-1.410742869999999927e-01	3.835604293999999914e+00	2.861025569999999796e-01	6.173073119999999969e-01	4.240136309999999575e+00	1.340639641799999993e+01
2.973337079999999744e-01	-1.448142319999999872e-01	4.000062168000000362e+00	2.973337079999999744e-01	4.357587789999999850e-01	3.848377328999999847e+00	1.345310692400000008e+01
3.090057460000000256e-01	-1.478896980000000139e-01	4.172148574999999582e+00	3.090057460000000256e-01	-3.317260100000000295e-02	3.867810614000000147e+00	1.350184787699999944e+01
3.211359779999999886e-01	-1.501312629999999870e-01	4.352234228000000371e+00	3.211359779999999886e-01	-4.442436819999999731e-01	4.331606372999999621e+00	1.355262111000000047e+01
3.337423899999999999e-01	-1.513706439999999986e-01	4.540702855000000149e+00	3.337423899999999999e-01	-3.008243039999999868e-01	5.016220167000000174e+00	1.360541242500000081e+01
3.468436750000000179e-01	-1.514000899999999872e-01	4.737939781999999767e+00	3.468436750000000179e-01	3.810611449999999900e-01	5.087001962999999627e+00	1.366015909300000075e+01
3.604592600000000036e-01	-1.499897319999999867e-01	4.944361458999999570e+00	3.604592600000000036e-01	2.048295189999999877e-01	4.471279310999999979e+00	1.371683849399999922e+01
3.746093349999999877e-01	-1.468938340000000009e-01	5.160385784999999892e+00	3.746093349999999877e-01	-6.214288350000000127e-01	4.494308728000000031e+00	1.377537958799999984e+01
3.893148799999999743e-01	-1.418246519999999955e-01	5.386438466999999619e+00	3.893148799999999743e-01	-1.360922087000000058e+00	5.329265797999999776e+00	1.383568607700000008e+01
4.045977020000000035e-01	-1.344624729999999990e-01	5.622966897999999603e+00	4.045977020000000035e-01	-1.306009855000000108e+00	6.824929938999999557e+00	1.389767385100000041e+01
4.204804610000000276e-01	-1.244608390000000037e-01	5.870427352000000099e+00	4.204804610000000276e-01	6.651846999999999795e-03	7.296331560999999688e+00	1.396123696699999961e+01
4.369867080000000015e-01	-1.114348760000000021e-01	6.129279484999999639e+00	4.369867080000000015e-01	1.452700510000000111e-01	6.732207415999999611e+00	1.402623779600000020e+01
4.541409200000000035e-01	-9.495554200000000389e-02	6.399990665999999884e+00	4.541409200000000035e-01	-2.441297659999999980e-01	7.055235361000000260e+00	1.409252146899999936e+01
4.719685319999999962e-01	-7.454981199999999308e-02	6.683036329000000109e+00	4.719685319999999962e-01	-1.583546469999999873e-01	7.701980752999999957e+00	1.415991930899999929e+01
4.904959790000000264e-01	-4.969900599999999696e-02	6.978896284000000172e+00	4.904959790000000264e-01	-1.076050050000000036e-01	8.251248650000000850e+00	1.422824362000000065e+01
5.097507340000000386e-01	-1.983479800000000071e-02	7.288051034999999622e+00	5.097507340000000386e-01	4.423456820000000178e-01	9.595007915000000054e+00	1.429728405200000019e+01
5.297613469999999936e-01	1.566515900000000142e-02	7.610978768999999922e+00	5.297613469999999936e-01	2.856914440000000166e+00	9.369521547999999811e+00	1.436680651300000022e+01
5.505574899999999827e-01	5.748133400000000198e-02	7.948152065999999571e+00	5.505574899999999827e-01	2.691923677000000126e+00	7.337330679999999994e+00	1.443655241399999944e+01
5.721700010000000391e-01	1.063562869999999938e-01	8.300033660000000424e+00	5.721700010000000391e-01	1.467182959999999925e+00	6.829175035999999643e+00	1.450623704700000083e+01
5.946309250000000324e-01	1.630981410000000020e-01	8.667071026000000344e+00	5.946309250000000324e-01	1.942180480000000042e-01	7.090294634000000151e+00	1.457554705899999981e+01
6.179735680000000286e-01	2.285827199999999892e-01	9.049690887000000572e+00	6.179735680000000286e-01	-1.109888554999999943e+00	8.272777049000000105e+00	1.464413910100000038e+01
6.422325420000000173e-01	3.037563209999999958e-01	9.448296488000000437e+00	6.422325420000000173e-01	-1.526509982000000099e+00	1.068865945199999956e+01	1.471164394000000009e+01
6.674438190000000493e-01	3.896467639999999788e-01	9.863263433000000191e+00	6.674438190000000493e-01	4.777744010000000152e-01	1.258924871800000034e+01	1.477766839400000087e+01
6.936447820000000153e-01	4.873720449999999760e-01	1.029491615499999924e+01	6.936447820000000153e-01	1.578651127999999959e+00	1.206147674400000014e+01	1.484176976300000028e+01
7.208742820000000329e-01	5.981134190000000350e-01	1.074351662699999999e+01	7.208742820000000329e-01	1.484412870999999967e+00	1.296632488700000074e+01	1.490345389900000050e+01
7.491726939999999724e-01	7.231390720000000494e-01	1.120929918500000078e+01	7.491726939999999724e-01	3.722452976000000024e+00	1.431736790499999934e+01	1.496223670900000080e+01
7.785819800000000068e-01	8.638325949999999809e-01	1.169238829200000040e+01	7.785819800000000068e-01	5.540214086999999843e+00	1.213411978000000069e+01	1.501754291099999961e+01
8.091457469999999708e-01	1.021614492000000096e+00	1.219284860600000009e+01	8.091457469999999708e-01	4.217235045999999876e+00	1.100205210899999919e+01	1.506879155999999931e+01
8.409093159999999623e-01	1.198047898000000000e+00	1.271062090300000058e+01	8.409093159999999623e-01	3.654886132000000121e+00	1.207763345799999932e+01	1.511532891799999945e+01
8.739197859999999762e-01	1.394732164000000108e+00	1.324556472499999948e+01	8.739197859999999762e-01	4.455552856999999811e+00	1.214428455700000065e+01	1.515649942199999956e+01
9.082261040000000341e-01	1.613363308999999912e+00	1.379736311799999982e+01	9.082261040000000341e-01	3.777810753999999882e+00	1.192706689799999964e+01	1.519155094000000084e+01
9.438791399999999499e-01	1.855725532999999983e+00	1.436557964200000015e+01	9.438791399999999499e-01	3.643955286999999821e+00	1.377531836100000007e+01	1.521972362800000056e+01
9.809317600000000414e-01	2.123645810000000189e+00	1.494961233999999983e+01	9.809317600000000414e-01	5.945072112000000075e+00	1.431701256100000030e+01	1.524021644799999997e+01
1.019438905999999978e+00	2.419002502000000110e+00	1.554866339400000008e+01	1.019438905999999978e+00	6.408244371000000328e+00	1.209156281599999971e+01	1.525217774599999920e+01
1.059457676000000070e+00	2.743713307999999795e+00	1.616173155299999920e+01	1.059457676000000070e+00	4.988692559999999609e+00	1.188136827199999956e+01	1.525472127199999939e+01
1.101047410999999920e+00	3.099711398999999812e+00	1.678759762500000008e+01	1.101047410999999920e+00	4.103811713999999888e+00	1.260793066599999968e+01	1.524693437900000070e+01
1.144269779000000042e+00	3.488924597000000016e+00	1.742480871900000139e+01	1.144269779000000042e+00	3.559548888000000133e+00	1.330364723099999935e+01	1.522788509999999995e+01
1.189188871000000036e+00	3.913256066000000200e+00	1.807165351900000161e+01	1.189188871000000036e+00	3.812537092999999988e+00	1.480211785400000046e+01	1.519662180199999924e+01
1.235871291999999899e+00	4.374525736999999914e+00	1.872613516399999867e+01	1.235871291999999899e+00	4.118675937999999981e+00	1.549025703699999923e+01	1.515217263000000081e+01
1.284386264000000111e+00	4.874435552999999643e+00	1.938603347000000099e+01	1.284386264000000111e+00	4.175049943000000319e+00	1.573003536599999919e+01	1.509361632100000072e+01
1.334805723999999971e+00	5.414617494999999892e+00	2.004880266800000044e+01	1.334805723999999971e+00	3.199706040000000140e+00	1.664892912199999842e+01	1.502001550900000026e+01
1.387204434000000042e+00	5.996424589000000083e+00	2.071165775800000119e+01	1.387204434000000042e+00	2.935853899000000045e+00	1.882316616199999970e+01	1.493050141199999992e+01
1.441660090999999921e+00	6.621059190999999622e+00	2.137149521399999941e+01	1.441660090999999921e+00	3.909743075000000179e+00	2.203943387400000020e+01	1.482422614400000072e+01
1.498253443000000074e+00	7.289427252000000301e+00	2.202501452399999948e+01	1.498253443000000074e+00	7.370608348000000198e+00	2.448162481800000023e+01	1.470045981400000024e+01
1.557068405000000100e+00	8.002095738999999597e+00	2.266866146999999998e+01	1.557068405000000100e+00	1.144019327700000055e+01	2.359742601399999984e+01	1.455855208400000045e+01
1.618192188000000087e+00	8.759275867999999576e+00	2.329868362099999857e+01	1.618192188000000087e+00	1.296499257700000030e+01	2.115619816799999953e+01	1.439797064200000065e+01
1.681715427999999957e+00	9.560778822999999704e+00	2.391118398000000056e+01	1.681715427999999957e+00	1.294861039399999925e+01	1.968610034399999975e+01	1.421832944199999993e+01
1.747732314999999925e+00	1.040598233899999947e+01	2.450214190100000167e+01	1.747732314999999925e+00	1.273989555300000021e+01	1.885505144400000077e+01	1.401939054600000034e+01
1.816340741000000092e+00	1.129372593100000088e+01	2.506749284500000030e+01	1.816340741000000092e+00	1.246643187499999961e+01	1.767505351899999866e+01	1.380109595000000056e+01
1.887642437000000006e+00	1.222244459700000085e+01	2.560325593399999988e+01	1.887642437000000006e+00	1.041513655800000038e+01	1.721793474100000054e+01	1.356361534800000079e+01
1.961743129999999891e+00	1.318996780199999996e+01	2.610546378700000147e+01	1.961743129999999891e+00	8.355408605999999239e+00	1.889046644900000160e+01	1.330727931899999916e+01
2.038752697000000058e+00	1.419370648599999996e+01	2.657035748399999875e+01	2.038752697000000058e+00	7.561317436999999586e+00	2.223238064499999922e+01	1.303265350799999922e+01
2.118785325999999802e+00	1.523054303800000042e+01	2.699444650899999942e+01	2.118785325999999802e+00	9.133865545999999114e+00	2.510435876700000080e+01	1.274052929099999965e+01
2.201959690999999886e+00	1.629691135099999855e+01	2.737454605499999971e+01	2.201959690999999886e+00	1.239528611299999916e+01	2.782303482000000017e+01	1.243190153099999939e+01
2.288399123000000035e+00	1.738881422700000101e+01	2.770784747700000139e+01	2.288399123000000035e+00	1.599124106800000078e+01	2.702242597300000071e+01	1.210796106499999958e+01
2.378231792999999872e+00	1.850189659600000169e+01	2.799208901300000107e+01	2.378231792999999872e+00	1.620917694399999931e+01	2.485311958999999860e+01	1.177012648400000039e+01
2.471590905999999865e+00	1.963156670300000073e+01	2.822540228600000134e+01	2.471590905999999865e+00	1.524982898100000028e+01	2.562080708199999890e+01	1.141993289200000028e+01
2.568614895000000065e+00	2.077298765000000103e+01	2.840659132500000084e+01	2.568614895000000065e+00	1.675988690899999867e+01	2.712277718800000059e+01	1.105910869699999921e+01
2.669447626999999823e+00	2.192118731000000054e+01	2.853498618800000131e+01	2.669447626999999823e+00	1.880086680799999854e+01	2.763820032099999935e+01	1.068947219600000054e+01
2.774238616999999962e+00	2.307119557300000068e+01	2.861053480700000051e+01	2.774238616999999962e+00	2.046634959500000051e+01	2.739978979800000047e+01	1.031293221700000018e+01
2.883143248000000103e+00	2.421810376999999903e+01	2.863371843099999836e+01	2.883143248000000103e+00	2.186422635299999939e+01	2.731389406599999958e+01	9.931424132000000071e+00
2.996323004999999817e+00	2.535708411899999959e+01	2.860569208500000116e+01	2.996323004999999817e+00	2.378953308999999905e+01	2.588381417600000134e+01	9.546932033999999234e+00
3.113945710999999950e+00	2.648359882000000098e+01	2.852803843299999897e+01	3.113945710999999950e+00	2.376803206700000004e+01	2.366158807600000102e+01	9.161379508999999643e+00
3.236185777000000208e+00	2.759339424199999868e+01	2.840288427999999854e+01	3.236185777000000208e+00	2.208698777600000085e+01	2.310853087799999983e+01	8.776654444000000055e+00
3.363224460000000082e+00	2.868252043200000045e+01	2.823276170800000173e+01	3.363224460000000082e+00	2.099875365999999843e+01	2.428395139299999883e+01	8.394551730999999961e+00
3.495250132999999870e+00	2.974750636099999923e+01	2.802062126899999939e+01	3.495250132999999870e+00	2.054072160999999852e+01	2.598905393700000133e+01	8.016771391000000690e+00
3.632458563999999779e+00	3.078523270000000167e+01	2.776961614500000053e+01	3.632458563999999779e+00	2.122107680199999891e+01	2.859942276399999983e+01	7.644854210000000094e+00
3.775053204999999856e+00	3.179309796200000093e+01	2.748315676300000021e+01	3.775053204999999856e+00	2.491007907399999866e+01	3.112282056200000113e+01	7.280203818999999577e+00
3.923245496999999915e+00	3.276890686600000180e+01	2.716483511199999867e+01	3.923245496999999915e+00	2.858541531299999860e+01	2.851705745699999994e+01	6.924072208000000117e+00
4.077255177999999702e+00	3.371101157199999676e+01	2.681827114100000031e+01	4.077255177999999702e+00	2.767689775899999916e+01	2.640815039800000008e+01	6.577530708000000281e+00
4.237310615000000169e+00	3.461810860599999984e+01	2.644714948700000079e+01	4.237310615000000169e+00	2.650701699500000075e+01	2.738345234699999864e+01	6.241494166999999926e+00
4.403649137000000380e+00	3.548937988899999851e+01	2.605509887499999877e+01	4.403649137000000380e+00	2.652023252000000042e+01	2.869270370199999931e+01	5.916706364000000384e+00
4.576517391000000323e+00	3.632437306799999988e+01	2.564560120499999840e+01	4.576517391000000323e+00	2.834391933999999935e+01	3.131142390500000161e+01	5.603737298999999616e+00
4.756171707000000026e+00	3.712301118300000269e+01	2.522211033199999974e+01	4.756171707000000026e+00	3.194155453200000139e+01	3.183569340700000083e+01	5.303027704999999870e+00
4.942878474999999661e+00	3.788554270200000218e+01	2.478785500700000100e+01	4.942878474999999661e+00	3.462673960699999753e+01	2.904137053199999841e+01	5.014862317999999597e+00
5.136914545999999859e+00	3.861244308399999881e+01	2.434586253599999850e+01	5.136914545999999859e+00	3.375568183000000033e+01	2.712646294900000044e+01	4.739394109000000022e+00
5.338567634000000339e+00	3.930451820100000049e+01	2.389898872999999924e+01	5.338567634000000339e+00	3.242003666499999781e+01	2.823887340899999998e+01	4.476666844999999562e+00
5.548136752999999644e+00	3.996269699199999792e+01	2.344982866200000160e+01	5.548136752999999644e+00	3.355081981099999666e+01	3.044795615700000013e+01	4.226613312999999650e+00
5.765932649999999882e+00	4.058812735200000077e+01	2.300080996699999858e+01	5.765932649999999882e+00	3.630000972999999931e+01	3.082768657000000090e+01	3.989087518999999915e+00
5.992278274000000238e+00	4.118205817300000149e+01	2.255409730799999934e+01	5.992278274000000238e+00	3.822493779700000260e+01	2.976748187400000134e+01	3.763860134000000190e+00
6.227509249999999774e+00	4.174584657399999799e+01	2.211159266800000012e+01	6.227509249999999774e+00	3.940649953399999816e+01	2.893759675000000087e+01	3.550631847000000008e+00
6.471974377999999639e+00	4.228094081199999721e+01	2.167505263900000045e+01	6.471974377999999639e+00	3.989617115699999772e+01	2.792321480500000064e+01	3.349063419000000152e+00
6.726036152999999906e+00	4.278877525499999734e+01	2.124597445899999926e+01	6.726036152999999906e+00	4.005686609800000042e+01	2.801117222299999909e+01	3.158766022000000007e+00
6.990071294999999907e+00	4.327088772900000180e+01	2.082568263699999989e+01	6.990071294999999907e+00	4.169592726399999805e+01	2.852051405399999950e+01	2.979323351000000120e+00
7.264471318000000011e+00	4.372873622400000215e+01	2.041531832500000121e+01	7.264471318000000011e+00	4.343102489700000035e+01	2.669668239900000017e+01	2.810296500999999836e+00
7.549643099999999940e+00	4.416383959800000270e+01	2.001582631899999853e+01	7.549643099999999940e+00	4.249642919000000063e+01	2.566254636400000066e+01	2.651228151000000199e+00
7.846009495999999750e+00	4.457763787199999683e+01	1.962804429899999903e+01	7.846009495999999750e+00	4.253830218800000296e+01	2.637591158600000085e+01	2.501659512999999890e+00
8.154009956999999531e+00	4.497154574000000338e+01	1.925262217399999898e+01	8.154009956999999531e+00	4.368952821300000267e+01	2.642333354599999851e+01	2.361123211000000222e+00
8.474101187000000479e+00	4.534697110300000134e+01	1.889010399900000081e+01	8.474101187000000479e+00	4.364713936700000119e+01	2.582942822800000116e+01	2.229157237999999985e+00
8.806757815999999295e+00	4.570522313200000042e+01	1.854089706699999951e+01	8.806757815999999295e+00	4.419916648699999939e+01	2.745261458899999951e+01	2.105303387999999831e+00
9.152473109000000662e+00	4.604757902699999761e+01	1.820535544799999883e+01	9.152473109000000662e+00	4.633723562299999799e+01	2.771473928099999995e+01	1.989118704000000015e+00
9.511759690999999961e+00	4.637524243299999682e+01	1.788367869600000049e+01	9.511759690999999961e+00	4.798722867800000103e+01	2.719053142899999997e+01	1.880165109000000001e+00
9.885150314000000549e+00	4.668935567900000194e+01	1.757603233500000073e+01	9.885150314000000549e+00	4.967306090900000015e+01	2.622529131199999952e+01	1.778023780999999914e+00
1.027319864000000038e+01	4.699102846200000272e+01	1.728248828499999945e+01	1.027319864000000038e+01	5.027864678099999907e+01	2.489009448299999860e+01	1.682288924000000074e+00
1.067648006900000013e+01	4.728126103400000346e+01	1.700309478000000141e+01	1.067648006900000013e+01	5.064346048099999820e+01	2.337084416700000133e+01	1.592574955999999986e+00
1.109559258500000034e+01	4.756103869799999728e+01	1.673780947199999858e+01	1.109559258500000034e+01	4.998555985600000184e+01	2.274550261799999973e+01	1.508509738999999961e+00
1.153115765000000081e+01	4.783125599400000283e+01	1.648655925199999928e+01	1.153115765000000081e+01	4.947889891500000203e+01	2.316133640700000029e+01	1.429740165999999979e+00
1.198382111799999983e+01	4.809276428900000155e+01	1.624924210000000002e+01	1.198382111799999983e+01	4.995905998599999975e+01	2.442117899300000161e+01	1.355931629999999943e+00
1.245425420099999947e+01	4.834635059000000012e+01	1.602573672100000124e+01	1.245425420099999947e+01	5.192069834000000128e+01	2.493279638399999953e+01	1.286768075999999983e+00
1.294315445500000017e+01	4.859273406799999862e+01	1.581586988199999944e+01	1.294315445500000017e+01	5.397828814100000017e+01	2.368877058600000041e+01	1.221948631999999924e+00
1.345124682199999988e+01	4.883262844499999744e+01	1.561946290999999931e+01	1.345124682199999988e+01	5.404509583000000106e+01	2.200602210199999931e+01	1.161190715000000040e+00
1.397928470299999937e+01	4.906664314599999699e+01	1.543634473400000040e+01	1.397928470299999937e+01	5.348359381600000262e+01	2.156892742300000165e+01	1.104229941999999909e+00
1.452805107100000015e+01	4.929537835600000051e+01	1.526628535699999922e+01	1.452805107100000015e+01	5.378608287000000132e+01	2.237148761599999958e+01	1.050814405999999979e+00
1.509835963699999972e+01	4.951938467299999758e+01	1.510910176800000038e+01	1.509835963699999972e+01	5.510995299599999697e+01	2.262750466199999977e+01	1.000711477000000071e+00
1.569105605600000075e+01	4.973915038100000174e+01	1.496457365000000017e+01	1.569105605600000075e+01	5.656013137499999743e+01	2.170305236900000168e+01	9.537008599999999836e-01
1.630701917700000081e+01	4.995514779700000219e+01	1.483248194499999961e+01	1.630701917700000081e+01	5.699769578899999800e+01	2.001033276000000072e+01	9.095765319999999932e-01
1.694716235199999943e+01	5.016780397299999805e+01	1.471261366000000059e+01	1.694716235199999943e+01	5.636452575999999937e+01	1.967810061799999843e+01	8.681461449999999802e-01
1.761243478400000129e+01	5.037750614600000176e+01	1.460477256499999932e+01	1.761243478400000129e+01	5.630052649800000353e+01	2.015408159200000071e+01	8.292307530000000426e-01
1.830382293899999979e+01	5.058462841099999707e+01	1.450873725800000003e+01	1.830382293899999979e+01	5.758589493400000237e+01	2.045958276300000023e+01	7.926615830000000029e-01
1.902235200899999867e+01	5.078949470900000307e+01	1.442432449700000063e+01	1.902235200899999867e+01	5.878476172999999960e+01	1.958841323300000070e+01	7.582829129999999473e-01
1.976908742799999885e+01	5.099241572100000042e+01	1.435132928900000060e+01	1.976908742799999885e+01	5.884969215999999648e+01	1.830491778900000099e+01	7.259479899999999875e-01
2.054513645600000160e+01	5.119365643799999788e+01	1.428957824000000087e+01	2.054513645600000160e+01	5.858151475700000077e+01	1.804473742100000067e+01	6.955212139999999987e-01
2.135164981899999859e+01	5.139347653200000110e+01	1.423890176199999935e+01	2.135164981899999859e+01	5.899303575599999760e+01	1.821495212700000010e+01	6.668759499999999951e-01
2.218982341499999933e+01	5.159210846799999928e+01	1.419912242700000071e+01	2.218982341499999933e+01	5.950044015600000336e+01	1.762306343199999858e+01	6.398934400000000355e-01
2.306090008700000027e+01	5.178975382400000171e+01	1.417010064499999977e+01	2.306090008700000027e+01	5.934174846399999836e+01	1.713732846799999976e+01	6.144643349999999726e-01
2.396617146899999895e+01	5.198660432100000151e+01	1.415168491800000083e+01	2.396617146899999895e+01	5.940603431000000256e+01	1.767052057500000117e+01	5.904858410000000113e-01
2.490697989699999937e+01	5.218283479400000147e+01	1.414376262300000064e+01	2.490697989699999937e+01	6.062894406499999889e+01	1.777218004799999918e+01	5.678634129999999836e-01
2.588472040299999932e+01	5.237859468300000287e+01	1.414620239299999938e+01	2.588472040299999932e+01	6.154567737499999680e+01	1.660193626299999892e+01	5.465078309999999995e-01
2.690084278000000140e+01	5.257401511900000202e+01	1.415890635300000078e+01	2.690084278000000140e+01	6.112996013000000062e+01	1.563563653499999972e+01	5.263369060000000488e-01
2.795685373499999926e+01	5.276921707799999695e+01	1.418178593600000070e+01	2.795685373499999926e+01	6.083352183699999927e+01	1.558297910699999989e+01	5.072740329999999576e-01
2.905431912099999892e+01	5.296430632300000241e+01	1.421476660799999969e+01	2.905431912099999892e+01	6.082700153300000068e+01	1.546752620800000066e+01	4.892479690000000048e-01
3.019486626100000137e+01	5.315938108000000284e+01	1.425778328700000053e+01	3.019486626100000137e+01	6.055684546399999846e+01	1.571870951000000005e+01	4.721922980000000103e-01
3.138018635699999948e+01	5.335450551600000324e+01	1.431078204599999992e+01	3.138018635699999948e+01	6.113247292300000169e+01	1.633668449299999992e+01	4.560451580000000060e-01
3.261203700299999753e+01	5.354975523600000287e+01	1.437373379199999945e+01	3.261203700299999753e+01	6.193807933000000077e+01	1.615368132100000054e+01	4.407493399999999895e-01
3.389224478799999929e+01	5.374518318900000224e+01	1.444661718000000050e+01	3.389224478799999929e+01	6.234715577400000086e+01	1.611039503299999964e+01	4.262514119999999962e-01
3.522270800300000104e+01	5.394082194599999980e+01	1.452942553599999975e+01	3.522270800300000104e+01	6.317822475100000190e+01	1.571804564800000037e+01	4.125016599999999922e-01
3.660539946000000100e+01	5.413670199100000247e+01	1.462216648200000080e+01	3.660539946000000100e+01	6.343891208600000198e+01	1.524455720499999956e+01	3.994538149999999899e-01
3.804236941500000313e+01	5.433285107399999703e+01	1.472486889500000018e+01	3.804236941500000313e+01	6.378837643100000321e+01	1.479108199600000084e+01	3.870649780000000040e-01
3.953574860700000215e+01	5.452926895699999932e+01	1.483756585499999936e+01	3.953574860700000215e+01	6.389856556699999857e+01	1.445199519800000054e+01	3.752949259999999732e-01
4.108775141899999994e+01	5.472595270600000106e+01	1.496031579699999980e+01	4.108775141899999994e+01	6.407768628499999863e+01	1.397709829899999967e+01	3.641064620000000196e-01
4.270067916200000013e+01	5.492288860000000028e+01	1.509318961700000017e+01	4.270067916200000013e+01	6.404088198300000556e+01	1.366853681199999926e+01	3.534648610000000191e-01
4.437692348400000242e+01	5.512005441099999814e+01	1.523627746000000016e+01	4.437692348400000242e+01	6.377835202800000047e+01	1.346983091999999971e+01	3.433378489999999728e-01
4.611896992199999801e+01	5.531741672199999726e+01	1.538967334099999995e+01	4.611896992199999801e+01	6.368938993399999760e+01	1.364214023199999914e+01	3.336950799999999773e-01
4.792940158300000064e+01	5.551492713199999685e+01	1.555350611899999969e+01	4.792940158300000064e+01	6.380962557299999816e+01	1.402707252899999979e+01	3.245086649999999739e-01
4.981090297499999764e+01	5.571253482499999876e+01	1.572790840200000062e+01	4.981090297499999764e+01	6.436279919899999413e+01	1.404915156100000040e+01	3.157523250000000004e-01
5.176626398799999862e+01	5.591016488700000053e+01	1.591303680200000059e+01	5.176626398799999862e+01	6.498713680299999851e+01	1.370385000399999953e+01	3.074016849999999801e-01
5.379838403400000146e+01	5.610774941100000035e+01	1.610906216700000115e+01	5.379838403400000146e+01	6.470996908099999700e+01	1.321163244899999967e+01	2.994339409999999813e-01
5.591027634099999943e+01	5.630519421099999988e+01	1.631617167799999990e+01	5.591027634099999943e+01	6.443410195500000270e+01	1.321278081400000026e+01	2.918277770000000104e-01
5.810507242199999922e+01	5.650239685300000048e+01	1.653458076800000143e+01	5.810507242199999922e+01	6.461496601999999712e+01	1.379006533999999995e+01	2.845634650000000154e-01
6.038602672199999688e+01	5.669925137999999976e+01	1.676451207199999871e+01	6.038602672199999688e+01	6.509534740099999794e+01	1.374214664299999988e+01	2.776223740000000051e-01
6.275652144000000021e+01	5.689562959399999897e+01	1.700621963500000078e+01	6.275652144000000021e+01	6.540124254299999507e+01	1.357613088699999970e+01	2.709872890000000201e-01
6.522007154800000706e+01	5.709139457100000214e+01	1.725996603600000157e+01	6.522007154800000706e+01	6.560159832099999733e+01	1.328719415900000023e+01	2.646419369999999938e-01
6.778032999799999914e+01	5.728639505700000001e+01	1.752604168399999907e+01	6.778032999799999914e+01	6.551891755799999828e+01	1.318954183299999983e+01	2.585712059999999979e-01
7.044109314199999972e+01	5.748046696000000111e+01	1.780475852200000020e+01	7.044109314199999972e+01	6.534151271800000416e+01	1.322951912799999974e+01	2.527609630000000052e-01
7.320630635999999924e+01	5.767342956400000276e+01	1.809645070099999842e+01	7.320630635999999924e+01	6.560163750899999968e+01	1.356269771999999918e+01	2.471979749999999865e-01
7.608006991099999539e+01	5.786508914400000236e+01	1.840146955100000170e+01	7.608006991099999539e+01	6.569663720299999454e+01	1.335463756799999935e+01	2.418697770000000080e-01
7.906664501299999870e+01	5.805523000499999853e+01	1.872019981300000069e+01	7.906664501299999870e+01	6.581471346200000028e+01	1.333913529800000042e+01	2.367648179999999880e-01
8.217046016099999406e+01	5.824362794900000040e+01	1.905304240099999902e+01	8.217046016099999406e+01	6.571817286399999603e+01	1.332553971699999984e+01	2.318721639999999917e-01
8.539611769200000424e+01	5.843003351699999826e+01	1.940042440499999898e+01	8.539611769200000424e+01	6.569421779200000344e+01	1.347244258399999950e+01	2.271815739999999972e-01
8.874840061199999752e+01	5.861417815800000142e+01	1.976280630400000149e+01	8.874840061199999752e+01	6.564250935399999776e+01	1.373111621600000021e+01	2.226835209999999954e-01
9.223227968800000554e+01	5.879577729999999747e+01	2.014066485900000103e+01	9.223227968800000554e+01	6.590021088700000007e+01	1.369447007499999991e+01	2.183689370000000129e-01
9.585292081599999392e+01	5.897451906999999949e+01	2.053451519600000097e+01	9.585292081599999392e+01	6.591762788600000533e+01	1.367109216599999932e+01	2.142294150000000064e-01
9.961569268399999544e+01	5.915007416099999915e+01	2.094489724900000027e+01	9.961569268399999544e+01	6.564881570699999713e+01	1.370779828000000045e+01	2.102570059999999963e-01
1.035261747309999976e+02	5.932208265100000233e+01	2.137237717700000061e+01	1.035261747309999976e+02	6.528156795799999657e+01	1.377101446400000029e+01	2.064441890000000002e-01
1.075901654219999983e+02	5.949016421599999660e+01	2.181755887299999941e+01	1.075901654219999983e+02	6.510476825799999290e+01	1.428348534799999925e+01	2.027839509999999901e-01
1.118136908430000034e+02	5.965390185500000086e+01	2.228107781499999973e+01	1.118136908430000034e+02	6.498282131700000264e+01	1.484140256599999930e+01	1.992696750000000072e-01
1.162030136390000052e+02	5.981285742800000094e+01	2.276359912299999877e+01	1.162030136390000052e+02	6.502396808199999612e+01	1.512224128699999959e+01	1.958950839999999971e-01
1.207646422979999983e+02	5.996655712500000135e+01	2.326582692499999894e+01	1.207646422979999983e+02	6.499964692000000355e+01	1.561562964900000061e+01	1.926542940000000037e-01
1.255053408060000066e+02	6.011448875100000322e+01	2.378850332000000023e+01	1.255053408060000066e+02	6.517036441000000480e+01	1.578693477400000056e+01	1.895417610000000030e-01
1.304321386720000078e+02	6.025610903599999801e+01	2.433240264599999847e+01	1.304321386720000078e+02	6.492170819499999368e+01	1.606761440100000016e+01	1.865522020000000003e-01
1.355523413520000133e+02	6.039083212900000319e+01	2.489834235800000073e+01	1.355523413520000133e+02	6.467327768399999854e+01	1.658837603899999991e+01	1.836806510000000003e-01
1.408735410859999888e+02	6.051803112099999993e+01	2.548718276600000010e+01	1.408735410859999888e+02	6.456919273699999451e+01	1.716246653800000033e+01	1.809224259999999973e-01
1.464036281490000135e+02	6.063702983700000004e+01	2.609982450300000068e+01	1.464036281490000135e+02	6.449005643499999962e+01	1.762893885300000107e+01	1.782730720000000046e-01
