3.162278000000000137e-03	3.441899999999999691e-05	3.939023600000000208e-02	3.162278000000000137e-03	-4.421988200000000202e-02	3.036851000000000134e-02	1.245628633900000004e+01
3.286414999999999996e-03	3.714000000000000016e-05	4.093650499999999803e-02	3.286414999999999996e-03	-4.498482499999999912e-02	3.197328299999999818e-02	1.245627963499999957e+01
3.415425000000000145e-03	4.007799999999999812e-05	4.254346999999999990e-02	3.415425000000000145e-03	-4.579071299999999678e-02	3.368660200000000299e-02	1.245627241000000041e+01
3.549500000000000138e-03	4.325199999999999856e-05	4.421351600000000132e-02	3.549500000000000138e-03	-4.663770400000000205e-02	3.551730399999999954e-02	1.245626462299999915e+01
3.688837999999999839e-03	4.667899999999999811e-05	4.594911699999999766e-02	3.688837999999999839e-03	-4.752551499999999735e-02	3.747493500000000088e-02	1.245625623299999951e+01
3.833646000000000015e-03	5.037899999999999995e-05	4.775284600000000157e-02	3.833646000000000015e-03	-4.845332000000000111e-02	3.956978500000000315e-02	1.245624719299999938e+01
3.984139000000000257e-03	5.437600000000000251e-05	4.962737799999999977e-02	3.984139000000000257e-03	-4.941964799999999658e-02	4.181292200000000236e-02	1.245623745700000029e+01
4.140539000000000372e-03	5.869099999999999762e-05	5.157549100000000109e-02	4.140539000000000372e-03	-5.042224900000000232e-02	4.421620999999999885e-02	1.245622697299999970e+01
4.303078000000000111e-03	6.335099999999999705e-05	5.360007299999999808e-02	4.303078000000000111e-03	-5.145795400000000019e-02	4.679233099999999951e-02	1.245621568500000009e+01
4.471998999999999939e-03	6.838299999999999902e-05	5.570412599999999964e-02	4.471998999999999939e-03	-5.252251200000000037e-02	4.955478499999999703e-02	1.245620353600000030e+01
4.647550000000000292e-03	7.381700000000000154e-05	5.789076900000000164e-02	4.647550000000000292e-03	-5.361040999999999723e-02	5.251787900000000342e-02	1.245619046200000035e+01
4.829993000000000307e-03	7.968400000000000483e-05	6.016324299999999820e-02	4.829993000000000307e-03	-5.471466500000000260e-02	5.569669700000000334e-02	1.245617639800000021e+01
5.019598000000000115e-03	8.602000000000000650e-05	6.252491599999999983e-02	5.019598000000000115e-03	-5.582660300000000242e-02	5.910704499999999695e-02	1.245616127299999931e+01
5.216644999999999789e-03	9.286000000000000200e-05	6.497928999999999511e-02	5.216644999999999789e-03	-5.693560799999999866e-02	6.276536300000000457e-02	1.245614501300000043e+01
5.421427999999999837e-03	1.002460000000000021e-04	6.753000100000000616e-02	5.421427999999999837e-03	-5.802885099999999935e-02	6.668860899999999592e-02	1.245612753800000050e+01
5.634250000000000369e-03	1.082210000000000062e-04	7.018083199999999855e-02	5.634250000000000369e-03	-5.909099999999999769e-02	7.089408599999999505e-02	1.245610876599999983e+01
5.855426000000000381e-03	1.168319999999999954e-04	7.293571000000000082e-02	5.855426000000000381e-03	-6.010390399999999966e-02	7.539922599999999975e-02	1.245608860699999987e+01
6.085285000000000173e-03	1.261280000000000094e-04	7.579871999999999999e-02	6.085285000000000173e-03	-6.104626999999999970e-02	8.022130600000000611e-02	1.245606696900000010e+01
6.324167000000000330e-03	1.361649999999999948e-04	7.877410399999999757e-02	6.324167000000000330e-03	-6.189331599999999683e-02	8.537708700000000428e-02	1.245604375399999952e+01
6.572426999999999610e-03	1.470019999999999996e-04	8.186627100000000434e-02	6.572426999999999610e-03	-6.261643000000000070e-02	9.088236900000000451e-02	1.245601886000000036e+01
6.830431999999999997e-03	1.587000000000000086e-04	8.507980499999999446e-02	6.830431999999999997e-03	-6.318283600000000610e-02	9.675144600000000483e-02	1.245599217800000069e+01
7.098565000000000257e-03	1.713290000000000125e-04	8.841946800000000106e-02	7.098565000000000257e-03	-6.355526699999999862e-02	1.029964339999999978e-01	1.245596359800000030e+01
7.377223999999999934e-03	1.849630000000000111e-04	9.189020900000000047e-02	7.377223999999999934e-03	-6.369169199999999420e-02	1.096264809999999978e-01	1.245593300300000017e+01
7.666822000000000220e-03	1.996810000000000013e-04	9.549717100000000569e-02	7.666822000000000220e-03	-6.354509399999999641e-02	1.166468160000000004e-01	1.245590027100000086e+01
7.967787999999999954e-03	2.155679999999999933e-04	9.924569900000000666e-02	7.967787999999999954e-03	-6.306334099999999498e-02	1.240576379999999979e-01	1.245586527699999912e+01
8.280568999999999777e-03	2.327169999999999879e-04	1.031413469999999943e-01	8.280568999999999777e-03	-6.218918699999999994e-02	1.318528250000000068e-01	1.245582789100000021e+01
8.605629000000000056e-03	2.512279999999999873e-04	1.071898879999999971e-01	8.605629000000000056e-03	-6.086045300000000186e-02	1.400184469999999903e-01	1.245578798200000037e+01
8.943448999999999149e-03	2.712069999999999802e-04	1.113973189999999946e-01	8.943448999999999149e-03	-5.901043899999999787e-02	1.485310810000000092e-01	1.245574541200000063e+01
9.294530000000000500e-03	2.927720000000000084e-04	1.157698749999999943e-01	9.294530000000000500e-03	-5.656864899999999863e-02	1.573559180000000113e-01	1.245570004300000022e+01
9.659393000000000493e-03	3.160470000000000185e-04	1.203140340000000003e-01	9.659393000000000493e-03	-5.346191000000000138e-02	1.664446880000000073e-01	1.245565173500000000e+01
1.003857900000000060e-02	3.411660000000000061e-04	1.250365280000000079e-01	1.003857900000000060e-02	-4.961599700000000196e-02	1.757334160000000034e-01	1.245560034400000049e+01
1.043264999999999991e-02	3.682749999999999934e-04	1.299443520000000130e-01	1.043264999999999991e-02	-4.495788199999999762e-02	1.851400689999999905e-01	1.245554572700000051e+01
1.084219099999999929e-02	3.975310000000000128e-04	1.350447780000000042e-01	1.084219099999999929e-02	-3.941875899999999766e-02	1.945621869999999975e-01	1.245548774100000067e+01
1.126780900000000016e-02	4.291030000000000148e-04	1.403453600000000023e-01	1.126780900000000016e-02	-3.293799800000000305e-02	2.038746300000000011e-01	1.245542624099999962e+01
1.171013400000000051e-02	4.631719999999999761e-04	1.458539500000000100e-01	1.171013400000000051e-02	-2.546819100000000113e-02	2.129276439999999992e-01	1.245536108399999975e+01
1.216982399999999923e-02	4.999359999999999785e-04	1.515787070000000070e-01	1.216982399999999923e-02	-1.698148199999999913e-02	2.215455540000000056e-01	1.245529212900000005e+01
1.264755799999999972e-02	5.396069999999999990e-04	1.575281109999999984e-01	1.264755799999999972e-02	-7.477285000000000181e-03	2.295264700000000102e-01	1.245521923499999950e+01
1.314404700000000072e-02	5.824130000000000496e-04	1.637109730000000096e-01	1.314404700000000072e-02	3.008514999999999801e-03	2.366435620000000017e-01	1.245514226100000066e+01
1.366002499999999925e-02	6.286020000000000236e-04	1.701364499999999946e-01	1.366002499999999925e-02	1.439292900000000049e-02	2.426485989999999926e-01	1.245506106999999929e+01
1.419625899999999927e-02	6.784399999999999892e-04	1.768140579999999962e-01	1.419625899999999927e-02	2.653408100000000103e-02	2.472786210000000040e-01	1.245497551999999963e+01
1.475354299999999917e-02	7.322150000000000360e-04	1.837536859999999994e-01	1.475354299999999917e-02	3.921884900000000007e-02	2.502667359999999896e-01	1.245488547200000085e+01
1.533270299999999961e-02	7.902360000000000417e-04	1.909656100000000079e-01	1.533270299999999961e-02	5.215098499999999693e-02	2.513581380000000087e-01	1.245479077899999965e+01
1.593459900000000068e-02	8.528410000000000157e-04	1.984605110000000061e-01	1.593459900000000068e-02	6.494140499999999372e-02	2.503322960000000097e-01	1.245469128899999944e+01
1.656012299999999951e-02	9.203899999999999885e-04	2.062494840000000107e-01	1.656012299999999951e-02	7.710305600000000315e-02	2.470319639999999928e-01	1.245458683999999927e+01
1.721020100000000136e-02	9.932739999999999365e-04	2.143440620000000019e-01	1.721020100000000136e-02	8.805359499999999839e-02	2.413988559999999950e-01	1.245447725300000030e+01
1.788580000000000031e-02	1.071918000000000046e-03	2.227562290000000000e-01	1.788580000000000031e-02	9.712972999999999746e-02	2.335145560000000120e-01	1.245436232900000029e+01
1.858791900000000136e-02	1.156775999999999985e-03	2.314984370000000014e-01	1.858791900000000136e-02	1.036172910000000003e-01	2.236433630000000117e-01	1.245424184099999998e+01
1.931760000000000074e-02	1.248341000000000034e-03	2.405836269999999943e-01	1.931760000000000074e-02	1.068004210000000065e-01	2.122714400000000057e-01	1.245411552899999919e+01
2.007592600000000088e-02	1.347146999999999928e-03	2.500252419999999809e-01	2.007592600000000088e-02	1.060313699999999998e-01	2.001342289999999968e-01	1.245398309099999956e+01
2.086402000000000048e-02	1.453768000000000031e-03	2.598372560000000164e-01	2.086402000000000048e-02	1.008189379999999968e-01	1.882223520000000094e-01	1.245384417400000032e+01
2.168305200000000127e-02	1.568825999999999945e-03	2.700341829999999832e-01	2.168305200000000127e-02	9.092898500000000384e-02	1.777560930000000039e-01	1.245369837099999977e+01
2.253423400000000021e-02	1.692991000000000027e-03	2.806311080000000180e-01	2.253423400000000021e-02	7.648537099999999644e-02	1.701208419999999943e-01	1.245354521299999995e+01
2.341883100000000106e-02	1.826986000000000061e-03	2.916437020000000047e-01	2.341883100000000106e-02	5.805589700000000214e-02	1.667609509999999906e-01	1.245338416200000076e+01
2.433815300000000126e-02	1.971591999999999876e-03	3.030882489999999763e-01	2.433815300000000126e-02	3.670689600000000274e-02	1.690362800000000110e-01	1.245321461500000026e+01
2.529356400000000102e-02	2.127651999999999842e-03	3.149816639999999945e-01	2.529356400000000102e-02	1.401300999999999936e-02	1.780522930000000004e-01	1.245303590099999980e+01
2.628648000000000096e-02	2.296072000000000130e-03	3.273415270000000210e-01	2.628648000000000096e-02	-7.985212999999999686e-03	1.944781499999999885e-01	1.245284728799999918e+01
2.731837399999999944e-02	2.477832000000000125e-03	3.401860979999999923e-01	2.731837399999999944e-02	-2.687688499999999966e-02	2.183658049999999962e-01	1.245264799199999928e+01
2.839077599999999951e-02	2.673984999999999817e-03	3.535343499999999972e-01	2.839077599999999951e-02	-4.002804699999999716e-02	2.489769149999999931e-01	1.245243718899999941e+01
2.950527500000000095e-02	2.885667000000000180e-03	3.674059980000000114e-01	2.950527500000000095e-02	-4.478505900000000206e-02	2.846167000000000002e-01	1.245221402499999996e+01
3.066352500000000050e-02	3.114103000000000010e-03	3.818215229999999960e-01	3.066352500000000050e-02	-3.875572499999999782e-02	3.224719380000000135e-01	1.245197763900000076e+01
3.186724199999999702e-02	3.360613000000000142e-03	3.968022059999999906e-01	3.186724199999999702e-02	-2.021722899999999976e-02	3.584653250000000013e-01	1.245172716499999943e+01
3.311821300000000051e-02	3.626621000000000011e-03	4.123701570000000149e-01	3.311821300000000051e-02	1.127160599999999999e-02	3.871870960000000084e-01	1.245146174299999942e+01
3.441829099999999669e-02	3.913663000000000385e-03	4.285483500000000223e-01	3.441829099999999669e-02	5.397611799999999654e-02	4.020662740000000013e-01	1.245118051400000070e+01
3.576940399999999770e-02	4.223400000000000418e-03	4.453606520000000235e-01	3.576940399999999770e-02	1.028290089999999990e-01	3.961002820000000257e-01	1.245088260400000024e+01
3.717355700000000290e-02	4.557623999999999703e-03	4.628318599999999838e-01	3.717355700000000290e-02	1.483375369999999915e-01	3.635932110000000272e-01	1.245056709200000000e+01
3.863282999999999995e-02	4.918274000000000257e-03	4.809877320000000012e-01	3.863282999999999995e-02	1.764590199999999942e-01	3.031867469999999787e-01	1.245023296899999998e+01
4.014938800000000113e-02	5.307445000000000045e-03	4.998550259999999801e-01	4.014938800000000113e-02	1.708727889999999972e-01	2.215544839999999960e-01	1.244987908599999926e+01
4.172548000000000229e-02	5.727401000000000020e-03	5.194615299999999491e-01	4.172548000000000229e-02	1.184922749999999941e-01	1.354711040000000088e-01	1.244950410599999913e+01
4.336344200000000204e-02	6.180586000000000066e-03	5.398361040000000388e-01	4.336344200000000204e-02	1.642753200000000163e-02	6.919481199999999443e-02	1.244910646299999968e+01
4.506570299999999862e-02	6.669635000000000147e-03	5.610087160000000184e-01	4.506570299999999862e-02	-1.242882270000000011e-01	4.673827500000000273e-02	1.244868435200000079e+01
4.683478800000000219e-02	7.197386000000000061e-03	5.830104860000000500e-01	4.683478800000000219e-02	-2.816369819999999802e-01	8.347403000000000461e-02	1.244823574599999993e+01
4.867331999999999909e-02	7.766895000000000222e-03	6.058737299999999992e-01	4.867331999999999909e-02	-4.300058019999999925e-01	1.826338919999999921e-01	1.244775845000000025e+01
5.058402399999999827e-02	8.381446000000000729e-03	6.296320060000000218e-01	5.058402399999999827e-02	-5.463637150000000275e-01	3.375604309999999941e-01	1.244725017400000056e+01
5.256973499999999938e-02	9.044579000000000507e-03	6.543201699999999787e-01	5.256973499999999938e-02	-6.119365660000000151e-01	5.358821700000000465e-01	1.244670860899999987e+01
5.463339600000000074e-02	9.760107000000000504e-03	6.799744239999999662e-01	5.463339600000000074e-02	-6.102688459999999759e-01	7.613954250000000146e-01	1.244613145799999998e+01
5.677806700000000151e-02	1.053214499999999970e-02	7.066323629999999856e-01	5.677806700000000151e-02	-5.248559440000000187e-01	9.912301169999999662e-01	1.244551641199999992e+01
5.900692899999999963e-02	1.136514100000000048e-02	7.343330279999999988e-01	5.900692899999999963e-02	-3.414718740000000086e-01	1.187413225000000017e+00	1.244486103999999926e+01
6.132328599999999769e-02	1.226390400000000082e-02	7.631169429999999920e-01	6.132328599999999769e-02	-6.490052200000000215e-02	1.286790136000000029e+00	1.244416262700000075e+01
6.373057299999999870e-02	1.323362500000000060e-02	7.930261659999999768e-01	6.373057299999999870e-02	2.412489039999999862e-01	1.212932612999999993e+00	1.244341802699999988e+01
6.623236100000000348e-02	1.427989699999999973e-02	8.241043329999999667e-01	6.623236100000000348e-02	4.316290159999999765e-01	9.543108670000000071e-01	1.244262359300000043e+01
6.883235699999999679e-02	1.540873300000000085e-02	8.563967179999999457e-01	6.883235699999999679e-02	3.850146569999999824e-01	6.516611249999999522e-01	1.244177525299999942e+01
7.153441800000000239e-02	1.662658599999999876e-02	8.899503069999999960e-01	7.153441800000000239e-02	1.579144190000000003e-01	4.927836389999999955e-01	1.244086870800000000e+01
7.434255100000000671e-02	1.794039399999999840e-02	9.248138710000000096e-01	7.434255100000000671e-02	-8.537816600000000533e-02	5.303727849999999577e-01	1.243989964600000064e+01
7.726091799999999787e-02	1.935763299999999909e-02	9.610380400000000378e-01	7.726091799999999787e-02	-2.271887419999999991e-01	6.953774499999999525e-01	1.243886379499999961e+01
8.029384900000000047e-02	2.088637399999999922e-02	9.986753550000000423e-01	8.029384900000000047e-02	-2.278206409999999904e-01	8.813630110000000295e-01	1.243775673100000034e+01
8.344583799999999441e-02	2.253533699999999904e-02	1.037780302999999904e+00	8.344583799999999441e-02	-1.221300000000000024e-01	9.752907809999999955e-01	1.243657351200000072e+01
8.672156200000000204e-02	2.431391800000000034e-02	1.078409366000000036e+00	8.672156200000000204e-02	-4.656700300000000264e-02	9.157678910000000005e-01	1.243530840700000084e+01
9.012587599999999366e-02	2.623219599999999929e-02	1.120621083999999934e+00	9.012587599999999366e-02	-1.527876220000000118e-01	8.196329329999999525e-01	1.243395498599999982e+01
9.366382900000000400e-02	2.830097000000000168e-02	1.164476163000000009e+00	9.366382900000000400e-02	-3.847576830000000170e-01	8.966726470000000448e-01	1.243250654999999938e+01
9.734066600000000624e-02	3.053183699999999917e-02	1.210037588000000053e+00	9.734066600000000624e-02	-5.355175410000000413e-01	1.196281549999999916e+00	1.243095650300000088e+01
1.011618410000000023e-01	3.293730599999999953e-02	1.257370681000000046e+00	1.011618410000000023e-01	-4.271958730000000037e-01	1.607741542999999940e+00	1.242929818100000006e+01
1.051330179999999948e-01	3.553087700000000237e-02	1.306543121999999890e+00	1.051330179999999948e-01	4.976633300000000287e-02	1.853197645999999921e+00	1.242752420200000074e+01
1.092600860000000063e-01	3.832705799999999718e-02	1.357624973000000068e+00	1.092600860000000063e-01	5.598978580000000260e-01	1.473158085999999978e+00	1.242562606000000081e+01
1.135491649999999936e-01	4.134135800000000166e-02	1.410688794999999995e+00	1.135491649999999936e-01	2.969563259999999927e-01	9.002864000000000422e-01	1.242359457300000081e+01
1.180066149999999953e-01	4.459038299999999733e-02	1.465809812999999906e+00	1.180066149999999953e-01	-2.533169209999999727e-01	1.012835587000000093e+00	1.242142067900000058e+01
1.226390460000000016e-01	4.809202099999999869e-02	1.523066000000000031e+00	1.226390460000000016e-01	-3.524908840000000043e-01	1.587042456000000046e+00	1.241909532799999916e+01
1.274533250000000062e-01	5.186555400000000121e-02	1.582538035000000010e+00	1.274533250000000062e-01	3.990641870000000146e-01	1.995881637000000097e+00	1.241660845100000010e+01
1.324565930000000114e-01	5.593161399999999756e-02	1.644309338000000009e+00	1.324565930000000114e-01	1.151366284000000073e+00	7.211179659999999991e-01	1.241394864699999978e+01
1.376562669999999988e-01	6.031221099999999752e-02	1.708466285999999945e+00	1.376562669999999988e-01	-3.106965400000000210e-01	-1.281698759999999881e-01	1.241110433200000074e+01
1.430600569999999905e-01	6.503098499999999949e-02	1.775098379999999976e+00	1.430600569999999905e-01	-1.409687316999999940e+00	5.445052540000000496e-01	1.240806423199999919e+01
1.486759779999999864e-01	7.011340200000000522e-02	1.844298146999999943e+00	1.486759779999999864e-01	-1.862442319999999985e+00	1.537654328999999986e+00	1.240481601499999975e+01
1.545123549999999901e-01	7.558665000000000522e-02	1.916161149999999980e+00	1.545123549999999901e-01	-1.759591590000000094e+00	2.785401349999999887e+00	1.240134586499999969e+01
1.605778429999999979e-01	8.147970999999999686e-02	1.990786310999999920e+00	1.605778429999999979e-01	-2.485115860000000065e-01	3.908097285000000198e+00	1.239764016500000032e+01
1.668814349999999946e-01	8.782375700000000229e-02	2.068275995000000034e+00	1.668814349999999946e-01	1.255706753999999981e+00	2.141682985000000095e+00	1.239368530700000015e+01
1.734324800000000000e-01	9.465219599999999400e-02	2.148735798999999780e+00	1.734324800000000000e-01	2.329701400000000130e-02	1.156089506999999905e+00	1.238946589899999928e+01
1.802406910000000084e-01	1.020005330000000043e-01	2.232274861000000055e+00	1.802406910000000084e-01	-8.298869549999999817e-01	1.449695090000000075e+00	1.238496619999999915e+01
1.873161620000000083e-01	1.099068680000000048e-01	2.319006104000000068e+00	1.873161620000000083e-01	-1.276520298000000109e+00	1.924812862000000013e+00	1.238017093100000032e+01
1.946693859999999998e-01	1.184120119999999970e-01	2.409045911000000206e+00	1.946693859999999998e-01	-1.615584797999999989e+00	2.478977146000000076e+00	1.237506298299999941e+01
2.023112659999999896e-01	1.275593100000000091e-01	2.502514509000000054e+00	2.023112659999999896e-01	-1.838392269999999940e+00	3.317924921999999999e+00	1.236962510300000062e+01
2.102531320000000092e-01	1.373952979999999990e-01	2.599536140000000106e+00	2.102531320000000092e-01	-1.448001016999999946e+00	4.459080862999999617e+00	1.236384024200000020e+01
2.185067629999999927e-01	1.479695900000000119e-01	2.700238720999999842e+00	2.185067629999999927e-01	-3.781182810000000005e-01	4.793917229999999918e+00	1.235768946800000023e+01
2.270843949999999944e-01	1.593350329999999870e-01	2.804754489000000017e+00	2.270843949999999944e-01	2.575943799999999909e-02	4.973051610999999816e+00	1.235115468599999922e+01
2.359987480000000082e-01	1.715482909999999916e-01	2.913219636000000001e+00	2.359987480000000082e-01	1.525906879000000105e+00	4.955172189999999866e+00	1.234421648900000079e+01
2.452630399999999877e-01	1.846695050000000116e-01	3.025774623999999857e+00	2.452630399999999877e-01	1.253069441000000062e+00	3.319792209000000049e+00	1.233685525399999960e+01
2.548910079999999745e-01	1.987631760000000136e-01	3.142564283000000014e+00	2.548910079999999745e-01	3.304453170000000162e-01	3.810886614999999811e+00	1.232905117099999970e+01
2.648969290000000032e-01	2.138978009999999985e-01	3.263737694000000022e+00	2.648969290000000032e-01	9.578742199999999984e-01	4.754342783000000239e+00	1.232078344399999992e+01
2.752956389999999809e-01	2.301467379999999896e-01	3.389448585999999874e+00	2.752956389999999809e-01	2.238593707000000155e+00	3.993860724000000140e+00	1.231203154199999972e+01
2.861025569999999796e-01	2.475879480000000021e-01	3.519855055999999927e+00	2.861025569999999796e-01	1.749634641000000101e+00	2.734920312999999936e+00	1.230277385099999954e+01
2.973337079999999744e-01	2.663048800000000216e-01	3.655119956000000059e+00	2.973337079999999744e-01	7.004369430000000341e-01	2.552153836000000009e+00	1.229298883999999958e+01
3.090057460000000256e-01	2.863862309999999911e-01	3.795410758000000051e+00	3.090057460000000256e-01	7.069943300000000597e-02	3.139753558000000222e+00	1.228265431099999994e+01
3.211359779999999886e-01	3.079268949999999783e-01	3.940899614000000106e+00	3.211359779999999886e-01	-5.213449999999999682e-03	3.664411159000000140e+00	1.227174745199999961e+01
3.337423899999999999e-01	3.310278759999999987e-01	4.091763623000000294e+00	3.337423899999999999e-01	8.471757900000000119e-02	3.949551243999999794e+00	1.226024547499999962e+01
3.468436750000000179e-01	3.557969679999999912e-01	4.248184456999999803e+00	3.468436750000000179e-01	-1.669423130000000088e-01	4.129269215999999965e+00	1.224812433399999989e+01
3.604592600000000036e-01	3.823492629999999948e-01	4.410348783999999966e+00	3.604592600000000036e-01	-3.684615099999999921e-01	4.686265204999999767e+00	1.223535990899999959e+01
3.746093349999999877e-01	4.108073520000000145e-01	4.578448075999999922e+00	3.746093349999999877e-01	-1.667371860000000094e-01	5.551898051000000223e+00	1.222192735099999972e+01
3.893148799999999743e-01	4.413020870000000095e-01	4.752678472000000376e+00	3.893148799999999743e-01	5.815560429999999670e-01	6.109511155999999943e+00	1.220780071399999933e+01
4.045977020000000035e-01	4.739731280000000213e-01	4.933240931000000273e+00	4.045977020000000035e-01	1.536051043000000060e+00	5.822546713999999568e+00	1.219295342300000051e+01
4.204804610000000276e-01	5.089693870000000508e-01	5.120341108999999946e+00	4.204804610000000276e-01	1.705089360000000109e+00	4.845204428999999813e+00	1.217735801599999945e+01
4.369867080000000015e-01	5.464496859999999900e-01	5.314189155000000220e+00	4.369867080000000015e-01	7.987907149999999845e-01	4.488145037999999865e+00	1.216098580100000071e+01
4.541409200000000035e-01	5.865834680000000523e-01	5.514999589000000313e+00	4.541409200000000035e-01	-3.687561500000000048e-02	5.191802659999999570e+00	1.214380679199999946e+01
4.719685319999999962e-01	6.295514749999999715e-01	5.722991140999999615e+00	4.719685319999999962e-01	-7.109462199999999621e-02	6.350019478000000106e+00	1.212578964999999975e+01
4.904959790000000264e-01	6.755464519999999640e-01	5.938386508999999869e+00	4.904959790000000264e-01	6.141888509999999801e-01	7.111086836000000133e+00	1.210690150799999998e+01
5.097507340000000386e-01	7.247739069999999950e-01	6.161412057999999803e+00	5.097507340000000386e-01	1.645771016999999947e+00	7.378793802999999762e+00	1.208710777699999994e+01
5.297613469999999936e-01	7.774529129999999677e-01	6.392297459999999987e+00	5.297613469999999936e-01	2.427608230999999783e+00	5.913735485000000125e+00	1.206637195699999943e+01
5.505574899999999827e-01	8.338169429999999771e-01	6.631275278999999578e+00	5.505574899999999827e-01	1.188620527000000093e+00	5.313778301000000148e+00	1.204465545499999912e+01
5.721700010000000391e-01	8.941147329999999949e-01	6.878580483000000356e+00	5.721700010000000391e-01	-8.761573999999999404e-03	5.932580180999999619e+00	1.202191739499999912e+01
5.946309250000000324e-01	9.586111809999999789e-01	7.134449875999999691e+00	5.946309250000000324e-01	-6.034684409999999666e-01	7.108692965999999558e+00	1.199811442500000069e+01
6.179735680000000286e-01	1.027588256999999894e+00	7.399121455000000402e+00	6.179735680000000286e-01	-7.372150889999999901e-01	8.808612021000000070e+00	1.197320053900000048e+01
6.422325420000000173e-01	1.101345969000000036e+00	7.672833688999999957e+00	6.422325420000000173e-01	8.072303079999999520e-01	1.014028590200000046e+01	1.194712691199999988e+01
6.674438190000000493e-01	1.180203389000000103e+00	7.955824651000000358e+00	6.674438190000000493e-01	2.171241665999999793e+00	9.857722222999999673e+00	1.191984167300000053e+01
6.936447820000000153e-01	1.264499598000000002e+00	8.248330966999999347e+00	6.936447820000000153e-01	2.357254299000000053e+00	9.604808870999999471e+00	1.189128957399999997e+01
7.208742820000000329e-01	1.354594542999999929e+00	8.550586852000000349e+00	7.208742820000000329e-01	2.792077125000000049e+00	1.004933840600000039e+01	1.186141199200000074e+01
7.491726939999999724e-01	1.450870324999999905e+00	8.862823034999999905e+00	7.491726939999999724e-01	3.966334724000000200e+00	9.709777751000000734e+00	1.183014691300000010e+01
7.785819800000000068e-01	1.553732059999999970e+00	9.185264974000000748e+00	7.785819800000000068e-01	3.689550992000000029e+00	8.406643365000000756e+00	1.179742815900000075e+01
8.091457469999999708e-01	1.663608723999999928e+00	9.518131950000000785e+00	8.091457469999999708e-01	2.485699496000000064e+00	8.626077820000000784e+00	1.176318603100000004e+01
8.409093159999999623e-01	1.780954448999999995e+00	9.861634807999999808e+00	8.409093159999999623e-01	2.208981779000000145e+00	9.836956724000000207e+00	1.172734636200000047e+01
8.739197859999999762e-01	1.906249148999999976e+00	1.021597475199999927e+01	8.739197859999999762e-01	3.268252373000000155e+00	1.045464094899999985e+01	1.168983117299999996e+01
9.082261040000000341e-01	2.039999450999999908e+00	1.058134076800000045e+01	9.082261040000000341e-01	3.368887018000000122e+00	9.821778367000000287e+00	1.165055785700000079e+01
9.438791399999999499e-01	2.182739718000000106e+00	1.095790779300000040e+01	9.438791399999999499e-01	2.658649460999999992e+00	1.018970857599999924e+01	1.160943952899999942e+01
9.809317600000000414e-01	2.335032503999999953e+00	1.134583431000000076e+01	9.809317600000000414e-01	2.633855774000000149e+00	1.110854316600000047e+01	1.156638491600000052e+01
1.019438905999999978e+00	2.497469230000000096e+00	1.174525963800000028e+01	1.019438905999999978e+00	2.745055600999999790e+00	1.142597948699999932e+01	1.152129820600000087e+01
1.059457676000000070e+00	2.670670686999999877e+00	1.215630117899999973e+01	1.059457676000000070e+00	2.571958459000000197e+00	1.280782695899999979e+01	1.147407909700000062e+01
1.101047410999999920e+00	2.855287337000000036e+00	1.257905143300000006e+01	1.101047410999999920e+00	4.289750631000000425e+00	1.444324375899999957e+01	1.142462287000000032e+01
1.144269779000000042e+00	3.051999422000000184e+00	1.301357476899999988e+01	1.144269779000000042e+00	5.858995366000000260e+00	1.320052503600000016e+01	1.137282047200000079e+01
1.189188871000000036e+00	3.261516868999999819e+00	1.345990392500000077e+01	1.189188871000000036e+00	5.552493175999999586e+00	1.257621029699999937e+01	1.131855860399999969e+01
1.235871291999999899e+00	3.484578771999999880e+00	1.391803633299999987e+01	1.235871291999999899e+00	5.071518018999999988e+00	1.286555456099999972e+01	1.126171990799999989e+01
1.284386264000000111e+00	3.721952839000000068e+00	1.438793055000000010e+01	1.284386264000000111e+00	5.105377347000000121e+00	1.367173369200000010e+01	1.120218345400000004e+01
1.334805723999999971e+00	3.974434571000000194e+00	1.486950164799999996e+01	1.334805723999999971e+00	5.715838635999999973e+00	1.401464357100000058e+01	1.113982460999999979e+01
1.387204434000000042e+00	4.242845296999999682e+00	1.536261759199999943e+01	1.387204434000000042e+00	5.922155740000000002e+00	1.417545941300000045e+01	1.107451592399999996e+01
1.441660090999999921e+00	4.528030948999999694e+00	1.586709423599999980e+01	1.441660090999999921e+00	5.873112381000000326e+00	1.481900932799999993e+01	1.100612712600000087e+01
1.498253443000000074e+00	4.830859472000000210e+00	1.638269140499999921e+01	1.498253443000000074e+00	6.723767259999999801e+00	1.587390299900000024e+01	1.093452612199999940e+01
1.557068405000000100e+00	5.152217908999999985e+00	1.690910794999999922e+01	1.557068405000000100e+00	8.475541644999999846e+00	1.605259122900000079e+01	1.085957938499999997e+01
1.618192188000000087e+00	5.493009165000000138e+00	1.744597718500000028e+01	1.618192188000000087e+00	9.852150249999999332e+00	1.483939750400000079e+01	1.078115276399999978e+01
1.681715427999999957e+00	5.854147991999999689e+00	1.799286233899999843e+01	1.681715427999999957e+00	9.780987611000000470e+00	1.284837773399999961e+01	1.069911237200000009e+01
1.747732314999999925e+00	6.236556333000000230e+00	1.854925192099999975e+01	1.747732314999999925e+00	7.973412044999999893e+00	1.169552078799999961e+01	1.061332548300000056e+01
1.816340741000000092e+00	6.641157691000000085e+00	1.911455546899999902e+01	1.816340741000000092e+00	5.888587917999999810e+00	1.223471799100000013e+01	1.052366168800000068e+01
1.887642437000000006e+00	7.068871713000000057e+00	1.968809963600000046e+01	1.887642437000000006e+00	4.600469913999999605e+00	1.374824520299999975e+01	1.042999417999999956e+01
1.961743129999999891e+00	7.520606564000000382e+00	2.026912390000000030e+01	1.961743129999999891e+00	3.948879201000000005e+00	1.545523299100000081e+01	1.033220077900000078e+01
2.038752697000000058e+00	7.997252189000000122e+00	2.085677769899999845e+01	2.038752697000000058e+00	3.469847049999999822e+00	1.778967206700000148e+01	1.023016559699999917e+01
2.118785325999999802e+00	8.499671491000000856e+00	2.145011764499999884e+01	2.118785325999999802e+00	4.746866813999999657e+00	2.010308647900000167e+01	1.012378053599999994e+01
2.201959690999999886e+00	9.028691531999999853e+00	2.204810530900000032e+01	2.201959690999999886e+00	6.926184615000000377e+00	2.085556029800000033e+01	1.001294683000000063e+01
2.288399123000000035e+00	9.585093749000000329e+00	2.264960597500000006e+01	2.288399123000000035e+00	7.746826031000000334e+00	2.071920756500000138e+01	9.897576760999999834e+00
2.378231792999999872e+00	1.016960366200000010e+01	2.325338882300000165e+01	2.378231792999999872e+00	7.449534289999999892e+00	2.062153280800000132e+01	9.777595645999999974e+00
2.471590905999999865e+00	1.078288033599999984e+01	2.385812690499999889e+01	2.471590905999999865e+00	6.753165043000000090e+00	2.169320123299999992e+01	9.652943310999999582e+00
2.568614895000000065e+00	1.142550460900000076e+01	2.446240014400000007e+01	2.568614895000000065e+00	7.391999953000000012e+00	2.398003307500000147e+01	9.523576379999999730e+00
2.669447626999999823e+00	1.209796770500000029e+01	2.506469798299999852e+01	2.669447626999999823e+00	9.476508082000000499e+00	2.581808777499999863e+01	9.389469840000000289e+00
2.774238616999999962e+00	1.280065966199999927e+01	2.566342460499999945e+01	2.774238616999999962e+00	1.188062447899999974e+01	2.544304575499999999e+01	9.250619052999999425e+00
2.883143248000000103e+00	1.353385760299999951e+01	2.625690494999999913e+01	2.883143248000000103e+00	1.193595983600000032e+01	2.394852131100000037e+01	9.107041409000000698e+00
2.996323004999999817e+00	1.429771383299999954e+01	2.684339331900000047e+01	2.996323004999999817e+00	1.033467915199999965e+01	2.465188611900000026e+01	8.958778232000000230e+00
3.113945710999999950e+00	1.509224569799999927e+01	2.742108225599999827e+01	3.113945710999999950e+00	9.924735441999999352e+00	2.777278354599999943e+01	8.805896054999999834e+00
3.236185777000000208e+00	1.591732483999999914e+01	2.798811449100000104e+01	3.236185777000000208e+00	1.328384574999999934e+01	3.103568669399999891e+01	8.648488196000000627e+00
3.363224460000000082e+00	1.677266788900000094e+01	2.854259544199999965e+01	3.363224460000000082e+00	1.782728122199999987e+01	2.933214662900000036e+01	8.486675743999999355e+00
3.495250132999999870e+00	1.765782894699999872e+01	2.908260827100000157e+01	3.495250132999999870e+00	1.783279591399999831e+01	2.624756058599999875e+01	8.320608588000000694e+00
3.632458563999999779e+00	1.857219267900000048e+01	2.960622885000000082e+01	3.632458563999999779e+00	1.586133810599999983e+01	2.566138855899999882e+01	8.150465677999999770e+00
3.775053204999999856e+00	1.951497011000000015e+01	3.011154377100000090e+01	3.775053204999999856e+00	1.457361401300000026e+01	2.693959549399999887e+01	7.976455464999999911e+00
3.923245496999999915e+00	2.048519542100000024e+01	3.059666829600000071e+01	3.923245496999999915e+00	1.358693814699999969e+01	2.868102250800000164e+01	7.798815627999999833e+00
4.077255177999999702e+00	2.148172642400000143e+01	3.105976523500000042e+01	4.077255177999999702e+00	1.293769380099999999e+01	3.164579152299999976e+01	7.617812444000000127e+00
4.237310615000000169e+00	2.250324541499999853e+01	3.149906442099999992e+01	4.237310615000000169e+00	1.460565180000000041e+01	3.691767089500000054e+01	7.433739766999999610e+00
4.403649137000000380e+00	2.354826460499999996e+01	3.191288231100000061e+01	4.403649137000000380e+00	2.176777991599999851e+01	3.980657304700000054e+01	7.246917572000000085e+00
4.576517391000000323e+00	2.461513288400000121e+01	3.229964081699999667e+01	4.576517391000000323e+00	2.556620245399999902e+01	3.470418182099999882e+01	7.057689953999999766e+00
4.756171707000000026e+00	2.570204524400000068e+01	3.265788686599999835e+01	4.756171707000000026e+00	2.404177514399999893e+01	3.291553388999999896e+01	6.866423014000000435e+00
4.942878474999999661e+00	2.680705531099999916e+01	3.298630909199999905e+01	4.942878474999999661e+00	2.299360375599999884e+01	3.438068314699999917e+01	6.673501940000000410e+00
5.136914545999999859e+00	2.792808940899999826e+01	3.328375402999999721e+01	5.136914545999999859e+00	2.394964779800000088e+01	3.674959201800000130e+01	6.479327956999999749e+00
5.338567634000000339e+00	2.906296386500000040e+01	3.354924114599999996e+01	5.338567634000000339e+00	2.689439721400000138e+01	3.805157658200000270e+01	6.284315090999999853e+00
5.548136752999999644e+00	3.020940288299999921e+01	3.378197407399999719e+01	5.548136752999999644e+00	2.908845791099999900e+01	3.747742586999999759e+01	6.088886338000000009e+00
5.765932649999999882e+00	3.136505908599999870e+01	3.398135138500000352e+01	5.765932649999999882e+00	3.070547602399999931e+01	3.742530714200000119e+01	5.893470050000000349e+00
5.992278274000000238e+00	3.252753466600000110e+01	3.414697289099999722e+01	5.992278274000000238e+00	3.250495651300000333e+01	3.724680837199999672e+01	5.698495852999999833e+00
6.227509249999999774e+00	3.369440372300000064e+01	3.427864405399999725e+01	6.227509249999999774e+00	3.362141771699999993e+01	3.626460794700000179e+01	5.504390708999999937e+00
6.471974377999999639e+00	3.486323438400000185e+01	3.437637815899999794e+01	6.471974377999999639e+00	3.412763068600000338e+01	3.634623756799999938e+01	5.311575130999999672e+00
6.726036152999999906e+00	3.603161106200000319e+01	3.444039376900000349e+01	6.726036152999999906e+00	3.536575773599999906e+01	3.666581622799999707e+01	5.120459211000000010e+00
6.990071294999999907e+00	3.719715689800000291e+01	3.447111142699999675e+01	6.990071294999999907e+00	3.675266530100000040e+01	3.627582860900000128e+01	4.931439175999999591e+00
7.264471318000000011e+00	3.835755361599999702e+01	3.446914587799999907e+01	7.264471318000000011e+00	3.760502913100000200e+01	3.646946230399999678e+01	4.744893933000000175e+00
7.549643099999999940e+00	3.951056222500000104e+01	3.443529698399999717e+01	7.549643099999999940e+00	3.963397686999999792e+01	3.593737277400000352e+01	4.561182102000000071e+00
7.846009495999999750e+00	4.065403973499999779e+01	3.437053803300000254e+01	7.846009495999999750e+00	3.966007272000000228e+01	3.357946820499999774e+01	4.380639362000000148e+00
8.154009956999999531e+00	4.178595591999999925e+01	3.427600165599999826e+01	8.154009956999999531e+00	3.713091773000000018e+01	3.504456639200000012e+01	4.203576134000000408e+00
8.474101187000000479e+00	4.290440707300000156e+01	3.415296518699999950e+01	8.474101187000000479e+00	3.853616877599999668e+01	3.796954876899999931e+01	4.030275828999999810e+00
8.806757815999999295e+00	4.400762703299999856e+01	3.400283351899999928e+01	8.806757815999999295e+00	4.164790540700000321e+01	3.907554104599999789e+01	3.860993367999999926e+00
9.152473109000000662e+00	4.509399654799999979e+01	3.382712264100000255e+01	9.152473109000000662e+00	4.311638277899999849e+01	3.885972445499999850e+01	3.695954332999999981e+00
9.511759690999999961e+00	4.616205014599999856e+01	3.362744078600000108e+01	9.511759690999999961e+00	4.564576857400000165e+01	3.895555017299999889e+01	3.535354326999999852e+00
9.885150314000000549e+00	4.721048011199999905e+01	3.340547145600000079e+01	9.885150314000000549e+00	4.703246356500000047e+01	3.884123948799999937e+01	3.379358976999999875e+00
1.027319864000000038e+01	4.823813908199999645e+01	3.316295525599999650e+01	1.027319864000000038e+01	4.906501940500000103e+01	3.843985986500000251e+01	3.228104158999999918e+00
1.067648006900000013e+01	4.924403902299999913e+01	3.290167289099999692e+01	1.067648006900000013e+01	5.147020712199999792e+01	3.703160644500000132e+01	3.081696652999999841e+00
1.109559258500000034e+01	5.022735027400000263e+01	3.262342845500000266e+01	1.109559258500000034e+01	5.197874087099999940e+01	3.513087878799999686e+01	2.940215063000000129e+00
1.153115765000000081e+01	5.118739679499999795e+01	3.233003409999999889e+01	1.153115765000000081e+01	5.126126847300000122e+01	3.439158798900000136e+01	2.803711047999999817e+00
1.198382111799999983e+01	5.212365119300000060e+01	3.202329588599999965e+01	1.198382111799999983e+01	5.123242602700000248e+01	3.552531211699999858e+01	2.672210772000000123e+00
1.245425420099999947e+01	5.303572776200000050e+01	3.170500071600000069e+01	1.245425420099999947e+01	5.330031430199999676e+01	3.689305086000000244e+01	2.545716523999999925e+00
1.294315445500000017e+01	5.392337476600000201e+01	3.137690432400000162e+01	1.294315445500000017e+01	5.599399112300000070e+01	3.586898709999999824e+01	2.424208444000000018e+00
1.345124682199999988e+01	5.478646619300000253e+01	3.104072170399999919e+01	1.345124682199999988e+01	5.667946847300000002e+01	3.367278306099999696e+01	2.307646430000000137e+00
1.397928470299999937e+01	5.562499145099999964e+01	3.069811806499999918e+01	1.397928470299999937e+01	5.579179575199999874e+01	3.340303922799999725e+01	2.195972020000000136e+00
1.452805107100000015e+01	5.643904683600000283e+01	3.035070117200000084e+01	1.452805107100000015e+01	5.639467240999999831e+01	3.468952190299999927e+01	2.089110303000000002e+00
1.509835963699999972e+01	5.722882479799999800e+01	3.000001627600000020e+01	1.509835963699999972e+01	5.863106474899999654e+01	3.502323004600000189e+01	1.986971896000000015e+00
1.569105605600000075e+01	5.799460412199999837e+01	2.964754058700000172e+01	1.569105605600000075e+01	6.036840576899999888e+01	3.386358144900000156e+01	1.889454761999999954e+00
1.630701917700000081e+01	5.873674035999999887e+01	2.929468042399999916e+01	1.630701917700000081e+01	6.051589892500000190e+01	3.293551798400000052e+01	1.796446063999999954e+00
1.694716235199999943e+01	5.945565583700000190e+01	2.894276891399999840e+01	1.694716235199999943e+01	6.036719108900000208e+01	3.220476764299999672e+01	1.707823901000000033e+00
1.761243478400000129e+01	6.015183033600000329e+01	2.859306493800000126e+01	1.761243478400000129e+01	6.037398834199999698e+01	3.388541689699999893e+01	1.623458953000000093e+00
1.830382293899999979e+01	6.082579259500000290e+01	2.824675249699999924e+01	1.830382293899999979e+01	6.274576085999999719e+01	3.515145870300000297e+01	1.543216004000000030e+00
1.902235200899999867e+01	6.147811125900000206e+01	2.790494184599999983e+01	1.902235200899999867e+01	6.597429278900000327e+01	3.432452823700000266e+01	1.466955392000000025e+00
1.976908742799999885e+01	6.210938757200000282e+01	2.756867024900000018e+01	1.976908742799999885e+01	6.749172971100000495e+01	3.211847193100000197e+01	1.394534286999999928e+00
2.054513645600000160e+01	6.272024750100000290e+01	2.723890437100000028e+01	2.054513645600000160e+01	6.698411925800000688e+01	3.066563743500000072e+01	1.325807906999999952e+00
2.135164981899999859e+01	6.331133551599999976e+01	2.691654251799999997e+01	2.135164981899999859e+01	6.756099516800000515e+01	3.103202561000000159e+01	1.260630571999999949e+00
2.218982341499999933e+01	6.388330819499999791e+01	2.660241727800000078e+01	2.218982341499999933e+01	6.897972802300000694e+01	3.072765328299999865e+01	1.198856646000000081e+00
2.306090008700000027e+01	6.443682845899999734e+01	2.629729921599999898e+01	2.306090008700000027e+01	7.004234051400000283e+01	2.889369002400000142e+01	1.140341405000000030e+00
2.396617146899999895e+01	6.497256091399999889e+01	2.600189981300000142e+01	2.396617146899999895e+01	6.991825009699999782e+01	2.782959427300000144e+01	1.084941742000000042e+00
2.490697989699999937e+01	6.549116715799999611e+01	2.571687566099999955e+01	2.490697989699999937e+01	6.955906843200000367e+01	2.781208008300000145e+01	1.032516819000000030e+00
2.588472040299999932e+01	6.599330185099999824e+01	2.544283153900000016e+01	2.588472040299999932e+01	6.990587277500000596e+01	2.782886621300000130e+01	9.829285829999999669e-01
2.690084278000000140e+01	6.647960919499999477e+01	2.518032487800000041e+01	2.690084278000000140e+01	7.075345371100000591e+01	2.833762801299999978e+01	9.360422309999999468e-01
2.795685373499999926e+01	6.695072005699999806e+01	2.492986937199999886e+01	2.795685373499999926e+01	7.233021143199999869e+01	2.784550910900000176e+01	8.917265730000000223e-01
2.905431912099999892e+01	6.740724929900000006e+01	2.469193886900000123e+01	2.905431912099999892e+01	7.331981113000000505e+01	2.626253494199999849e+01	8.498543290000000194e-01
3.019486626100000137e+01	6.784979365499999915e+01	2.446697115599999961e+01	3.019486626100000137e+01	7.248218058099999439e+01	2.580186832700000110e+01	8.103023520000000035e-01
3.138018635699999948e+01	6.827892953900000350e+01	2.425537166999999883e+01	3.138018635699999948e+01	7.282092884600000104e+01	2.606115130199999896e+01	7.729518050000000473e-01
3.261203700299999753e+01	6.869521200699999497e+01	2.405751740799999894e+01	3.261203700299999753e+01	7.375919732299999509e+01	2.574287686499999950e+01	7.376882780000000306e-01
3.389224478799999929e+01	6.909917310800000223e+01	2.387376020499999996e+01	3.389224478799999929e+01	7.411048840799999482e+01	2.553876874199999847e+01	7.044018579999999918e-01
3.522270800300000104e+01	6.949132086599999525e+01	2.370443025899999867e+01	3.522270800300000104e+01	7.511817490699999667e+01	2.498379358300000064e+01	6.729871610000000004e-01
3.660539946000000100e+01	6.987213869800000055e+01	2.354983946300000142e+01	3.660539946000000100e+01	7.508517994800000395e+01	2.444536580899999834e+01	6.433433269999999649e-01
3.804236941500000313e+01	7.024208476799999801e+01	2.341028465400000158e+01	3.804236941500000313e+01	7.531685397600000442e+01	2.425109938900000017e+01	6.153739900000000373e-01
3.953574860700000215e+01	7.060159124999999847e+01	2.328605041599999836e+01	3.953574860700000215e+01	7.595085839399999372e+01	2.434103227099999955e+01	5.889872139999999812e-01
4.108775141899999994e+01	7.095106428299999379e+01	2.317741227899999856e+01	4.108775141899999994e+01	7.667687913299999991e+01	2.360986067900000052e+01	5.640954169999999879e-01
4.270067916200000013e+01	7.129088367399999981e+01	2.308463931900000077e+01	4.270067916200000013e+01	7.671222178200000030e+01	2.316955079899999959e+01	5.406152730000000073e-01
4.437692348400000242e+01	7.162140280100000211e+01	2.300799689400000148e+01	4.437692348400000242e+01	7.648297131299999307e+01	2.333196979799999937e+01	5.184675970000000023e-01
4.611896992199999801e+01	7.194294854400000361e+01	2.294774897199999941e+01	4.611896992199999801e+01	7.759738936799999465e+01	2.309111544599999988e+01	4.975772230000000129e-01
4.792940158300000064e+01	7.225582121799999413e+01	2.290416090600000132e+01	4.792940158300000064e+01	7.799183467500000688e+01	2.255286927499999905e+01	4.778728740000000030e-01
4.981090297499999764e+01	7.256029478499999641e+01	2.287750135799999995e+01	4.981090297499999764e+01	7.772876024500000369e+01	2.181892274100000151e+01	4.592870230000000165e-01
5.176626398799999862e+01	7.285661664200000587e+01	2.286804471399999983e+01	5.176626398799999862e+01	7.776421042500000169e+01	2.206858342900000025e+01	4.417557489999999754e-01
5.379838403400000146e+01	7.314500807400000326e+01	2.287607307000000034e+01	5.379838403400000146e+01	7.793769371199999796e+01	2.208774486300000106e+01	4.252185909999999791e-01
5.591027634099999943e+01	7.342566390400000387e+01	2.290187823500000164e+01	5.591027634099999943e+01	7.808350754200000665e+01	2.195637830600000129e+01	4.096184050000000187e-01
5.810507242199999922e+01	7.369875275900000133e+01	2.294576379800000154e+01	5.810507242199999922e+01	7.814692578599999706e+01	2.221773952999999935e+01	3.949012170000000266e-01
6.038602672199999688e+01	7.396441714799999545e+01	2.300804671299999882e+01	6.038602672199999688e+01	7.882120119100000011e+01	2.230511140400000158e+01	3.810160719999999834e-01
6.275652144000000021e+01	7.422277320800000666e+01	2.308905935099999951e+01	6.275652144000000021e+01	7.912299600100000418e+01	2.210510668199999884e+01	3.679149010000000164e-01
6.522007154800000706e+01	7.447391080200000602e+01	2.318915094000000110e+01	6.522007154800000706e+01	7.939768100499999548e+01	2.188265177099999903e+01	3.555523689999999792e-01
6.778032999799999914e+01	7.471789332199999478e+01	2.330868944899999917e+01	6.778032999799999914e+01	7.944816780600000072e+01	2.166639377999999994e+01	3.438857479999999911e-01
7.044109314199999972e+01	7.495475751399999353e+01	2.344806312400000081e+01	7.044109314199999972e+01	7.921774641000000372e+01	2.168834606800000131e+01	3.328747759999999833e-01
7.320630635999999924e+01	7.518451316799999518e+01	2.360768206699999894e+01	7.320630635999999924e+01	7.931068115899999782e+01	2.208301882399999982e+01	3.224815349999999858e-01
7.608006991099999539e+01	7.540714280599999597e+01	2.378797970600000156e+01	7.608006991099999539e+01	7.943556004600000620e+01	2.224948623999999953e+01	3.126703189999999744e-01
7.906664501299999870e+01	7.562260114299999714e+01	2.398941450899999950e+01	7.906664501299999870e+01	7.972090754900000320e+01	2.255231381200000129e+01	3.034075179999999872e-01
8.217046016099999406e+01	7.583081470000000479e+01	2.421247125800000077e+01	8.217046016099999406e+01	8.008996100900000670e+01	2.288674042499999928e+01	2.946615029999999913e-01
8.539611769200000424e+01	7.603168096000000276e+01	2.445766265199999978e+01	8.539611769200000424e+01	8.030155453000000421e+01	2.308297080099999832e+01	2.864025119999999980e-01
8.874840061199999752e+01	7.622506767400000172e+01	2.472553085499999881e+01	8.874840061199999752e+01	8.078494317000000535e+01	2.331319021299999861e+01	2.786025520000000033e-01
9.223227968800000554e+01	7.641081200600000045e+01	2.501664875100000174e+01	9.223227968800000554e+01	8.125421568800000216e+01	2.327722866999999951e+01	2.712352860000000199e-01
9.585292081599999392e+01	7.658871936799999958e+01	2.533162167800000120e+01	9.585292081599999392e+01	8.159306115200000420e+01	2.299791852499999933e+01	2.642759499999999817e-01
9.961569268399999544e+01	7.675856236299999580e+01	2.567108872600000069e+01	9.961569268399999544e+01	8.126185598499999685e+01	2.291159808999999825e+01	2.577012519999999918e-01
1.035261747309999976e+02	7.692007928600000355e+01	2.603572424300000066e+01	1.035261747309999976e+02	8.079813516999999479e+01	2.289543614899999824e+01	2.514892910000000037e-01
1.075901654219999983e+02	7.707297274100000095e+01	2.642623945800000129e+01	1.075901654219999983e+02	8.072009737000000484e+01	2.364649437399999954e+01	2.456194700000000064e-01
1.118136908430000034e+02	7.721690775300000098e+01	2.684338393000000167e+01	1.118136908430000034e+02	8.068222629400000301e+01	2.425635955999999993e+01	2.400724250000000060e-01
1.162030136390000052e+02	7.735151004700000499e+01	2.728794706000000048e+01	1.162030136390000052e+02	8.074257804699999497e+01	2.461000698499999828e+01	2.348299430000000132e-01
1.207646422979999983e+02	7.747636377300000277e+01	2.776075976399999945e+01	1.207646422979999983e+02	8.079611780099999407e+01	2.528479093300000002e+01	2.298748969999999947e-01
1.255053408060000066e+02	7.759100911999999539e+01	2.826269606900000042e+01	1.255053408060000066e+02	8.106658984599999940e+01	2.572248870199999971e+01	2.251911819999999897e-01
1.304321386720000078e+02	7.769493979099999592e+01	2.879467466899999906e+01	1.304321386720000078e+02	8.111228923100000543e+01	2.626844626000000105e+01	2.207636470000000073e-01
1.355523413520000133e+02	7.778759998699999301e+01	2.935766073499999962e+01	1.355523413520000133e+02	8.115229322000000423e+01	2.682050453500000131e+01	2.165780419999999984e-01
1.408735410859999888e+02	7.786838124400000538e+01	2.995266762500000013e+01	1.408735410859999888e+02	8.146300187600000697e+01	2.750819669299999859e+01	2.126209609999999972e-01
1.464036281490000135e+02	7.793661881100000244e+01	3.058075862500000142e+01	1.464036281490000135e+02	8.174578554599999336e+01	2.795234288900000053e+01	2.088797870000000112e-01
