1.000000000000000021e-02	1.046461999999999956e-03	2.383356359999999896e-01	1.000000000000000021e-02	-2.310812740000000032e-01	1.460426380000000024e-01	2.383356361599999929e+01
1.035261699999999972e-02	1.121561999999999993e-03	2.467394019999999966e-01	1.035261699999999972e-02	-2.349516530000000103e-01	1.534476660000000103e-01	2.383352833600000054e+01
1.071766900000000085e-02	1.202050000000000080e-03	2.554394589999999798e-01	1.071766900000000085e-02	-2.389871480000000104e-01	1.613293329999999914e-01	2.383349052499999843e+01
1.109559300000000082e-02	1.288316000000000070e-03	2.644462510000000210e-01	1.109559300000000082e-02	-2.431845119999999916e-01	1.697224890000000042e-01	2.383344999999999914e+01
1.148684300000000005e-02	1.380771000000000038e-03	2.737705890000000086e-01	1.148684300000000005e-02	-2.475383760000000044e-01	1.786642410000000014e-01	2.383340656700000082e+01
1.189188899999999924e-02	1.479861999999999974e-03	2.834236649999999913e-01	1.189188899999999924e-02	-2.520408789999999954e-01	1.881939860000000075e-01	2.383336001700000040e+01
1.231121699999999930e-02	1.586062999999999969e-03	2.934170640000000052e-01	1.231121699999999930e-02	-2.566812689999999897e-01	1.983534249999999999e-01	2.383331012700000073e+01
1.274533299999999932e-02	1.699886000000000062e-03	3.037627809999999817e-01	1.274533299999999932e-02	-2.614454520000000226e-01	2.091865340000000073e-01	2.383325665599999965e+01
1.319475500000000072e-02	1.821876999999999958e-03	3.144732310000000197e-01	1.319475500000000072e-02	-2.663154890000000163e-01	2.207395060000000020e-01	2.383319934800000084e+01
1.366002499999999925e-02	1.952621999999999995e-03	3.255612680000000148e-01	1.366002499999999925e-02	-2.712690520000000105e-01	2.330606249999999935e-01	2.383313792799999931e+01
1.414170200000000079e-02	2.092749000000000085e-03	3.370401960000000141e-01	1.414170200000000079e-02	-2.762788139999999837e-01	2.462000920000000093e-01	2.383307210099999907e+01
1.464036299999999999e-02	2.242931999999999999e-03	3.489237900000000114e-01	1.464036299999999999e-02	-2.813117989999999735e-01	2.602097660000000090e-01	2.383300154899999868e+01
1.515660800000000023e-02	2.403891999999999921e-03	3.612263059999999970e-01	1.515660800000000023e-02	-2.863286660000000095e-01	2.751428149999999850e-01	2.383292593499999867e+01
1.569105599999999837e-02	2.576402000000000206e-03	3.739625050000000006e-01	1.569105599999999837e-02	-2.912829530000000111e-01	2.910532610000000076e-01	2.383284489400000083e+01
1.624435000000000115e-02	2.761291999999999826e-03	3.871476660000000014e-01	1.624435000000000115e-02	-2.961202569999999978e-01	3.079953939999999779e-01	2.383275803900000156e+01
1.681715400000000082e-02	2.959447999999999940e-03	4.007976030000000023e-01	1.681715400000000082e-02	-3.007773879999999789e-01	3.260230419999999851e-01	2.383266495100000171e+01
1.741015699999999902e-02	3.171824000000000171e-03	4.149286899999999889e-01	1.741015699999999902e-02	-3.051814729999999809e-01	3.451886579999999816e-01	2.383256518299999982e+01
1.802406900000000020e-02	3.399440000000000101e-03	4.295578740000000062e-01	1.802406900000000020e-02	-3.092490509999999970e-01	3.655422130000000047e-01	2.383245825599999890e+01
1.865962900000000049e-02	3.643388000000000009e-03	4.447026960000000084e-01	1.865962900000000049e-02	-3.128851509999999725e-01	3.871298479999999986e-01	2.383234365599999904e+01
1.931760000000000074e-02	3.904841000000000041e-03	4.603813179999999838e-01	1.931760000000000074e-02	-3.159823970000000259e-01	4.099922650000000224e-01	2.383222083300000094e+01
1.999877300000000094e-02	4.185053999999999684e-03	4.766125350000000038e-01	1.999877300000000094e-02	-3.184201580000000087e-01	4.341628060000000122e-01	2.383208919699999839e+01
2.070396399999999831e-02	4.485374000000000305e-03	4.934158049999999851e-01	2.070396399999999831e-02	-3.200637809999999916e-01	4.596651959999999981e-01	2.383194811599999952e+01
2.143402200000000049e-02	4.807241999999999765e-03	5.108112670000000133e-01	2.143402200000000049e-02	-3.207639700000000094e-01	4.865108830000000051e-01	2.383179691200000150e+01
2.218982300000000088e-02	5.152204999999999979e-03	5.288197690000000506e-01	2.218982300000000088e-02	-3.203563540000000098e-01	5.146959549999999828e-01	2.383163485900000111e+01
2.297227500000000033e-02	5.521919000000000133e-03	5.474628879999999809e-01	2.297227500000000033e-02	-3.186613480000000109e-01	5.441975639999999670e-01	2.383146117800000141e+01
2.378231800000000021e-02	5.918159999999999567e-03	5.667629600000000378e-01	2.378231800000000021e-02	-3.154843860000000055e-01	5.749698269999999889e-01	2.383127503700000105e+01
2.462092399999999889e-02	6.342829999999999822e-03	5.867430999999999619e-01	2.462092399999999889e-02	-3.106166630000000151e-01	6.069391400000000436e-01	2.383107553900000042e+01
2.548910100000000012e-02	6.797969000000000060e-03	6.074272370000000087e-01	2.548910100000000012e-02	-3.038365519999999820e-01	6.399988909999999587e-01	2.383086172899999866e+01
2.638789100000000012e-02	7.285762999999999788e-03	6.288401359999999940e-01	2.638789100000000012e-02	-2.949118629999999963e-01	6.740035199999999671e-01	2.383063257799999946e+01
2.731837399999999944e-02	7.808551999999999854e-03	6.510074289999999708e-01	2.731837399999999944e-02	-2.836032110000000217e-01	7.087619419999999781e-01	2.383038698800000077e+01
2.828166799999999939e-02	8.368847999999999912e-03	6.739556439999999649e-01	2.828166799999999939e-02	-2.696687709999999738e-01	7.440303409999999840e-01	2.383012377800000081e+01
2.927892899999999868e-02	8.969338999999999784e-03	6.977122390000000118e-01	2.927892899999999868e-02	-2.528707729999999931e-01	7.795044290000000542e-01	2.382984168600000174e+01
3.031135500000000163e-02	9.612907999999999870e-03	7.223056270000000056e-01	3.031135500000000163e-02	-2.329841569999999973e-01	8.148113070000000402e-01	2.382953935800000167e+01
3.138018599999999741e-02	1.030264499999999916e-02	7.477652179999999538e-01	3.138018599999999741e-02	-2.098078939999999948e-01	8.495011949999999867e-01	2.382921534100000116e+01
3.248670699999999661e-02	1.104186000000000056e-02	7.741214450000000191e-01	3.248670699999999661e-02	-1.831795280000000081e-01	8.830394329999999847e-01	2.382886808099999953e+01
3.363224499999999811e-02	1.183410000000000017e-02	8.014058029999999722e-01	3.363224499999999811e-02	-1.529935619999999996e-01	9.147993700000000006e-01	2.382849591200000106e+01
3.481817599999999929e-02	1.268316599999999919e-02	8.296508839999999774e-01	3.481817599999999929e-02	-1.192243520000000057e-01	9.440570379999999595e-01	2.382809704800000006e+01
3.604592599999999897e-02	1.359313399999999977e-02	8.588904149999999627e-01	3.604592599999999897e-02	-8.195412700000000161e-02	9.699888779999999988e-01	2.382766957500000160e+01
3.731696799999999897e-02	1.456836700000000047e-02	8.891592959999999879e-01	3.731696799999999897e-02	-4.140661100000000289e-02	9.916742229999999658e-01	2.382721144099999933e+01
3.863282999999999995e-02	1.561354499999999951e-02	9.204936379999999474e-01	3.863282999999999995e-02	2.013579000000000150e-03	1.008104839000000030e+00	2.382672045099999991e+01
3.999509100000000344e-02	1.673368100000000025e-02	9.529308060000000191e-01	3.999509100000000344e-02	4.767613099999999660e-02	1.018204396000000012e+00	2.382619424900000027e+01
4.140538800000000130e-02	1.793414600000000150e-02	9.865094620000000036e-01	4.140538800000000130e-02	9.467613499999999460e-02	1.020861401999999973e+00	2.382563031000000109e+01
4.286541399999999752e-02	1.922069599999999892e-02	1.021269602000000054e+00	4.286541399999999752e-02	1.417837560000000108e-01	1.014979569000000081e+00	2.382502593299999916e+01
4.437692299999999868e-02	2.059949900000000028e-02	1.057252609000000065e+00	4.437692299999999868e-02	1.873970670000000005e-01	9.995497269999999990e-01	2.382437821799999966e+01
4.594173099999999954e-02	2.207716399999999982e-02	1.094501292999999986e+00	4.594173099999999954e-02	2.295051009999999891e-01	9.737468009999999952e-01	2.382368406200000166e+01
4.756171700000000335e-02	2.366077399999999900e-02	1.133059939000000016e+00	4.756171700000000335e-02	2.656710529999999904e-01	9.370536099999999813e-01	2.382294013699999979e+01
4.923882599999999943e-02	2.535791500000000170e-02	1.172974356000000107e+00	4.923882599999999943e-02	2.930483400000000183e-01	8.894098990000000038e-01	2.382214288000000124e+01
5.097507300000000269e-02	2.717671899999999849e-02	1.214291927999999965e+00	5.097507300000000269e-02	3.084441459999999746e-01	8.313796039999999943e-01	2.382128847199999910e+01
5.277254399999999762e-02	2.912589599999999834e-02	1.257061661000000052e+00	5.277254399999999762e-02	3.084448349999999728e-01	7.643219470000000015e-01	2.382037281999999934e+01
5.463339600000000074e-02	3.121477900000000152e-02	1.301334240999999947e+00	5.463339600000000074e-02	2.896136400000000055e-01	6.905433640000000484e-01	2.381939154000000158e+01
5.655986500000000083e-02	3.345336699999999774e-02	1.347162082000000094e+00	5.655986500000000083e-02	2.487620759999999986e-01	6.133993159999999722e-01	2.381833993500000091e+01
5.855426400000000170e-02	3.585237499999999883e-02	1.394599381999999999e+00	5.855426400000000170e-02	1.832821930000000099e-01	5.373108890000000137e-01	2.381721297300000018e+01
6.061898999999999760e-02	3.842327899999999768e-02	1.443702183000000083e+00	6.061898999999999760e-02	9.150880399999999915e-02	4.676643050000000024e-01	2.381600526200000090e+01
6.275652099999999567e-02	4.117837600000000264e-02	1.494528422999999995e+00	6.275652099999999567e-02	-2.693638199999999830e-02	4.105749539999999920e-01	2.381471102700000131e+01
6.496942599999999679e-02	4.413083799999999862e-02	1.547137997999999959e+00	6.496942599999999679e-02	-1.708769250000000128e-01	3.725210030000000172e-01	2.381332408000000100e+01
6.726036200000000409e-02	4.729477499999999723e-02	1.601592818000000085e+00	6.726036200000000409e-02	-3.374449199999999816e-01	3.598807239999999852e-01	2.381183779199999861e+01
6.963207899999999950e-02	5.068530400000000047e-02	1.657956874999999997e+00	6.963207899999999950e-02	-5.221104579999999995e-01	3.784334300000000151e-01	2.381024506500000015e+01
7.208742799999999507e-02	5.431861500000000065e-02	1.716296293999999945e+00	7.208742799999999507e-02	-7.188794689999999932e-01	4.328965430000000225e-01	2.380853829200000149e+01
7.462935699999999339e-02	5.821205200000000024e-02	1.776679405999999961e+00	7.462935699999999339e-02	-9.206256940000000499e-01	5.265640999999999794e-01	2.380670932700000009e+01
7.726091799999999787e-02	6.238418999999999909e-02	1.839176804000000054e+00	7.726091799999999787e-02	-1.119494651999999979e+00	6.610854470000000482e-01	2.380474944599999887e+01
7.998527299999999562e-02	6.685492399999999613e-02	1.903861411000000059e+00	7.998527299999999562e-02	-1.307307988000000032e+00	8.363848310000000508e-01	2.380264930299999904e+01
8.280569399999999913e-02	7.164555999999999703e-02	1.970808544000000051e+00	8.280569399999999913e-02	-1.475908581000000108e+00	1.050684646000000111e+00	2.380039889100000039e+01
8.572556700000000252e-02	7.677891700000000208e-02	2.040095979000000170e+00	8.572556700000000252e-02	-1.617416834999999997e+00	1.300567610999999957e+00	2.379798749200000074e+01
8.874840100000000453e-02	8.227943000000000062e-02	2.111804014000000063e+00	8.874840100000000453e-02	-1.724409931999999923e+00	1.581001802000000067e+00	2.379540362999999914e+01
9.187782399999999683e-02	8.817326100000000277e-02	2.186015539000000008e+00	9.187782399999999683e-02	-1.790083175999999998e+00	1.885259293000000058e+00	2.379263501499999833e+01
9.511759699999999818e-02	9.448842699999999983e-02	2.262816098000000054e+00	9.511759699999999818e-02	-1.808504292000000069e+00	2.204686836000000039e+00	2.378966849000000039e+01
9.847161000000000108e-02	1.012549199999999983e-01	2.342293952999999984e+00	9.847161000000000108e-02	-1.775126828000000101e+00	2.528346318000000092e+00	2.378648996900000157e+01
1.019438909999999948e-01	1.085048509999999994e-01	2.424540150999999977e+00	1.019438909999999948e-01	-1.687776546000000044e+00	2.842657776999999886e+00	2.378308436900000089e+01
1.055386100000000049e-01	1.162725919999999941e-01	2.509648582000000072e+00	1.055386100000000049e-01	-1.548319263000000001e+00	3.131382934999999978e+00	2.377943554799999859e+01
1.092600860000000063e-01	1.245949360000000034e-01	2.597716043000000141e+00	1.092600860000000063e-01	-1.365045083999999909e+00	3.376591335000000083e+00	2.377552622600000021e+01
1.131127880000000058e-01	1.335112599999999927e-01	2.688842296999999881e+00	1.131127880000000058e-01	-1.155269995999999910e+00	3.561532603999999935e+00	2.377133791099999982e+01
1.171013419999999972e-01	1.430637060000000127e-01	2.783130129999999980e+00	1.171013419999999972e-01	-9.466369340000000410e-01	3.676174293999999954e+00	2.376685081000000110e+01
1.212305399999999977e-01	1.532973689999999889e-01	2.880685397999999786e+00	1.212305399999999977e-01	-7.745094230000000302e-01	3.724834920999999799e+00	2.376204374799999997e+01
1.255053409999999925e-01	1.642604960000000058e-01	2.981617085999999972e+00	1.255053409999999925e-01	-6.731786849999999989e-01	3.732624198999999976e+00	2.375689406600000098e+01
1.299308779999999997e-01	1.760047020000000129e-01	3.086037345999999904e+00	1.299308779999999997e-01	-6.620595750000000113e-01	3.745212860000000088e+00	2.375137752799999902e+01
1.345124679999999961e-01	1.885852000000000084e-01	3.194061537000000062e+00	1.345124679999999961e-01	-7.332535719999999646e-01	3.818626334000000178e+00	2.374546820500000166e+01
1.392556130000000003e-01	2.020610389999999978e-01	3.305808262999999858e+00	1.392556130000000003e-01	-8.479078580000000143e-01	4.002777267999999999e+00	2.373913836999999916e+01
1.441660090000000116e-01	2.164953649999999952e-01	3.421399393999999816e+00	1.441660090000000116e-01	-9.422195370000000514e-01	4.327348605000000070e+00	2.373235837400000037e+01
1.492495550000000060e-01	2.319556909999999916e-01	3.540960086000000118e+00	1.492495550000000060e-01	-9.359067119999999740e-01	4.794652059999999771e+00	2.372509651600000069e+01
1.545123549999999901e-01	2.485141889999999965e-01	3.664618788999999932e+00	1.545123549999999901e-01	-7.352773580000000475e-01	5.374278494000000350e+00	2.371731891199999964e+01
1.599607299999999954e-01	2.662479930000000161e-01	3.792507247000000081e+00	1.599607299999999954e-01	-2.312217709999999926e-01	5.985699299000000195e+00	2.370898934399999902e+01
1.656012249999999908e-01	2.852395320000000178e-01	3.924760479000000135e+00	1.656012249999999908e-01	6.884385419999999867e-01	6.449999646000000197e+00	2.370006911700000174e+01
1.714406139999999912e-01	3.055768629999999764e-01	4.061516752000000174e+00	1.714406139999999912e-01	2.045925357999999861e+00	6.408833008000000220e+00	2.369051688900000130e+01
1.774859089999999973e-01	3.273540449999999824e-01	4.202917535000000093e+00	1.774859089999999973e-01	3.482972635999999955e+00	5.350707539000000068e+00	2.368028850800000029e+01
1.837443719999999892e-01	3.506715149999999892e-01	4.349107442000000212e+00	1.837443719999999892e-01	3.992212746999999951e+00	3.186195569000000116e+00	2.366933682599999855e+01
1.902235200000000070e-01	3.756364930000000157e-01	4.500234139999999883e+00	1.902235200000000070e-01	2.777544230999999808e+00	1.025705410000000040e+00	2.365761151699999942e+01
1.969311340000000077e-01	4.023634139999999748e-01	4.656448251999999677e+00	1.969311340000000077e-01	5.037599230000000539e-01	1.245085489999999961e-01	2.364505886999999973e+01
2.038752699999999973e-01	4.309743670000000249e-01	4.817903224000000151e+00	2.038752699999999973e-01	-1.713521972999999976e+00	5.100378279999999709e-01	2.363162158600000140e+01
2.110642679999999993e-01	4.615995709999999863e-01	4.984755166000000237e+00	2.110642679999999993e-01	-3.436826614000000113e+00	1.646812313000000083e+00	2.361723855500000013e+01
2.185067629999999927e-01	4.943778629999999730e-01	5.157162665000000423e+00	2.185067629999999927e-01	-4.686387830000000143e+00	3.177724570000000082e+00	2.360184462699999841e+01
2.262116929999999915e-01	5.294572159999999528e-01	5.335286563000000370e+00	2.262116929999999915e-01	-5.567489984999999919e+00	5.001405520999999688e+00	2.358537037099999978e+01
2.341883130000000091e-01	5.669952729999999663e-01	5.519289689999999915e+00	2.341883130000000091e-01	-6.116170504000000285e+00	7.198492990000000091e+00	2.356774182499999881e+01
2.424462019999999995e-01	6.071599079999999704e-01	5.709336568000000334e+00	2.424462019999999995e-01	-6.180622967999999773e+00	1.001935662100000002e+01	2.354888023499999861e+01
2.509952779999999883e-01	6.501298020000000344e-01	5.905593054999999758e+00	2.509952779999999883e-01	-5.041050616999999789e+00	1.388447338399999964e+01	2.352870178599999917e+01
2.598458100000000104e-01	6.960950500000000485e-01	6.108225951999999737e+00	2.598458100000000104e-01	-1.179829899999999959e-01	1.839903921299999823e+01	2.350711731999999898e+01
2.690084280000000216e-01	7.452577729999999567e-01	6.317402538999999706e+00	2.690084280000000216e-01	1.027387085199999994e+01	1.548701207200000063e+01	2.348403204599999938e+01
2.784941349999999760e-01	7.978327589999999470e-01	6.533290064000000008e+00	2.784941349999999760e-01	9.427483147000000230e+00	4.848178665999999915e+00	2.345934525099999846e+01
2.883143249999999824e-01	8.540481130000000531e-01	6.756055155000000312e+00	2.883143249999999824e-01	3.370574275000000064e+00	2.823278525000000094e+00	2.343294999000000089e+01
2.984807919999999948e-01	9.141459180000000018e-01	6.985863170000000011e+00	2.984807919999999948e-01	-1.144495229999999975e-01	4.448036682999999769e+00	2.340473278300000004e+01
3.090057460000000256e-01	9.783829080000000511e-01	7.222877459000000222e+00	3.090057460000000256e-01	-1.721557189999999959e+00	6.933315836000000232e+00	2.337457330200000172e+01
3.199018279999999992e-01	1.047031140999999943e+00	7.467258546000000052e+00	3.199018279999999992e-01	-1.876141395000000101e+00	9.782577294999999395e+00	2.334234405999999851e+01
3.311821260000000211e-01	1.120378673999999908e+00	7.719163218000000271e+00	3.311821260000000211e-01	-2.310413349999999866e-01	1.246064847499999928e+01	2.330791010000000085e+01
3.428601860000000112e-01	1.198730228999999925e+00	7.978743519000000006e+00	3.428601860000000112e-01	3.008751558000000159e+00	1.318462130700000046e+01	2.327112868800000101e+01
3.549500360000000243e-01	1.282407843000000103e+00	8.246145634999999530e+00	3.549500360000000243e-01	4.900477680999999919e+00	1.141792212800000073e+01	2.323184901500000166e+01
3.674661940000000238e-01	1.371751495999999904e+00	8.521508669999999341e+00	3.674661940000000238e-01	4.723776691000000305e+00	1.028210684999999991e+01	2.318991190899999921e+01
3.804236939999999789e-01	1.467119709000000105e+00	8.804963300000000714e+00	3.804236939999999789e-01	4.822336425999999676e+00	1.035083258999999956e+01	2.314514956700000070e+01
3.938380980000000253e-01	1.568890088999999932e+00	9.096630303999999612e+00	3.938380980000000253e-01	5.726284391000000085e+00	9.969087549999999354e+00	2.309738530199999929e+01
4.077255180000000090e-01	1.677459832000000040e+00	9.396618963999999963e+00	4.077255180000000090e-01	5.875701495999999580e+00	8.689196557000000709e+00	2.304643332999999927e+01
4.221026319999999776e-01	1.793246136000000046e+00	9.705025324999999370e+00	4.221026319999999776e-01	5.079303436000000005e+00	8.192291111999999487e+00	2.299209857600000007e+01
4.369867080000000015e-01	1.916686547999999934e+00	1.002193031400000045e+01	4.369867080000000015e-01	5.049492966999999943e+00	8.398560972000000291e+00	2.293417653799999911e+01
4.523956230000000245e-01	2.048239183999999824e+00	1.034739771699999977e+01	4.523956230000000245e-01	5.481012766000000092e+00	7.258530556000000189e+00	2.287245319100000174e+01
4.683478830000000204e-01	2.188382842999999855e+00	1.068147199500000077e+01	4.683478830000000204e-01	3.520649166000000108e+00	5.605142718999999829e+00	2.280670495900000105e+01
4.848626480000000072e-01	2.337616960000000077e+00	1.102417596799999977e+01	4.848626480000000072e-01	4.930649109999999946e-01	6.571033615000000161e+00	2.273669875599999912e+01
5.019597519999999813e-01	2.496461395999999944e+00	1.137550833699999941e+01	5.019597519999999813e-01	-1.164542935999999917e+00	9.560793821000000747e+00	2.266219210799999928e+01
5.196597299999999864e-01	2.665456026999999839e+00	1.173544106499999984e+01	5.196597299999999864e-01	-3.939345419999999987e-01	1.343830494200000025e+01	2.258293337299999948e+01
5.379838399999999909e-01	2.845160111999999852e+00	1.210391662299999993e+01	5.379838399999999909e-01	3.731877836999999865e+00	1.549734763400000048e+01	2.249866207099999826e+01
5.569540910000000400e-01	3.036151396999999807e+00	1.248084510800000047e+01	5.569540910000000400e-01	7.021323599999999665e+00	1.286523049500000049e+01	2.240910933099999980e+01
5.765932649999999660e-01	3.239024949000000042e+00	1.286610124100000085e+01	5.765932649999999660e-01	6.500105478000000048e+00	9.735182598999999826e+00	2.231399848499999905e+01
5.969249509999999814e-01	3.454391655999999866e+00	1.325952127899999944e+01	5.969249509999999814e-01	3.976402756000000149e+00	8.484999281000000337e+00	2.221304580600000023e+01
6.179735680000000286e-01	3.682876391000000194e+00	1.366089984799999968e+01	6.179735680000000286e-01	1.624712924000000003e+00	9.619634540999999928e+00	2.210596142099999994e+01
6.397643960000000130e-01	3.925115776999999806e+00	1.406998674199999932e+01	6.397643960000000130e-01	8.999009799999999615e-01	1.145106683500000067e+01	2.199245040699999976e+01
6.623236059999999537e-01	4.181755549000000016e+00	1.448648370699999965e+01	6.623236059999999537e-01	3.212566119999999970e-01	1.247981664299999949e+01	2.187221408899999986e+01
6.856782940000000215e-01	4.453447466000000077e+00	1.491004127599999940e+01	6.856782940000000215e-01	-9.777632250000000136e-01	1.482436152600000057e+01	2.174495155199999985e+01
7.098565079999999972e-01	4.740845739000000059e+00	1.534025567599999995e+01	7.098565079999999972e-01	1.522414599999999917e-02	1.886229980799999950e+01	2.161036138200000067e+01
7.348872889999999991e-01	5.044602969999999686e+00	1.577666589000000030e+01	7.348872889999999991e-01	3.671052270000000117e+00	2.068401456400000171e+01	2.146814364900000172e+01
7.608006990000000247e-01	5.365365568999999724e+00	1.621875092899999871e+01	7.608006990000000247e-01	7.115983657000000129e+00	2.020628890600000105e+01	2.131800213600000049e+01
7.876278610000000402e-01	5.703768634000000226e+00	1.666592737899999932e+01	7.876278610000000402e-01	7.652652343999999829e+00	1.682646975700000169e+01	2.115964683600000029e+01
8.154009960000000445e-01	6.060430303999999602e+00	1.711754732300000015e+01	8.154009960000000445e-01	5.221379914999999983e+00	1.807196499300000170e+01	2.099279668799999854e+01
8.441534600000000221e-01	6.435945577000000029e+00	1.757289670300000139e+01	8.441534600000000221e-01	7.716889737999999888e+00	2.031049862300000086e+01	2.081718259100000168e+01
8.739197859999999762e-01	6.830879617999999986e+00	1.803119423300000079e+01	8.739197859999999762e-01	9.400287391999999187e+00	1.939329805499999893e+01	2.063255064100000169e+01
9.047357240000000189e-01	7.245760590999999806e+00	1.849159094599999875e+01	9.047357240000000189e-01	1.127367215199999961e+01	1.709198370700000069e+01	2.043866562399999864e+01
9.366382869999999583e-01	7.681072064000000310e+00	1.895317048600000120e+01	9.366382869999999583e-01	8.508614489999999364e+00	1.534002879500000027e+01	2.023531469399999949e+01
9.696657890000000002e-01	8.137245046000000315e+00	1.941495023699999933e+01	9.696657890000000002e-01	6.881735776000000193e+00	1.533212499400000084e+01	2.002231124500000092e+01
1.003857898999999998e+00	8.614649750999999966e+00	1.987588338200000138e+01	1.003857898999999998e+00	3.213378112000000009e+00	1.788668183700000114e+01	1.979949890800000034e+01
1.039255682999999930e+00	9.113587187000000256e+00	2.033486200000000110e+01	1.039255682999999930e+00	4.240950813999999625e+00	2.265281459799999908e+01	1.956675564400000056e+01
1.075901653999999930e+00	9.634280700999999780e+00	2.079072125700000129e+01	1.075901653999999930e+00	6.349016736000000272e+00	2.617568628500000116e+01	1.932399785400000169e+01
1.113839825999999977e+00	1.017686762199999961e+01	2.124224478100000013e+01	1.113839825999999977e+00	1.082441369700000067e+01	2.638599666600000049e+01	1.907118445200000068e+01
1.153115764999999904e+00	1.074139116399999949e+01	2.168817124799999974e+01	1.153115764999999904e+00	1.504257635099999924e+01	2.612234861600000002e+01	1.880832081799999855e+01
1.193776641999999999e+00	1.132779277899999926e+01	2.212720222200000109e+01	1.193776641999999999e+00	1.439394849099999973e+01	2.310935577800000118e+01	1.853546253900000096e+01
1.235871291999999899e+00	1.193590514599999963e+01	2.255801123199999836e+01	1.235871291999999899e+00	1.486060773500000032e+01	2.144832813900000090e+01	1.825271885300000108e+01
1.279450272999999916e+00	1.256544600600000017e+01	2.297925406099999890e+01	1.279450272999999916e+00	1.440347454499999991e+01	2.232637632599999833e+01	1.796025569900000107e+01
1.324565924999999922e+00	1.321601304800000065e+01	2.338958017599999906e+01	1.324565924999999922e+00	1.388557656899999948e+01	2.317352242700000176e+01	1.765829825899999861e+01
1.371272433999999985e+00	1.388708006100000070e+01	2.378764518599999889e+01	1.371272433999999985e+00	1.409462538300000034e+01	2.229105846199999874e+01	1.734713291799999979e+01
1.419625896000000109e+00	1.457799453600000028e+01	2.417212419399999845e+01	1.419625896000000109e+00	1.466636257200000060e+01	2.246106830700000145e+01	1.702710851799999858e+01
1.469684385999999954e+00	1.528797692000000019e+01	2.454172584899999876e+01	1.469684385999999954e+00	1.430113256499999963e+01	2.402118137700000133e+01	1.669863685099999984e+01
1.521508026000000013e+00	1.601612165699999935e+01	2.489520687499999951e+01	1.521508026000000013e+00	1.357458732099999921e+01	2.596089071000000104e+01	1.636219228299999884e+01
1.575159057000000029e+00	1.676140015300000030e+01	2.523138683199999832e+01	1.575159057000000029e+00	1.364107193899999970e+01	2.772737388299999850e+01	1.601831048000000024e+01
1.630701917999999973e+00	1.752266575599999854e+01	2.554916281599999905e+01	1.630701917999999973e+00	1.474833855099999980e+01	2.941942848900000129e+01	1.566758617200000003e+01
1.688203316999999926e+00	1.829866076000000064e+01	2.584752378700000008e+01	1.688203316999999926e+00	1.664109175100000115e+01	3.149845914000000136e+01	1.531066994799999925e+01
1.747732314999999925e+00	1.908802544999999995e+01	2.612556421900000103e+01	1.747732314999999925e+00	2.012563468100000108e+01	3.435453120900000101e+01	1.494826409500000075e+01
1.809360410999999891e+00	1.988930909400000147e+01	2.638249673600000023e+01	1.809360410999999891e+00	2.760749396699999991e+01	3.661246343500000222e+01	1.458111749300000071e+01
1.873161620000000083e+00	2.070098276399999904e+01	2.661766343600000084e+01	1.873161620000000083e+00	3.655778611400000244e+01	3.085972882300000109e+01	1.421001965199999972e+01
1.939212571999999968e+00	2.152145378999999892e+01	2.683054558399999934e+01	1.939212571999999968e+00	3.641740104200000161e+01	2.026281090000000162e+01	1.383579395599999984e+01
2.007592595999999840e+00	2.234908162800000042e+01	2.702077143900000067e+01	2.007592595999999840e+00	3.066331588599999947e+01	1.595743448099999995e+01	1.345929024500000004e+01
2.078383818999999910e+00	2.318219483100000033e+01	2.718812196200000031e+01	2.078383818999999910e+00	2.676081753300000088e+01	1.635973684100000014e+01	1.308137684599999950e+01
2.151671263999999972e+00	2.401910882099999966e+01	2.733253425599999886e+01	2.151671263999999972e+00	2.343035130399999844e+01	1.708684410000000042e+01	1.270293223600000054e+01
2.227542951999999854e+00	2.485814409900000044e+01	2.745410260799999946e+01	2.227542951999999854e+00	2.139952118400000103e+01	2.000776572499999872e+01	1.232483646800000088e+01
2.306090009000000052e+00	2.569764452400000110e+01	2.755307708500000174e+01	2.306090009000000052e+00	2.181541543999999888e+01	2.261142036200000049e+01	1.194796256100000065e+01
2.387406771999999844e+00	2.653599529099999899e+01	2.762985969100000005e+01	2.387406771999999844e+00	2.278106834900000166e+01	2.526100217000000114e+01	1.157316801500000025e+01
2.471590905999999865e+00	2.737164024000000140e+01	2.768499816199999941e+01	2.471590905999999865e+00	2.523321338699999927e+01	2.576059850500000081e+01	1.120128662599999991e+01
2.558743520000000160e+00	2.820309814699999862e+01	2.771917754000000045e+01	2.558743520000000160e+00	2.505179797399999941e+01	2.632407447099999942e+01	1.083312075699999966e+01
2.648969287999999978e+00	2.902897768900000131e+01	2.773320970800000040e+01	2.648969287999999978e+00	2.783137087900000139e+01	2.889324498699999921e+01	1.046943422000000012e+01
2.742376573000000040e+00	2.984799080499999846e+01	2.772802112600000157e+01	2.742376573000000040e+00	3.184038619900000100e+01	2.649971530199999847e+01	1.011094588399999950e+01
2.839077563000000026e+00	3.065896422799999854e+01	2.770463905000000082e+01	2.839077563000000026e+00	3.242761454699999746e+01	2.366148184800000109e+01	9.758324116000000714e+00
2.939188398999999841e+00	3.146084902000000127e+01	2.766417653499999929e+01	2.939188398999999841e+00	2.897803973799999966e+01	2.157343005199999908e+01	9.412182134000000033e+00
3.042829316999999811e+00	3.225272798299999977e+01	2.760781654000000174e+01	3.042829316999999811e+00	2.809712757699999841e+01	2.412188421700000163e+01	9.073074320999999998e+00
3.150124796000000060e+00	3.303382089499999807e+01	2.753679545299999987e+01	3.150124796000000060e+00	2.885729329799999832e+01	2.712728173900000073e+01	8.741493507999999579e+00
3.261203699999999817e+00	3.380348755899999702e+01	2.745238637099999934e+01	3.261203699999999817e+00	3.055950496699999874e+01	2.679709397199999898e+01	8.417869257999999633e+00
3.376199440999999801e+00	3.456122870099999744e+01	2.735588243400000152e+01	3.376199440999999801e+00	3.135948986000000005e+01	2.636282046399999857e+01	8.102567075999999702e+00
3.495250132999999870e+00	3.530668481699999717e+01	2.724858048200000127e+01	3.495250132999999870e+00	3.315781056099999802e+01	2.743747837100000098e+01	7.795888547999999751e+00
3.618498760000000036e+00	3.603963307000000071e+01	2.713176532099999960e+01	3.618498760000000036e+00	3.599834688600000021e+01	2.657673851099999851e+01	7.498072300999999662e+00
3.746093349000000128e+00	3.675998240700000252e+01	2.700669479000000095e+01	3.746093349000000128e+00	3.559777442299999706e+01	2.412831165200000072e+01	7.209295732000000179e+00
3.878187146000000141e+00	3.746776705700000321e+01	2.687458584199999834e+01	3.878187146000000141e+00	3.413238945999999885e+01	2.424602912900000007e+01	6.929677406999999789e+00
4.014938800999999557e+00	3.816313860399999669e+01	2.673660178200000104e+01	4.014938800999999557e+00	3.399221446199999974e+01	2.530556976400000124e+01	6.659280030999999767e+00
4.156512558000000190e+00	3.884635683500000169e+01	2.659384078600000123e+01	4.156512558000000190e+00	3.436063903699999855e+01	2.662954975199999907e+01	6.398113902999999603e+00
4.303078454000000441e+00	3.951777953900000284e+01	2.644732578500000031e+01	4.303078454000000441e+00	3.500624940499999838e+01	2.753540728700000173e+01	6.146140737999999715e+00
4.454812518999999860e+00	4.017785148800000172e+01	2.629799578200000099e+01	4.454812518999999860e+00	3.648324146000000212e+01	2.923370416599999899e+01	5.903277786000000305e+00
4.611896992000000139e+00	4.082709274799999832e+01	2.614669862499999908e+01	4.611896992000000139e+00	3.971819871499999977e+01	2.856408131599999933e+01	5.669402128999999846e+00
4.774520539000000063e+00	4.146608652999999833e+01	2.599418525700000160e+01	4.774520539000000063e+00	3.958140113299999996e+01	2.755071412199999870e+01	5.444355103000000362e+00
4.942878474999999661e+00	4.209546672900000175e+01	2.584110543199999910e+01	4.942878474999999661e+00	3.975992891300000309e+01	2.670394756700000016e+01	5.227946743999999590e+00
5.117173006999999885e+00	4.271590530900000005e+01	2.568800487000000032e+01	5.117173006999999885e+00	4.041070576900000333e+01	2.805065334300000046e+01	5.019960206999999563e+00
5.297613468999999853e+00	4.332809969499999880e+01	2.553532383699999997e+01	5.297613468999999853e+00	4.181596881200000126e+01	2.920107305899999872e+01	4.820156092999999586e+00
5.484416576000000099e+00	4.393276027299999953e+01	2.538339709499999941e+01	5.484416576000000099e+00	4.397865174399999688e+01	2.984024700000000152e+01	4.628276634999999750e+00
5.677806688000000435e+00	4.453059815299999968e+01	2.523245517799999860e+01	5.677806688000000435e+00	4.676629821400000253e+01	2.870790353900000014e+01	4.444049713000000068e+00
5.878016072000000314e+00	4.512231330400000218e+01	2.508262695799999875e+01	5.878016072000000314e+00	4.809377203100000031e+01	2.572283605000000151e+01	4.267192645999999812e+00
6.085285189999999567e+00	4.570858315200000277e+01	2.493394341799999836e+01	6.085285189999999567e+00	4.668646772799999667e+01	2.360278211500000012e+01	4.097415756000000187e+00
6.299862978000000169e+00	4.629005178100000251e+01	2.478634260600000161e+01	6.299862978000000169e+00	4.538266441100000037e+01	2.362628728600000017e+01	3.934425667999999821e+00
6.522007154999999834e+00	4.686731981500000188e+01	2.463967567299999928e+01	6.522007154999999834e+00	4.398287024500000086e+01	2.508981206800000052e+01	3.777928340999999968e+00
6.751984522999999960e+00	4.744093509599999692e+01	2.449371394299999949e+01	6.751984522999999960e+00	4.615029247100000021e+01	2.703045546399999921e+01	3.627631826000000004e+00
6.990071294999999907e+00	4.801138424900000246e+01	2.434815693399999859e+01	6.990071294999999907e+00	4.904258850600000130e+01	2.766328005500000131e+01	3.483248725999999795e+00
7.236553423000000151e+00	4.857908523799999756e+01	2.420264122900000103e+01	7.236553423000000151e+00	5.099313639300000034e+01	2.570859726899999842e+01	3.344498383999999991e+00
7.491726940999999584e+00	4.914438100800000342e+01	2.405675010399999891e+01	7.491726940999999584e+00	5.069287015999999824e+01	2.293526766400000128e+01	3.211108772999999861e+00
7.755898323000000261e+00	4.970753428399999763e+01	2.391002379800000099e+01	7.755898323000000261e+00	4.866100318800000224e+01	2.207316198699999887e+01	3.082818108000000112e+00
8.029384849999999574e+00	5.026872362600000343e+01	2.376197029600000121e+01	8.029384849999999574e+00	4.734643211200000223e+01	2.363546938100000006e+01	2.959376183999999910e+00
8.312514990000000381e+00	5.082804079200000302e+01	2.361207648099999901e+01	8.312514990000000381e+00	4.829617243300000240e+01	2.541443311600000143e+01	2.840545431999999870e+00
8.605628792999999277e+00	5.138548946800000294e+01	2.345981950299999852e+01	8.605628792999999277e+00	4.913719678100000010e+01	2.664103647499999994e+01	2.726101726000000003e+00
8.909078300999999200e+00	5.194098539499999845e+01	2.330467818700000038e+01	8.909078300999999200e+00	5.120733125999999658e+01	2.719132665300000085e+01	2.615834926999999865e+00
9.223227968999999860e+00	5.249435790599999763e+01	2.314614432300000146e+01	9.223227968999999860e+00	5.352934523100000064e+01	2.669407753000000127e+01	2.509549194999999955e+00
9.548455103000000221e+00	5.304535285600000094e+01	2.298373362199999903e+01	9.548455103000000221e+00	5.487057578499999977e+01	2.527653397499999954e+01	2.407063067000000167e+00
9.885150314000000549e+00	5.359363690299999661e+01	2.281699618800000096e+01	9.885150314000000549e+00	5.597474797800000346e+01	2.398404114099999873e+01	2.308209329999999948e+00
1.023371798600000027e+01	5.413880307899999877e+01	2.264552628799999923e+01	1.023371798600000027e+01	5.546820501900000266e+01	2.285310503999999909e+01	2.212834701999999876e+00
1.059457676399999926e+01	5.468037753499999809e+01	2.246897127600000132e+01	1.059457676399999926e+01	5.516440758899999963e+01	2.230063149400000100e+01	2.120799326999999845e+00
1.096816005300000008e+01	5.521782734399999981e+01	2.228703948100000076e+01	1.096816005300000008e+01	5.534352093399999717e+01	2.261672483799999966e+01	2.031976135999999933e+00
1.135491654099999970e+01	5.575056920400000138e+01	2.209950694400000160e+01	1.135491654099999970e+01	5.571627147000000235e+01	2.315150202799999946e+01	1.946250054999999923e+00
1.175531073900000045e+01	5.627797885700000080e+01	2.190622286600000024e+01	1.175531073900000045e+01	5.693685335299999650e+01	2.367973969499999853e+01	1.863517124999999997e+00
1.216982353600000089e+01	5.679940103500000248e+01	2.170711369800000057e+01	1.216982353600000089e+01	5.770648197900000298e+01	2.273911470099999832e+01	1.783683520999999939e+00
1.259895277799999924e+01	5.731415972700000339e+01	2.150218580700000004e+01	1.259895277799999924e+01	5.850775469199999890e+01	2.229209378599999880e+01	1.706664528999999986e+00
1.304321386700000041e+01	5.782156854000000124e+01	2.129152670699999916e+01	1.304321386700000041e+01	5.892276519199999996e+01	2.207200520399999988e+01	1.632383469999999948e+00
1.350314037899999953e+01	5.832094094600000034e+01	2.107530486499999967e+01	1.350314037899999953e+01	5.937651367200000152e+01	2.217544213300000067e+01	1.560770626000000050e+00
1.397928470299999937e+01	5.881160021400000204e+01	2.085376814700000025e+01	1.397928470299999937e+01	6.037037761900000277e+01	2.153116129000000001e+01	1.491762175000000079e+00
1.447221870699999968e+01	5.929288882099999825e+01	2.062724097599999951e+01	1.447221870699999968e+01	6.092839007700000309e+01	2.134878247199999990e+01	1.425299147000000044e+00
1.498253442699999916e+01	5.976417718300000104e+01	2.039612032999999869e+01	1.498253442699999916e+01	6.161225332800000132e+01	2.098153377699999922e+01	1.361326444999999996e+00
1.551084477000000028e+01	6.022487154000000231e+01	2.016087070800000092e+01	1.551084477000000028e+01	6.191222937700000273e+01	2.079191064100000119e+01	1.299791920000000101e+00
1.605778425800000164e+01	6.067442089099999691e+01	1.992201824099999996e+01	1.605778425800000164e+01	6.297138663599999830e+01	1.973486975999999871e+01	1.240645529000000025e+00
1.662400978899999870e+01	6.111232288200000085e+01	1.968014409899999961e+01	1.662400978899999870e+01	6.320239745800000009e+01	1.869604826799999842e+01	1.183838576999999948e+00
1.721020142200000080e+01	6.153812858799999930e+01	1.943587739699999872e+01	1.721020142200000080e+01	6.246069491400000118e+01	1.833166943699999862e+01	1.129323064000000043e+00
1.781706319499999935e+01	6.195144616700000029e+01	1.918988776599999824e+01	1.781706319499999935e+01	6.262596243000000129e+01	1.856805028400000168e+01	1.077051114000000087e+00
1.844532397600000095e+01	6.235194339499999927e+01	1.894287777099999914e+01	1.844532397600000095e+01	6.330091075600000039e+01	1.836569301800000176e+01	1.026974521999999945e+00
1.909573832899999957e+01	6.273934909900000179e+01	1.869557534300000157e+01	1.909573832899999957e+01	6.342240307600000193e+01	1.864002636400000057e+01	9.790443829999999625e-01
1.976908742799999885e+01	6.311345356500000037e+01	1.844872637199999943e+01	1.976908742799999885e+01	6.410552627799999925e+01	1.822092620300000121e+01	9.332108239999999943e-01
2.046617999400000087e+01	6.347410798300000323e+01	1.820308760900000067e+01	2.046617999400000087e+01	6.478836215699999457e+01	1.820506446499999953e+01	8.894228239999999452e-01
2.118785326100000077e+01	6.382122303300000254e+01	1.795941996699999876e+01	2.118785326100000077e+01	6.611079120300000511e+01	1.782898328599999971e+01	8.476281079999999912e-01
2.193497398899999951e+01	6.415476669900000672e+01	1.771848234400000166e+01	2.193497398899999951e+01	6.672345860900000503e+01	1.655365591400000014e+01	8.077731190000000394e-01
2.270843949900000069e+01	6.447476144899999895e+01	1.748102600900000070e+01	2.270843949900000069e+01	6.649947497300000521e+01	1.475715097399999998e+01	7.698030510000000159e-01
2.350917875500000065e+01	6.478128087100000698e+01	1.724778963199999993e+01	2.350917875500000065e+01	6.546647386399999391e+01	1.430324880100000051e+01	7.336619370000000417e-01
2.433815347499999859e+01	6.507444588799999963e+01	1.701949495699999915e+01	2.433815347499999859e+01	6.469276501599999563e+01	1.424287532299999981e+01	6.992927780000000038e-01
2.519635929300000043e+01	6.535442066800000305e+01	1.679684315400000116e+01	2.519635929300000043e+01	6.411243723799999827e+01	1.477841207700000048e+01	6.666377060000000521e-01
2.608482694799999990e+01	6.562140831700000376e+01	1.658051183299999920e+01	2.608482694799999990e+01	6.397542338600000278e+01	1.521098905100000032e+01	6.356381760000000547e-01
2.700462352399999943e+01	6.587564646799999935e+01	1.637115270500000008e+01	2.700462352399999943e+01	6.379834549299999935e+01	1.584280250499999987e+01	6.062351759999999867e-01
2.795685373499999926e+01	6.611740283100000681e+01	1.616938985399999851e+01	2.795685373499999926e+01	6.454850659699999937e+01	1.665897706999999883e+01	5.783694409999999841e-01
2.894266124700000020e+01	6.634697079699999733e+01	1.597581859699999995e+01	2.894266124700000020e+01	6.553601109000000235e+01	1.649844682299999832e+01	5.519816739999999777e-01
2.996323005500000036e+01	6.656466514299999915e+01	1.579100485899999917e+01	2.996323005500000036e+01	6.605983555299999921e+01	1.636087914100000162e+01	5.270127700000000193e-01
3.101978590099999877e+01	6.677081790299999398e+01	1.561548504699999995e+01	3.101978590099999877e+01	6.640402613599999881e+01	1.604289999399999900e+01	5.034040239999999500e-01
3.211359775300000052e+01	6.696577443200000346e+01	1.544976633499999963e+01	3.211359775300000052e+01	6.700623661999999570e+01	1.606973110999999932e+01	4.810973359999999865e-01
3.324597932300000025e+01	6.714988971100000015e+01	1.529432733800000044e+01	3.324597932300000025e+01	6.743697030299999540e+01	1.603435507900000090e+01	4.600353979999999843e-01
3.441829064499999902e+01	6.732352489699999865e+01	1.514961909700000042e+01	3.441829064499999902e+01	6.796653483599999390e+01	1.555252728099999970e+01	4.401618680000000117e-01
3.563193971199999766e+01	6.748704414799999540e+01	1.501606634600000056e+01	3.563193971199999766e+01	6.845461204500000463e+01	1.494606695000000052e+01	4.214215239999999918e-01
3.688838416699999811e+01	6.764081171200000142e+01	1.489406898999999918e+01	3.688838416699999811e+01	6.828285568500000124e+01	1.428546794999999925e+01	4.037604069999999878e-01
3.818913304800000219e+01	6.778518930399999931e+01	1.478400376999999999e+01	3.818913304800000219e+01	6.774893520499999511e+01	1.399041807000000048e+01	3.871259329999999776e-01
3.953574860700000215e+01	6.792053373699999952e+01	1.468622606499999961e+01	3.953574860700000215e+01	6.766611118999999519e+01	1.428310319799999917e+01	3.714670030000000178e-01
4.092984818499999733e+01	6.804719481899999778e+01	1.460107178700000041e+01	4.092984818499999733e+01	6.793916802100000041e+01	1.457572982800000005e+01	3.567340809999999807e-01
4.237310614900000161e+01	6.816551350100000661e+01	1.452885935399999973e+01	4.237310614900000161e+01	6.845042825999999536e+01	1.456372116500000047e+01	3.428792620000000180e-01
4.386725590999999724e+01	6.827582024800000227e+01	1.446989169100000083e+01	4.386725590999999724e+01	6.875985474700000566e+01	1.425800403699999919e+01	3.298563219999999796e-01
4.541409200399999690e+01	6.837843363199999658e+01	1.442445825899999967e+01	4.541409200399999690e+01	6.848471113200000104e+01	1.375038781299999968e+01	3.176207569999999758e-01
4.701547224000000114e+01	6.847365911699999685e+01	1.439283706099999982e+01	4.701547224000000114e+01	6.830607638300000417e+01	1.371985275800000004e+01	3.061297989999999802e-01
4.867331994199999912e+01	6.856178802799999517e+01	1.437529664300000043e+01	4.867331994199999912e+01	6.797632783100000609e+01	1.390426029400000019e+01	2.953424310000000164e-01
5.038962625100000281e+01	6.864309667199999865e+01	1.437209804399999946e+01	5.038962625100000281e+01	6.802063097799999980e+01	1.432343016299999938e+01	2.852193820000000213e-01
5.216645251900000346e+01	6.871784560300000066e+01	1.438349670500000066e+01	5.216645251900000346e+01	6.819746911599999351e+01	1.452239031899999944e+01	2.757231130000000197e-01
5.400593278499999883e+01	6.878627901299999792e+01	1.440974432199999988e+01	5.400593278499999883e+01	6.826861044599999673e+01	1.477408065800000081e+01	2.668178030000000200e-01
5.591027634099999943e+01	6.884862421900000129e+01	1.445109063299999974e+01	5.591027634099999943e+01	6.858434296699999777e+01	1.519914640900000080e+01	2.584693120000000066e-01
5.788177037700000227e+01	6.890509124400000474e+01	1.450778514199999947e+01	5.788177037700000227e+01	6.923905875600000570e+01	1.520395643900000060e+01	2.506451519999999822e-01
5.992278273800000221e+01	6.895587246899999911e+01	1.458007877700000066e+01	5.992278273800000221e+01	6.930442280900000185e+01	1.480966177300000020e+01	2.433144479999999887e-01
6.203576476100000292e+01	6.900114233399999364e+01	1.466822547399999976e+01	6.203576476100000292e+01	6.926691650300000447e+01	1.479106043600000042e+01	2.364478869999999955e-01
6.422325422199999423e+01	6.904105709200000263e+01	1.477248369700000019e+01	6.422325422199999423e+01	6.920903542099999584e+01	1.513892016700000021e+01	2.300176760000000042e-01
6.648787838399999828e+01	6.907575458099999821e+01	1.489311789299999944e+01	6.648787838399999828e+01	6.932317633799999612e+01	1.522375568200000018e+01	2.239974899999999935e-01
6.883235715099999652e+01	6.910535402300000385e+01	1.503039987700000069e+01	6.883235715099999652e+01	6.938474202000000446e+01	1.540670829199999936e+01	2.183624170000000031e-01
7.125950633600000117e+01	6.912995581399999878e+01	1.518461016300000033e+01	7.125950633600000117e+01	6.955850453099999697e+01	1.567124253599999939e+01	2.130889049999999951e-01
7.377224104200000454e+01	6.914964132400000096e+01	1.535603923200000054e+01	7.377224104200000454e+01	6.965278865599999847e+01	1.580422407800000073e+01	2.081547069999999944e-01
7.637357916400000590e+01	6.916447266699999830e+01	1.554498874999999991e+01	7.637357916400000590e+01	6.963811620900000321e+01	1.597750965300000026e+01	2.035388270000000055e-01
7.906664501299999870e+01	6.917449245599999585e+01	1.575177273599999950e+01	7.906664501299999870e+01	6.998461857300000588e+01	1.628237165099999828e+01	1.992214639999999870e-01
8.185467307099999346e+01	6.917972351500000627e+01	1.597671868399999973e+01	8.185467307099999346e+01	7.001815879500000506e+01	1.640882927699999883e+01	1.951839529999999934e-01
8.474101186900000471e+01	6.918016855999999848e+01	1.622016864600000119e+01	8.474101186900000471e+01	7.027578760199999408e+01	1.658570720000000165e+01	1.914087200000000044e-01
8.772912801600000421e+01	6.917580981700000109e+01	1.648248027700000051e+01	8.772912801600000421e+01	7.059659844499999792e+01	1.676432906899999864e+01	1.878792220000000124e-01
9.082261035999999876e+01	6.916660858999999562e+01	1.676402785399999829e+01	9.082261035999999876e+01	7.078594395700000064e+01	1.654866068799999823e+01	1.845798949999999938e-01
9.402517429700000662e+01	6.915250476600000695e+01	1.706520326000000054e+01	9.402517429700000662e+01	7.075670191899999395e+01	1.645057458499999825e+01	1.814961089999999888e-01
9.734066623399999685e+01	6.913341623600000219e+01	1.738641694800000082e+01	9.734066623399999685e+01	7.038359934499999326e+01	1.630918881499999884e+01	1.786141149999999900e-01
1.007730682090000016e+02	6.910923825099999362e+01	1.772809889399999861e+01	1.007730682090000016e+02	6.971562655799999675e+01	1.656334854300000003e+01	1.759209999999999940e-01
1.043265026760000040e+02	6.907984267599999839e+01	1.809069952200000131e+01	1.043265026760000040e+02	6.933998029699999677e+01	1.720959844500000102e+01	1.734046389999999993e-01
1.080052374520000029e+02	6.904507716599999867e+01	1.847469062900000125e+01	1.080052374520000029e+02	6.919286540500000626e+01	1.800886848100000037e+01	1.710536549999999989e-01
1.118136908430000034e+02	6.900476421899999480e+01	1.888056630000000169e+01	1.118136908430000034e+02	6.925380521600000350e+01	1.854099380699999955e+01	1.688573750000000040e-01
1.157564369549999981e+02	6.895870014000000481e+01	1.930884381799999971e+01	1.157564369549999981e+02	6.931618338699999526e+01	1.910726971700000121e+01	1.668057890000000099e-01
1.198382111850000058e+02	6.890665386999999953e+01	1.976006457600000132e+01	1.198382111850000058e+02	6.923559309899999903e+01	1.960969640900000144e+01	1.648895149999999865e-01
1.240639159060000054e+02	6.884836569799999495e+01	2.023479499500000145e+01	1.240639159060000054e+02	6.899322607199999879e+01	2.026399238400000158e+01	1.630997610000000098e-01
1.284386263590000112e+02	6.878354582800000117e+01	2.073362744099999944e+01	1.284386263590000112e+02	6.891224381899999685e+01	2.128189649400000150e+01	1.614282870000000036e-01
1.329675967469999875e+02	6.871187280200000203e+01	2.125718116499999866e+01	1.329675967469999875e+02	6.921140088299999604e+01	2.247324619600000162e+01	1.598673790000000039e-01
1.376562665440000046e+02	6.863299176600000351e+01	2.180610324099999886e+01	1.376562665440000046e+02	6.991959133699999995e+01	2.347204423199999823e+01	1.584098120000000109e-01
1.425102670299999943e+02	6.854651256399999681e+01	2.238106953300000157e+01	1.425102670299999943e+02	7.106289827800000580e+01	2.393246424899999880e+01	1.570488220000000046e-01
1.475354280560000007e+02	6.845200764700000207e+01	2.298278566999999839e+01	1.475354280560000007e+02	7.167370213899999953e+01	2.361943949100000140e+01	1.557780800000000132e-01
1.527377850389999878e+02	6.834900978500000690e+01	2.361198805100000087e+01	1.527377850389999878e+02	7.155337045500000670e+01	2.341266556900000140e+01	1.545916619999999908e-01
1.581235862199999929e+02	6.823700956800000483e+01	2.426944486900000086e+01	1.581235862199999929e+02	7.122268091600000162e+01	2.386687786299999914e+01	1.534840279999999946e-01
