1.000000000000000021e-02	2.066712999999999970e-03	2.536154350000000002e-01	1.000000000000000021e-02	-5.035061600000000082e-02	-2.559242210000000073e-01	2.536154354099999964e+01
1.035261699999999972e-02	2.215007000000000174e-03	2.625564340000000052e-01	1.035261699999999972e-02	-6.900875900000000285e-02	-2.574765920000000041e-01	2.536135758400000029e+01
1.071766900000000085e-02	2.373938999999999824e-03	2.718124960000000145e-01	1.071766900000000085e-02	-8.868618300000000176e-02	-2.583606740000000124e-01	2.536115828799999861e+01
1.109559300000000082e-02	2.544272000000000200e-03	2.813947099999999923e-01	1.109559300000000082e-02	-1.094145059999999947e-01	-2.584898729999999811e-01	2.536094469500000059e+01
1.148684300000000005e-02	2.726824999999999995e-03	2.913145500000000054e-01	1.148684300000000005e-02	-1.312226519999999952e-01	-2.577702350000000142e-01	2.536071578099999968e+01
1.189188899999999924e-02	2.922472000000000177e-03	3.015838920000000201e-01	1.189188899999999924e-02	-1.541361599999999943e-01	-2.561000979999999982e-01	2.536047044900000103e+01
1.231121699999999930e-02	3.132152999999999934e-03	3.122150300000000045e-01	1.231121699999999930e-02	-1.781763919999999890e-01	-2.533697670000000235e-01	2.536020751899999937e+01
1.274533299999999932e-02	3.356874000000000142e-03	3.232206859999999793e-01	1.274533299999999932e-02	-2.033596629999999961e-01	-2.494612330000000044e-01	2.535992573200000066e+01
1.319475500000000072e-02	3.597713000000000213e-03	3.346140280000000078e-01	1.319475500000000072e-02	-2.296962740000000058e-01	-2.442479280000000030e-01	2.535962373399999947e+01
1.366002499999999925e-02	3.855826000000000132e-03	3.464086820000000233e-01	1.366002499999999925e-02	-2.571894439999999893e-01	-2.375945469999999893e-01	2.535930008000000058e+01
1.414170200000000079e-02	4.132450000000000186e-03	3.586187519999999851e-01	1.414170200000000079e-02	-2.858341449999999839e-01	-2.293569430000000076e-01	2.535895321499999966e+01
1.464036299999999999e-02	4.428912000000000126e-03	3.712588330000000103e-01	1.464036299999999999e-02	-3.156158210000000186e-01	-2.193820989999999971e-01	2.535858147800000140e+01
1.515660800000000023e-02	4.746633000000000102e-03	3.843440300000000032e-01	1.515660800000000023e-02	-3.465090209999999726e-01	-2.075082149999999959e-01	2.535818308400000021e+01
1.569105599999999837e-02	5.087137999999999730e-03	3.978899730000000079e-01	1.569105599999999837e-02	-3.784759039999999741e-01	-1.935649080000000077e-01	2.535775612699999826e+01
1.624435000000000115e-02	5.452056999999999737e-03	4.119128360000000044e-01	1.624435000000000115e-02	-4.114646539999999852e-01	-1.773735559999999878e-01	2.535729856000000026e+01
1.681715400000000082e-02	5.843140999999999613e-03	4.264293550000000099e-01	1.681715400000000082e-02	-4.454077900000000256e-01	-1.587477959999999966e-01	2.535680818999999886e+01
1.741015699999999902e-02	6.262262999999999684e-03	4.414568500000000117e-01	1.741015699999999902e-02	-4.802203729999999782e-01	-1.374942050000000082e-01	2.535628266799999864e+01
1.802406900000000020e-02	6.711431000000000341e-03	4.570132390000000155e-01	1.802406900000000020e-02	-5.157981270000000507e-01	-1.134131859999999992e-01	2.535571947800000103e+01
1.865962900000000049e-02	7.192796000000000432e-03	4.731170619999999771e-01	1.865962900000000049e-02	-5.520154699999999526e-01	-8.630007000000000650e-02	2.535511592399999969e+01
1.931760000000000074e-02	7.708663999999999621e-03	4.897875019999999857e-01	1.931760000000000074e-02	-5.887234679999999720e-01	-5.594648099999999930e-02	2.535446911600000064e+01
1.999877300000000094e-02	8.261505000000000584e-03	5.070444029999999769e-01	1.999877300000000094e-02	-6.257477289999999748e-01	-2.214196800000000145e-02	2.535377596000000011e+01
2.070396399999999831e-02	8.853962999999999417e-03	5.249082950000000247e-01	2.070396399999999831e-02	-6.628862269999999945e-01	1.532405499999999962e-02	2.535303314000000086e+01
2.143402200000000049e-02	9.488873999999999573e-03	5.434004159999999972e-01	2.143402200000000049e-02	-6.999070939999999519e-01	5.666003000000000012e-02	2.535223710400000030e+01
2.218982300000000088e-02	1.016927500000000019e-02	5.625427349999999604e-01	2.218982300000000088e-02	-7.365463719999999492e-01	1.020696130000000035e-01	2.535138404599999973e+01
2.297227500000000033e-02	1.089842000000000068e-02	5.823579749999999722e-01	2.297227500000000033e-02	-7.725057410000000235e-01	1.517486090000000065e-01	2.535046989099999948e+01
2.378231800000000021e-02	1.167979300000000081e-02	6.028696369999999582e-01	2.378231800000000021e-02	-8.074502519999999794e-01	2.058814539999999915e-01	2.534949027200000060e+01
2.462092399999999889e-02	1.251712800000000063e-02	6.241020280000000309e-01	2.462092399999999889e-02	-8.410060550000000301e-01	2.646371809999999991e-01	2.534844051199999981e+01
2.548910100000000012e-02	1.341442399999999945e-02	6.460802829999999775e-01	2.548910100000000012e-02	-8.727581690000000281e-01	3.281647919999999830e-01	2.534731560099999825e+01
2.638789100000000012e-02	1.437596399999999976e-02	6.688303939999999947e-01	2.638789100000000012e-02	-9.022482979999999486e-01	3.965879569999999910e-01	2.534611017399999966e+01
2.731837399999999944e-02	1.540633800000000032e-02	6.923792349999999818e-01	2.731837399999999944e-02	-9.289727340000000222e-01	4.699989259999999835e-01	2.534481848400000104e+01
2.828166799999999939e-02	1.651045900000000163e-02	7.167545920000000237e-01	2.828166799999999939e-02	-9.523804059999999572e-01	5.484515110000000027e-01	2.534343437800000132e+01
2.927892899999999868e-02	1.769358999999999862e-02	7.419851870000000460e-01	2.927892899999999868e-02	-9.718711399999999667e-01	6.319529739999999451e-01	2.534195126299999856e+01
3.031135500000000163e-02	1.896136799999999928e-02	7.681007109999999916e-01	3.031135500000000163e-02	-9.867942509999999556e-01	7.204546080000000519e-01	2.534036208499999887e+01
3.138018599999999741e-02	2.031982800000000158e-02	7.951318499999999734e-01	3.138018599999999741e-02	-9.964476249999999480e-01	8.138407399999999514e-01	2.533865928599999862e+01
3.248670699999999661e-02	2.177543300000000029e-02	8.231103159999999530e-01	3.248670699999999661e-02	-1.000077555999999923e+00	9.119158619999999660e-01	2.533683477499999981e+01
3.363224499999999811e-02	2.333510399999999887e-02	8.520688770000000023e-01	3.363224499999999811e-02	-9.968796890000000133e-01	1.014389511999999938e+00	2.533487989099999993e+01
3.481817599999999929e-02	2.500625100000000017e-02	8.820413870000000101e-01	3.481817599999999929e-02	-9.860015840000000420e-01	1.120858506999999893e+00	2.533278536099999911e+01
3.604592599999999897e-02	2.679680599999999940e-02	9.130628170000000265e-01	3.604592599999999897e-02	-9.665476629999999458e-01	1.230786069999999954e+00	2.533054126000000039e+01
3.731696799999999897e-02	2.871525999999999940e-02	9.451692860000000529e-01	3.731696799999999897e-02	-9.375875299999999468e-01	1.343477419000000062e+00	2.532813696299999862e+01
3.863282999999999995e-02	3.077070299999999994e-02	9.783980939999999960e-01	3.863282999999999995e-02	-8.981691130000000189e-01	1.458051443000000003e+00	2.532556110100000168e+01
3.999509100000000344e-02	3.297286499999999704e-02	1.012787749999999987e+00	3.999509100000000344e-02	-8.473385089999999620e-01	1.573408267000000027e+00	2.532280150700000121e+01
4.140538800000000130e-02	3.533215700000000292e-02	1.048378006999999945e+00	4.140538800000000130e-02	-7.841690489999999514e-01	1.688192871000000039e+00	2.531984516300000010e+01
4.286541399999999752e-02	3.785972099999999896e-02	1.085209891999999954e+00	4.286541399999999752e-02	-7.078028219999999981e-01	1.800755568000000029e+00	2.531667813800000033e+01
4.437692299999999868e-02	4.056747899999999657e-02	1.123325735000000103e+00	4.437692299999999868e-02	-6.175086579999999881e-01	1.909111204000000006e+00	2.531328553399999848e+01
4.594173099999999954e-02	4.346818399999999999e-02	1.162769206000000111e+00	4.594173099999999954e-02	-5.127613039999999733e-01	2.010900621999999860e+00	2.530965141500000115e+01
4.756171700000000335e-02	4.657548200000000138e-02	1.203585337000000033e+00	4.756171700000000335e-02	-3.933469159999999909e-01	2.103360377000000003e+00	2.530575873600000136e+01
4.923882599999999943e-02	4.990396300000000257e-02	1.245820560000000077e+00	4.923882599999999943e-02	-2.594997119999999935e-01	2.183310168999999856e+00	2.530158927300000116e+01
5.097507300000000269e-02	5.346923399999999743e-02	1.289522728999999979e+00	5.097507300000000269e-02	-1.120728269999999999e-01	2.247171987000000204e+00	2.529712354500000160e+01
5.277254399999999762e-02	5.728798200000000118e-02	1.334741152000000097e+00	5.277254399999999762e-02	4.725775799999999693e-02	2.291040267000000075e+00	2.529234072599999905e+01
5.463339600000000074e-02	6.137804399999999966e-02	1.381526615999999930e+00	5.463339600000000074e-02	2.157652989999999937e-01	2.310827601999999814e+00	2.528721855999999946e+01
5.655986500000000083e-02	6.575848800000000383e-02	1.429931411000000097e+00	5.655986500000000083e-02	3.894424380000000019e-01	2.302513596999999912e+00	2.528173326799999998e+01
5.855426400000000170e-02	7.044969099999999484e-02	1.480009354000000110e+00	5.855426400000000170e-02	5.628098559999999972e-01	2.262521934000000012e+00	2.527585944899999859e+01
6.061898999999999760e-02	7.547342099999999887e-02	1.531815807999999945e+00	6.061898999999999760e-02	7.288260909999999537e-01	2.188237405000000191e+00	2.526956997399999949e+01
6.275652099999999567e-02	8.085293699999999972e-02	1.585407701000000058e+00	6.275652099999999567e-02	8.789812849999999456e-01	2.078645299000000168e+00	2.526283587900000072e+01
6.496942599999999679e-02	8.661307199999999928e-02	1.640843542000000044e+00	6.496942599999999679e-02	1.003664491000000103e+00	1.935027470999999943e+00	2.525562624699999859e+01
6.726036200000000409e-02	9.278034300000000123e-02	1.698183425999999940e+00	6.726036200000000409e-02	1.092871786999999983e+00	1.761588302999999911e+00	2.524790808699999900e+01
6.963207899999999950e-02	9.938305199999999950e-02	1.757489048999999914e+00	6.963207899999999950e-02	1.137256990000000023e+00	1.565828852000000104e+00	2.523964620599999975e+01
7.208742799999999507e-02	1.064514000000000016e-01	1.818823705000000013e+00	7.208742799999999507e-02	1.129418519999999981e+00	1.358471513000000019e+00	2.523080307400000066e+01
7.462935699999999339e-02	1.140176019999999957e-01	1.882252285000000080e+00	7.462935699999999339e-02	1.065192657999999959e+00	1.152794665000000052e+00	2.522133868499999920e+01
7.726091799999999787e-02	1.221160119999999960e-01	1.947841270000000069e+00	7.726091799999999787e-02	9.446408320000000414e-01	9.633771639999999525e-01	2.521121040899999954e+01
7.998527299999999562e-02	1.307832489999999903e-01	2.015658710999999936e+00	7.998527299999999562e-02	7.724363739999999812e-01	8.044394249999999857e-01	2.520037284000000000e+01
8.280569399999999913e-02	1.400583340000000065e-01	2.085774209999999851e+00	8.280569399999999913e-02	5.574958079999999816e-01	6.881208149999999968e-01	2.518877763500000100e+01
8.572556700000000252e-02	1.499828270000000130e-01	2.158258888999999847e+00	8.572556700000000252e-02	3.119145859999999937e-01	6.230707589999999740e-01	2.517637335299999890e+01
8.874840100000000453e-02	1.606009750000000069e-01	2.233185348000000126e+00	8.874840100000000453e-02	4.946015200000000028e-02	6.136271949999999586e-01	2.516310528099999999e+01
9.187782399999999683e-02	1.719598619999999911e-01	2.310627617000000189e+00	9.187782399999999683e-02	-2.160420289999999965e-01	6.596631219999999907e-01	2.514891526099999908e+01
9.511759699999999818e-02	1.841095670000000017e-01	2.390661093999999931e+00	9.511759699999999818e-02	-4.721459230000000229e-01	7.569964380000000492e-01	2.513374150900000004e+01
9.847161000000000108e-02	1.971033189999999991e-01	2.473362467999999925e+00	9.847161000000000108e-02	-7.089024830000000277e-01	8.981604039999999678e-01	2.511751843000000051e+01
1.019438909999999948e-01	2.109976709999999978e-01	2.558809640999999857e+00	1.019438909999999948e-01	-9.196633119999999550e-01	1.073346834000000083e+00	2.510017643699999823e+01
1.055386100000000049e-01	2.258526620000000096e-01	2.647081614999999832e+00	1.055386100000000049e-01	-1.101667289999999966e+00	1.271435368999999982e+00	2.508164175599999979e+01
1.092600860000000063e-01	2.417319880000000087e-01	2.738258386000000044e+00	1.092600860000000063e-01	-1.256501305000000013e+00	1.481158146000000064e+00	2.506183624299999835e+01
1.131127880000000058e-01	2.587031839999999749e-01	2.832420802000000126e+00	1.131127880000000058e-01	-1.390411263000000064e+00	1.692557974000000076e+00	2.504067719200000042e+01
1.171013419999999972e-01	2.768377879999999736e-01	2.929650414000000147e+00	1.171013419999999972e-01	-1.514228396999999893e+00	1.898902002999999894e+00	2.501807715500000029e+01
1.212305399999999977e-01	2.962115220000000049e-01	3.030029301999999980e+00	1.212305399999999977e-01	-1.642442398000000026e+00	2.099017373000000131e+00	2.499394375900000043e+01
1.255053409999999925e-01	3.169044630000000251e-01	3.133639882000000210e+00	1.255053409999999925e-01	-1.790885540999999970e+00	2.299570179999999908e+00	2.496817953600000095e+01
1.299308779999999997e-01	3.390012099999999973e-01	3.240564689999999803e+00	1.299308779999999997e-01	-1.972866564999999905e+00	2.516269671999999957e+00	2.494068176300000061e+01
1.345124679999999961e-01	3.625910459999999724e-01	3.350886141000000151e+00	1.345124679999999961e-01	-2.194505103000000013e+00	2.772832016000000177e+00	2.491134231299999868e+01
1.392556130000000003e-01	3.877680949999999793e-01	3.464686266999999820e+00	1.392556130000000003e-01	-2.450968694000000170e+00	3.097326330000000016e+00	2.488004752499999839e+01
1.441660090000000116e-01	4.146314629999999779e-01	3.582046420999999814e+00	1.441660090000000116e-01	-2.725290286999999978e+00	3.517084828999999857e+00	2.484667809700000163e+01
1.492495550000000060e-01	4.432853680000000129e-01	3.703046966000000051e+00	1.492495550000000060e-01	-2.989953740999999887e+00	4.054464044999999572e+00	2.481110900799999897e+01
1.545123549999999901e-01	4.738392550000000147e-01	3.827766925000000153e+00	1.545123549999999901e-01	-3.209425098000000087e+00	4.725193284999999577e+00	2.477320946200000051e+01
1.599607299999999954e-01	5.064078850000000021e-01	3.956283607000000035e+00	1.599607299999999954e-01	-3.340811559000000042e+00	5.539080507999999625e+00	2.473284287999999975e+01
1.656012249999999908e-01	5.411113990000000484e-01	4.088672210000000362e+00	1.656012249999999908e-01	-3.330238120999999829e+00	6.500689243000000062e+00	2.468986693000000088e+01
1.714406139999999912e-01	5.780753629999999532e-01	4.225005387999999584e+00	1.714406139999999912e-01	-3.103571646999999878e+00	7.605514129000000345e+00	2.464413361300000105e+01
1.774859089999999973e-01	6.174307610000000501e-01	4.365352797999999979e+00	1.774859089999999973e-01	-2.552087615000000032e+00	8.823406376999999523e+00	2.459548939900000164e+01
1.837443719999999892e-01	6.593139660000000291e-01	4.509780615000000381e+00	1.837443719999999892e-01	-1.522093428000000026e+00	1.005309484500000039e+01	2.454377543400000050e+01
1.902235200000000070e-01	7.038666569999999512e-01	4.658351031999999670e+00	1.902235200000000070e-01	1.492847019999999914e-01	1.102704032399999967e+01	2.448882782400000124e+01
1.969311340000000077e-01	7.512356839999999591e-01	4.811121731000000068e+00	1.969311340000000077e-01	2.433893387999999991e+00	1.121000378399999953e+01	2.443047799600000047e+01
2.038752699999999973e-01	8.015728829999999583e-01	4.968145346000000018e+00	2.038752699999999973e-01	4.690265553999999781e+00	1.001768947599999926e+01	2.436855315600000083e+01
2.110642679999999993e-01	8.550348290000000517e-01	5.129468908999999854e+00	2.110642679999999993e-01	5.723061910000000196e+00	7.701677898999999883e+00	2.430287684099999979e+01
2.185067629999999927e-01	9.117825130000000167e-01	5.295133289999999882e+00	2.185067629999999927e-01	5.098507432999999978e+00	5.579724405000000331e+00	2.423326958999999903e+01
2.262116929999999915e-01	9.719809590000000332e-01	5.465172646000000078e+00	2.262116929999999915e-01	3.631827499999999986e+00	4.580701269000000408e+00	2.415954972400000145e+01
2.341883130000000091e-01	1.035798747999999936e+00	5.639613874000000138e+00	2.341883130000000091e-01	2.213223648000000043e+00	4.640654656999999794e+00	2.408153426200000169e+01
2.424462019999999995e-01	1.103407475000000026e+00	5.818476083000000187e+00	2.424462019999999995e-01	1.239086603000000064e+00	5.352883600000000186e+00	2.399903995900000098e+01
2.509952779999999883e-01	1.174981110999999911e+00	6.001770105000000299e+00	2.509952779999999883e-01	8.080000910000000314e-01	6.374431797999999816e+00	2.391188449199999866e+01
2.598458100000000104e-01	1.250695276999999939e+00	6.189498046999999836e+00	2.598458100000000104e-01	9.191472080000000489e-01	7.447286427999999958e+00	2.381988778399999873e+01
2.690084280000000216e-01	1.330726432999999931e+00	6.381652897999999574e+00	2.690084280000000216e-01	1.511223315000000067e+00	8.339046542000000173e+00	2.372287347900000043e+01
2.784941349999999760e-01	1.415250982000000102e+00	6.578218213000000425e+00	2.784941349999999760e-01	2.424781149999999830e+00	8.851480992000000825e+00	2.362067054999999982e+01
2.883143249999999824e-01	1.504444281000000050e+00	6.779167893000000333e+00	2.883143249999999824e-01	3.423724672000000080e+00	8.904504289000000128e+00	2.351311505900000043e+01
2.984807919999999948e-01	1.598479586999999924e+00	6.984466058999999838e+00	2.984807919999999948e-01	4.318283551000000386e+00	8.537460803000000098e+00	2.340005204099999858e+01
3.090057460000000256e-01	1.697526923000000076e+00	7.194067065999999677e+00	3.090057460000000256e-01	4.966601105999999710e+00	7.769387344000000084e+00	2.328133751600000068e+01
3.199018279999999992e-01	1.801751893999999909e+00	7.407915648000000353e+00	3.199018279999999992e-01	5.083004239000000091e+00	6.648754853999999881e+00	2.315684059599999856e+01
3.311821260000000211e-01	1.911314463999999935e+00	7.625947233999999852e+00	3.311821260000000211e-01	4.351732624000000271e+00	5.588327792000000294e+00	2.302644568299999861e+01
3.428601860000000112e-01	2.026367705999999824e+00	7.848088426000000339e+00	3.428601860000000112e-01	2.958377855999999806e+00	5.237812000999999995e+00	2.289005471799999825e+01
3.549500360000000243e-01	2.147056559000000142e+00	8.074257687999999433e+00	3.549500360000000243e-01	1.526772105000000046e+00	5.837013954999999754e+00	2.274758945600000004e+01
3.674661940000000238e-01	2.273516616999999851e+00	8.304366211999999692e+00	3.674661940000000238e-01	5.414509419999999906e-01	7.165185209999999749e+00	2.259899371999999929e+01
3.804236939999999789e-01	2.405872972000000054e+00	8.538319021999999592e+00	3.804236939999999789e-01	2.050738029999999990e-01	8.907468897999999413e+00	2.244423560699999953e+01
3.938380980000000253e-01	2.544239161000000138e+00	8.776016266999999260e+00	3.938380980000000253e-01	5.828856829999999878e-01	1.082071350600000059e+01	2.228330957500000054e+01
4.077255180000000090e-01	2.688716238000000036e+00	9.017354748000000697e+00	4.077255180000000090e-01	1.768381092999999904e+00	1.276741467299999933e+01	2.211623838499999906e+01
4.221026319999999776e-01	2.839392024999999986e+00	9.262229635000000627e+00	4.221026319999999776e-01	4.204235222000000327e+00	1.450988070700000065e+01	2.194307481799999948e+01
4.369867080000000015e-01	2.996340562999999957e+00	9.510536387000000147e+00	4.369867080000000015e-01	8.502182572000000604e+00	1.454191945300000022e+01	2.176390312399999871e+01
4.523956230000000245e-01	3.159621832000000019e+00	9.762172838999999769e+00	4.523956230000000245e-01	1.187923779800000013e+01	1.012688763200000075e+01	2.157884015100000141e+01
4.683478830000000204e-01	3.329281744999999848e+00	1.001704142500000039e+01	4.683478830000000204e-01	9.668888435999999587e+00	5.437895901000000087e+00	2.138803607299999854e+01
4.848626480000000072e-01	3.505352478999999910e+00	1.027505151599999955e+01	4.848626480000000072e-01	6.112464029999999937e+00	4.918701159000000267e+00	2.119167470500000050e+01
5.019597519999999813e-01	3.687853163000000212e+00	1.053612180700000067e+01	5.019597519999999813e-01	4.334984183999999630e+00	6.286017521999999857e+00	2.098997331800000055e+01
5.196597299999999864e-01	3.876790940999999879e+00	1.080018272400000079e+01	5.196597299999999864e-01	4.035674955000000175e+00	7.524783163999999580e+00	2.078318194699999921e+01
5.379838399999999909e-01	4.072162450000000433e+00	1.106717876799999978e+01	5.379838399999999909e-01	4.148235731999999842e+00	8.104366705000000337e+00	2.057158215100000120e+01
5.569540910000000400e-01	4.273955693999999639e+00	1.133707075699999933e+01	5.569540910000000400e-01	4.297633599000000082e+00	8.293052723000000626e+00	2.035548521699999824e+01
5.765932649999999660e-01	4.482152333000000155e+00	1.160983788899999958e+01	5.765932649999999660e-01	4.060269565999999664e+00	7.743849933999999990e+00	2.013522979500000076e+01
5.969249509999999814e-01	4.696730367999999878e+00	1.188547954699999920e+01	5.969249509999999814e-01	2.234632599999999858e+00	7.514964939999999594e+00	1.991117899600000030e+01
6.179735680000000286e-01	4.917667193999999853e+00	1.216401680399999918e+01	6.179735680000000286e-01	6.129696999999999923e-02	9.287301835999999255e+00	1.968371697099999906e+01
6.397643960000000130e-01	5.144942988000000383e+00	1.244549354099999938e+01	6.397643960000000130e-01	-8.897983259999999728e-01	1.254258205100000012e+01	1.945324501800000050e+01
6.623236059999999537e-01	5.378544387999999898e+00	1.272997712499999956e+01	6.623236059999999537e-01	-1.796427700000000072e-01	1.656632932200000141e+01	1.922017728100000156e+01
6.856782940000000215e-01	5.618468400000000251e+00	1.301755859800000081e+01	6.856782940000000215e-01	3.425631717999999992e+00	2.130784399799999917e+01	1.898493611099999967e+01
7.098565079999999972e-01	5.864726465999999583e+00	1.330835232699999970e+01	7.098565079999999972e-01	1.303809257300000013e+01	2.154106610399999866e+01	1.874794718300000085e+01
7.348872889999999991e-01	6.117348628000000232e+00	1.360249508200000079e+01	7.348872889999999991e-01	1.593918217400000081e+01	1.227952439200000079e+01	1.850963444499999966e+01
7.608006990000000247e-01	6.376387692999999857e+00	1.390014452700000014e+01	7.608006990000000247e-01	1.238205899699999968e+01	7.873337530999999778e+00	1.827041502899999870e+01
7.876278610000000402e-01	6.641923333000000262e+00	1.420147710200000013e+01	7.876278610000000402e-01	8.259183953999999162e+00	6.528029042000000004e+00	1.803069419299999865e+01
8.154009960000000445e-01	6.914066022000000089e+00	1.450668530399999945e+01	8.154009960000000445e-01	5.101246473999999864e+00	8.016317274000000381e+00	1.779086042300000159e+01
8.441534600000000221e-01	7.192960736999999938e+00	1.481597439199999933e+01	8.441534600000000221e-01	3.665624547999999816e+00	9.963541708999999358e+00	1.755128078199999919e+01
8.739197859999999762e-01	7.478790340999999842e+00	1.512955852600000028e+01	8.739197859999999762e-01	3.144706803000000050e+00	1.237446214899999930e+01	1.731229659199999915e+01
9.047357240000000189e-01	7.771778577000000077e+00	1.544765638500000016e+01	9.047357240000000189e-01	4.441527748999999581e+00	1.353329294099999913e+01	1.707421954400000175e+01
9.366382869999999583e-01	8.072192593000000471e+00	1.577048631999999984e+01	9.366382869999999583e-01	3.811835770000000068e+00	1.336318254600000088e+01	1.683732828699999828e+01
9.696657890000000002e-01	8.380344963000000647e+00	1.609826107199999967e+01	9.696657890000000002e-01	2.522784743999999968e+00	1.461206552900000055e+01	1.660186556000000024e+01
1.003857898999999998e+00	8.696595131000000478e+00	1.643118214700000124e+01	1.003857898999999998e+00	1.364581213999999987e+00	1.773633792600000092e+01	1.636803591199999985e+01
1.039255682999999930e+00	9.021350240000000298e+00	1.676943387500000071e+01	1.039255682999999930e+00	3.233392959000000122e+00	2.151500137100000032e+01	1.613600401800000128e+01
1.075901653999999930e+00	9.355065328000000235e+00	1.711317725600000017e+01	1.075901653999999930e+00	6.541328392999999686e+00	2.384028776699999952e+01	1.590589361900000043e+01
1.113839825999999977e+00	9.698242834000000201e+00	1.746254362999999898e+01	1.113839825999999977e+00	1.003561838599999945e+01	2.295971217099999961e+01	1.567778707000000082e+01
1.153115764999999904e+00	1.005143142500000053e+01	1.781762825899999925e+01	1.153115764999999904e+00	1.212935605500000058e+01	2.193935912199999905e+01	1.545172548999999940e+01
1.193776641999999999e+00	1.041522410900000040e+01	1.817848387500000129e+01	1.193776641999999999e+00	1.179357713199999935e+01	2.113417381400000039e+01	1.522770947200000080e+01
1.235871291999999899e+00	1.079025563299999924e+01	1.854511427299999937e+01	1.235871291999999899e+00	1.305534547699999948e+01	2.154962804299999846e+01	1.500570034499999927e+01
1.279450272999999916e+00	1.117719916200000085e+01	1.891746800399999984e+01	1.279450272999999916e+00	1.645610981800000161e+01	2.142260384100000081e+01	1.478562191900000045e+01
1.324565924999999922e+00	1.157676222699999968e+01	1.929543223699999999e+01	1.324565924999999922e+00	1.728323230399999844e+01	1.732777687900000174e+01	1.456736268599999917e+01
1.371272433999999985e+00	1.198968196000000042e+01	1.967882686200000109e+01	1.371272433999999985e+00	1.412484584999999981e+01	1.402606338200000025e+01	1.435077842199999942e+01
1.419625896000000109e+00	1.241671960000000041e+01	2.006739889300000002e+01	1.419625896000000109e+00	1.061417810200000034e+01	1.437278650600000063e+01	1.413569514599999977e+01
1.469684385999999954e+00	1.285865429000000049e+01	2.046081725100000170e+01	1.469684385999999954e+00	8.182843747999999806e+00	1.708646836899999855e+01	1.392191238100000028e+01
1.521508026000000013e+00	1.331627616399999958e+01	2.085866798500000030e+01	1.521508026000000013e+00	6.975981685999999904e+00	2.068909436199999874e+01	1.370920667799999926e+01
1.575159057000000029e+00	1.379037874399999986e+01	2.126045003300000147e+01	1.575159057000000029e+00	7.447068586000000323e+00	2.465112227499999875e+01	1.349733535600000067e+01
1.630701917999999973e+00	1.428175066500000057e+01	2.166557157700000147e+01	1.630701917999999973e+00	1.048312497599999915e+01	2.820168808400000060e+01	1.328604041100000011e+01
1.688203316999999926e+00	1.479116674900000028e+01	2.207334710700000002e+01	1.688203316999999926e+00	1.543435177499999966e+01	2.882292820600000027e+01	1.307505256500000002e+01
1.747732314999999925e+00	1.531937847100000027e+01	2.248299526499999956e+01	1.747732314999999925e+00	1.824594591399999999e+01	2.667693742599999851e+01	1.286409541399999945e+01
1.809360410999999891e+00	1.586710385599999995e+01	2.289363758500000046e+01	1.809360410999999891e+00	1.906976006200000029e+01	2.554251671900000176e+01	1.265288963399999922e+01
1.873161620000000083e+00	1.643501688399999949e+01	2.330429821799999957e+01	1.873161620000000083e+00	2.052600569499999850e+01	2.415902465699999979e+01	1.244115722099999921e+01
1.939212571999999968e+00	1.702373645899999843e+01	2.371390475300000134e+01	1.939212571999999968e+00	1.943961587000000080e+01	2.185550310500000037e+01	1.222862572900000089e+01
2.007592595999999840e+00	1.763381506500000029e+01	2.412129022899999953e+01	2.007592595999999840e+00	1.668232655499999950e+01	2.243465831299999991e+01	1.201503247199999969e+01
2.078383818999999910e+00	1.826572719800000044e+01	2.452519644299999868e+01	2.078383818999999910e+00	1.560324119699999912e+01	2.614384773200000112e+01	1.180012864999999955e+01
2.151671263999999972e+00	1.891985774500000161e+01	2.492427864200000087e+01	2.151671263999999972e+00	1.764833348100000165e+01	2.950806174499999912e+01	1.158368337399999959e+01
2.227542951999999854e+00	1.959649044000000018e+01	2.531711167199999934e+01	2.227542951999999854e+00	2.209869139799999971e+01	3.266900083400000199e+01	1.136548754300000041e+01
2.306090009000000052e+00	2.029579661100000010e+01	2.570219764799999851e+01	2.306090009000000052e+00	2.855278164699999977e+01	2.985348190199999863e+01	1.114535753200000023e+01
2.387406771999999844e+00	2.101782439300000149e+01	2.607797518699999983e+01	2.387406771999999844e+00	2.905913180099999948e+01	2.493031099099999892e+01	1.092313865200000045e+01
2.471590905999999865e+00	2.176248866199999910e+01	2.644283019899999942e+01	2.471590905999999865e+00	2.772008685200000144e+01	2.176572635699999836e+01	1.069870832299999996e+01
2.558743520000000160e+00	2.252956189400000042e+01	2.679510822399999981e+01	2.558743520000000160e+00	2.398944604600000119e+01	2.166886625100000074e+01	1.047197892800000041e+01
2.648969287999999978e+00	2.331866622300000103e+01	2.713312824799999845e+01	2.648969287999999978e+00	2.255664812299999866e+01	2.467988353999999873e+01	1.024290027600000030e+01
2.742376573000000040e+00	2.412926692799999984e+01	2.745519788500000047e+01	2.742376573000000040e+00	2.394405639300000033e+01	2.728160392399999878e+01	1.001146164700000085e+01
2.839077563000000026e+00	2.496066760800000139e+01	2.775962979399999853e+01	2.839077563000000026e+00	2.686555030799999955e+01	2.919351076299999903e+01	9.777693344999999425e+00
2.939188398999999841e+00	2.581200725300000087e+01	2.804475911000000110e+01	2.939188398999999841e+00	2.989528785999999982e+01	2.834251117899999883e+01	9.541667735000000761e+00
3.042829316999999811e+00	2.668225944599999977e+01	2.830896166500000177e+01	3.042829316999999811e+00	3.296612447199999707e+01	2.653913266200000010e+01	9.303499708000000368e+00
3.150124796000000060e+00	2.757023383900000013e+01	2.855067270800000045e+01	3.150124796000000060e+00	3.370893720400000149e+01	2.314955498200000150e+01	9.063346553000000583e+00
3.261203699999999817e+00	2.847458005900000089e+01	2.876840580000000003e+01	3.261203699999999817e+00	3.113662809999999936e+01	1.977672186899999929e+01	8.821407198999999366e+00
3.376199440999999801e+00	2.939379410100000101e+01	2.896077152999999882e+01	3.376199440999999801e+00	2.752667915500000007e+01	1.969815999900000136e+01	8.577920835000000466e+00
3.495250132999999870e+00	3.032622724799999858e+01	2.912649567100000070e+01	3.495250132999999870e+00	2.548843995900000081e+01	2.231839920299999847e+01	8.333164885000000410e+00
3.618498760000000036e+00	3.127009745699999854e+01	2.926443639800000085e+01	3.618498760000000036e+00	2.549505238600000112e+01	2.527465291400000069e+01	8.087452378000000053e+00
3.746093349000000128e+00	3.222350310299999876e+01	2.937360017299999981e+01	3.746093349000000128e+00	2.643706475000000111e+01	2.796976912599999920e+01	7.841128728000000159e+00
3.878187146000000141e+00	3.318443891300000104e+01	2.945315592900000112e+01	3.878187146000000141e+00	2.864450236000000061e+01	3.003203853999999851e+01	7.594567983000000133e+00
4.014938800999999557e+00	3.415081381499999935e+01	2.950244721099999978e+01	4.014938800999999557e+00	3.242690594999999831e+01	3.096325159499999913e+01	7.348168595999999830e+00
4.156512558000000190e+00	3.512047041999999664e+01	2.952100197300000062e+01	4.156512558000000190e+00	3.529354895899999889e+01	2.836603116699999916e+01	7.102348798000000407e+00
4.303078454000000441e+00	3.609120575499999717e+01	2.950853978199999972e+01	4.303078454000000441e+00	3.330460252000000310e+01	2.605326505300000051e+01	6.857541664000000203e+00
4.454812518999999860e+00	3.706079286199999956e+01	2.946497625499999984e+01	4.454812518999999860e+00	3.127232038400000036e+01	2.802233931900000030e+01	6.614189964000000366e+00
4.611896992000000139e+00	3.802700281399999938e+01	2.939042460800000001e+01	4.611896992000000139e+00	3.285866449200000261e+01	3.194792927499999990e+01	6.372740903999999595e+00
4.774520539000000063e+00	3.898762671000000068e+01	2.928519429600000024e+01	4.774520539000000063e+00	3.721146078200000318e+01	3.259384457600000218e+01	6.133640867000000441e+00
4.942878474999999661e+00	3.994049720400000325e+01	2.914978677799999929e+01	4.942878474999999661e+00	3.935978278599999669e+01	2.990548919200000100e+01	5.897330254999999966e+00
5.117173006999999885e+00	4.088350914299999772e+01	2.898488853799999987e+01	5.117173006999999885e+00	3.835044166099999785e+01	2.855647758899999999e+01	5.664238534999999963e+00
5.297613468999999853e+00	4.181463890199999867e+01	2.879136155300000155e+01	5.297613468999999853e+00	3.703094312199999649e+01	3.049778007800000168e+01	5.434779589999999772e+00
5.484416576000000099e+00	4.273196208499999926e+01	2.857023145699999844e+01	5.484416576000000099e+00	3.824884076200000038e+01	3.459890371099999840e+01	5.209347441000000245e+00
5.677806688000000435e+00	4.363366926900000209e+01	2.832267371800000078e+01	5.677806688000000435e+00	4.456727198899999820e+01	3.725051524999999941e+01	4.988312438000000348e+00
5.878016072000000314e+00	4.451807957599999810e+01	2.804999817699999909e+01	5.878016072000000314e+00	5.188590835299999782e+01	3.301389856099999776e+01	4.772017944999999983e+00
6.085285189999999567e+00	4.538365188600000266e+01	2.775363231400000075e+01	6.085285189999999567e+00	5.189345823400000057e+01	2.535549488799999907e+01	4.560777588999999743e+00
6.299862978000000169e+00	4.622899360400000290e+01	2.743510364100000132e+01	6.299862978000000169e+00	4.738655323500000094e+01	2.257990793100000104e+01	4.354873072000000178e+00
6.522007154999999834e+00	4.705286694400000158e+01	2.709602160400000059e+01	6.522007154999999834e+00	4.370435418600000332e+01	2.480563675300000170e+01	4.154552573000000137e+00
6.751984522999999960e+00	4.785419275499999969e+01	2.673805936400000149e+01	6.751984522999999960e+00	4.482842522499999660e+01	2.884157284300000157e+01	3.960029717999999921e+00
6.990071294999999907e+00	4.863205200299999831e+01	2.636293581900000049e+01	6.990071294999999907e+00	4.929191377299999743e+01	3.042743555999999927e+01	3.771483109000000056e+00
7.236553423000000151e+00	4.938568501900000030e+01	2.597239817099999826e+01	7.236553423000000151e+00	5.257652978400000165e+01	2.790988414999999989e+01	3.589056371999999939e+00
7.491726940999999584e+00	5.011448872999999793e+01	2.556820532300000082e+01	7.491726940999999584e+00	5.302649473900000032e+01	2.545181654199999954e+01	3.412858680999999894e+00
7.755898323000000261e+00	5.081801206099999746e+01	2.515211233799999846e+01	7.755898323000000261e+00	5.394787829599999895e+01	2.414076642199999867e+01	3.242965712999999806e+00
8.029384849999999574e+00	5.149594976200000218e+01	2.472585614000000120e+01	8.029384849999999574e+00	5.331337443400000353e+01	2.085692857300000114e+01	3.079420976999999837e+00
8.312514990000000381e+00	5.214813491299999981e+01	2.429114260800000125e+01	8.312514990000000381e+00	5.067778298500000034e+01	2.086930715000000092e+01	2.922237449999999903e+00
8.605628792999999277e+00	5.277453034300000212e+01	2.384963513599999985e+01	8.605628792999999277e+00	5.020760105499999781e+01	2.267133314299999824e+01	2.771399477000000111e+00
8.909078300999999200e+00	5.337521923900000331e+01	2.340294472200000087e+01	8.909078300999999200e+00	5.156385300000000171e+01	2.321575623700000079e+01	2.626864859999999968e+00
9.223227968999999860e+00	5.395039516500000332e+01	2.295262160000000051e+01	9.223227968999999860e+00	5.215587106400000295e+01	2.289542860799999957e+01	2.488567091000000175e+00
9.548455103000000221e+00	5.450035172700000174e+01	2.250014836700000131e+01	9.548455103000000221e+00	5.273564560300000181e+01	2.315985707000000104e+01	2.356417673999999796e+00
9.885150314000000549e+00	5.502547208299999681e+01	2.204693457999999850e+01	9.885150314000000549e+00	5.349850759000000266e+01	2.328432747000000091e+01	2.230308480999999787e+00
1.023371798600000027e+01	5.552621848599999765e+01	2.159431272300000160e+01	1.023371798600000027e+01	5.491245803399999659e+01	2.468067683399999979e+01	2.110114110000000043e+00
1.059457676399999926e+01	5.600312200700000176e+01	2.114353546499999936e+01	1.059457676399999926e+01	5.872746937200000161e+01	2.369825849100000070e+01	1.995694206000000026e+00
1.096816005300000008e+01	5.645677258799999976e+01	2.069577408399999996e+01	1.096816005300000008e+01	6.122139722600000056e+01	1.917597986399999854e+01	1.886895704000000062e+00
1.135491654099999970e+01	5.688780951199999691e+01	2.025211795399999914e+01	1.135491654099999970e+01	5.852443047599999915e+01	1.488145469600000048e+01	1.783554980999999984e+00
1.175531073900000045e+01	5.729691239999999652e+01	1.981357496500000082e+01	1.175531073900000045e+01	5.448239655399999748e+01	1.499256569299999953e+01	1.685499891000000083e+00
1.216982353600000089e+01	5.768479277299999808e+01	1.938107275999999857e+01	1.216982353600000089e+01	5.277579203599999857e+01	1.746196002800000002e+01	1.592551666999999949e+00
1.259895277799999924e+01	5.805218624799999816e+01	1.895546066200000013e+01	1.259895277799999924e+01	5.389273004300000025e+01	1.941154299200000111e+01	1.504526685000000086e+00
1.304321386700000041e+01	5.839984536499999734e+01	1.853751218700000081e+01	1.304321386700000041e+01	5.491841851499999905e+01	1.972147976899999833e+01	1.421238076000000072e+00
1.350314037899999953e+01	5.872853308799999894e+01	1.812792801799999864e+01	1.350314037899999953e+01	5.525350564499999706e+01	2.065482167400000080e+01	1.342497190000000007e+00
1.397928470299999937e+01	5.903901694999999705e+01	1.772733936599999893e+01	1.397928470299999937e+01	5.732927720800000060e+01	2.174618794199999883e+01	1.268114909999999984e+00
1.447221870699999968e+01	5.933206384000000355e+01	1.733631159500000152e+01	1.447221870699999968e+01	6.018110352899999782e+01	2.076826275599999860e+01	1.197902819999999924e+00
1.498253442699999916e+01	5.960843541399999879e+01	1.695534805999999861e+01	1.498253442699999916e+01	6.049198908299999999e+01	1.822657604600000170e+01	1.131674226999999977e+00
1.551084477000000028e+01	5.986888409200000183e+01	1.658489406099999997e+01	1.551084477000000028e+01	5.951749758500000098e+01	1.763154525699999908e+01	1.069245055000000111e+00
1.605778425800000164e+01	6.011414961199999851e+01	1.622534086599999981e+01	1.605778425800000164e+01	5.981548818800000333e+01	1.807049817900000122e+01	1.010434602999999987e+00
1.662400978899999870e+01	6.034495610300000124e+01	1.587702974099999942e+01	1.662400978899999870e+01	6.057428489899999846e+01	1.769015035600000019e+01	9.550661929999999522e-01
1.721020142200000080e+01	6.056200963500000256e+01	1.554025594099999985e+01	1.721020142200000080e+01	6.138968062200000020e+01	1.735567113000000106e+01	9.029676970000000136e-01
1.781706319499999935e+01	6.076599620900000076e+01	1.521527263499999982e+01	1.781706319499999935e+01	6.189785287000000125e+01	1.653646257000000119e+01	8.539719740000000225e-01
1.844532397600000095e+01	6.095758014799999813e+01	1.490229471199999978e+01	1.844532397600000095e+01	6.177827609100000217e+01	1.539750565199999954e+01	8.079172119999999957e-01
1.909573832899999957e+01	6.113740284099999656e+01	1.460150247199999995e+01	1.909573832899999957e+01	6.175080878400000017e+01	1.613080971799999830e+01	7.646471799999999819e-01
1.976908742799999885e+01	6.130608180699999821e+01	1.431304515899999963e+01	1.976908742799999885e+01	6.295669690799999785e+01	1.543482955300000015e+01	7.240114250000000418e-01
2.046617999400000087e+01	6.146421004599999804e+01	1.403704433899999948e+01	2.046617999400000087e+01	6.363567933600000259e+01	1.384732599900000061e+01	6.858653810000000517e-01
2.118785326100000077e+01	6.161235563399999648e+01	1.377359710200000009e+01	2.118785326100000077e+01	6.302560227299999696e+01	1.233535200300000056e+01	6.500704400000000271e-01
2.193497398899999951e+01	6.175106153400000153e+01	1.352277909999999927e+01	2.193497398899999951e+01	6.151025232599999981e+01	1.216385495499999969e+01	6.164939659999999488e-01
2.270843949900000069e+01	6.188084559400000018e+01	1.328464738999999994e+01	2.270843949900000069e+01	6.098225820100000050e+01	1.273425838700000057e+01	5.850092599999999754e-01
2.350917875500000065e+01	6.200220070099999958e+01	1.305924311899999957e+01	2.350917875500000065e+01	6.117427872500000063e+01	1.315522802899999988e+01	5.554955050000000005e-01
2.433815347499999859e+01	6.211559506599999736e+01	1.284659402199999967e+01	2.433815347499999859e+01	6.110078498200000041e+01	1.308849297199999917e+01	5.278376620000000408e-01
2.519635929300000043e+01	6.222147262299999682e+01	1.264671675900000025e+01	2.519635929300000043e+01	6.088705034699999885e+01	1.380567703800000068e+01	5.019263539999999635e-01
2.608482694799999990e+01	6.232025351299999727e+01	1.245961907799999935e+01	2.608482694799999990e+01	6.185192676199999795e+01	1.460502973900000079e+01	4.776577240000000057e-01
2.700462352399999943e+01	6.241233463900000089e+01	1.228530183400000020e+01	2.700462352399999943e+01	6.323360671300000035e+01	1.408809026199999970e+01	4.549332759999999976e-01
2.795685373499999926e+01	6.249809027799999939e+01	1.212376085100000012e+01	2.795685373499999926e+01	6.360374604500000117e+01	1.286285181500000085e+01	4.336597019999999802e-01
2.894266124700000020e+01	6.257787272600000250e+01	1.197498864199999957e+01	2.894266124700000020e+01	6.327391700999999813e+01	1.216340086299999967e+01	4.137487060000000216e-01
2.996323005500000036e+01	6.265201298000000207e+01	1.183897600200000078e+01	2.996323005500000036e+01	6.310934276300000079e+01	1.188085524100000079e+01	3.951168139999999829e-01
3.101978590099999877e+01	6.272082142899999724e+01	1.171571347399999929e+01	3.101978590099999877e+01	6.254629942900000117e+01	1.138088694400000023e+01	3.776851820000000082e-01
3.211359775300000052e+01	6.278458854899999864e+01	1.160519269799999975e+01	3.211359775300000052e+01	6.216989977099999720e+01	1.185640912500000077e+01	3.613794000000000173e-01
3.324597932300000025e+01	6.284358560599999777e+01	1.150740765699999990e+01	3.324597932300000025e+01	6.227519269900000154e+01	1.225259544899999931e+01	3.461293029999999993e-01
3.441829064499999902e+01	6.289806533800000210e+01	1.142235581999999994e+01	3.441829064499999902e+01	6.225555084500000191e+01	1.231690921100000047e+01	3.318687710000000068e-01
3.563193971199999766e+01	6.294826262800000194e+01	1.135003919999999944e+01	3.563193971199999766e+01	6.268368754499999795e+01	1.268525039899999918e+01	3.185355409999999776e-01
3.688838416699999811e+01	6.299439515699999959e+01	1.129046532499999955e+01	3.688838416699999811e+01	6.301444465600000200e+01	1.267236489799999966e+01	3.060710189999999997e-01
3.818913304800000219e+01	6.303666402999999718e+01	1.124364813500000082e+01	3.818913304800000219e+01	6.301813826400000096e+01	1.247121964900000002e+01	2.944200940000000211e-01
3.953574860700000215e+01	6.307525437000000323e+01	1.120960881000000064e+01	3.953574860700000215e+01	6.345928896299999877e+01	1.248791058800000009e+01	2.835309610000000258e-01
4.092984818499999733e+01	6.311033588899999813e+01	1.118837654100000023e+01	4.092984818499999733e+01	6.352368103500000274e+01	1.211509197800000059e+01	2.733549479999999865e-01
4.237310614900000161e+01	6.314206341300000247e+01	1.117998923699999914e+01	4.237310614900000161e+01	6.324507821600000312e+01	1.209921309099999931e+01	2.638463460000000094e-01
4.386725590999999724e+01	6.317057737900000092e+01	1.118449419599999928e+01	4.386725590999999724e+01	6.312491915100000028e+01	1.243729234099999914e+01	2.549622480000000024e-01
4.541409200399999690e+01	6.319600428999999764e+01	1.120194871700000050e+01	4.541409200399999690e+01	6.330881238100000274e+01	1.267266575500000059e+01	2.466623950000000065e-01
4.701547224000000114e+01	6.321845712999999733e+01	1.123242068599999932e+01	4.701547224000000114e+01	6.359126177899999988e+01	1.257596933800000016e+01	2.389090259999999966e-01
4.867331994199999912e+01	6.323803573800000066e+01	1.127598912300000045e+01	4.867331994199999912e+01	6.328378495599999809e+01	1.248662756499999915e+01	2.316667350000000125e-01
5.038962625100000281e+01	6.325482713800000312e+01	1.133274470099999931e+01	5.038962625100000281e+01	6.297729846299999679e+01	1.311804978800000043e+01	2.249023370000000077e-01
5.216645251900000346e+01	6.326890583000000134e+01	1.140279023999999986e+01	5.216645251900000346e+01	6.342664863099999906e+01	1.399052258899999934e+01	2.185847360000000017e-01
5.400593278499999883e+01	6.328033402700000210e+01	1.148624118100000047e+01	5.400593278499999883e+01	6.440623333599999967e+01	1.424069783899999919e+01	2.126848030000000056e-01
5.591027634099999943e+01	6.328916185899999647e+01	1.158322604399999989e+01	5.591027634099999943e+01	6.503323655500000200e+01	1.383002800699999923e+01	2.071752600000000000e-01
5.788177037700000227e+01	6.329542752300000075e+01	1.169388686699999980e+01	5.788177037700000227e+01	6.510163614900000084e+01	1.342107880999999914e+01	2.020305669999999942e-01
5.992278273800000221e+01	6.329915738399999725e+01	1.181837964099999994e+01	5.992278273800000221e+01	6.495822072400000025e+01	1.337825192100000038e+01	1.972268159999999992e-01
6.203576476100000292e+01	6.330036603599999978e+01	1.195687473599999961e+01	6.203576476100000292e+01	6.493333424200000081e+01	1.362593290400000079e+01	1.927416349999999945e-01
6.422325422199999423e+01	6.329905630599999711e+01	1.210955731499999999e+01	6.422325422199999423e+01	6.523100600499999757e+01	1.394672500100000079e+01	1.885540910000000070e-01
6.648787838399999828e+01	6.329521921599999956e+01	1.227662775800000006e+01	6.648787838399999828e+01	6.569030515599999376e+01	1.394294494799999917e+01	1.846446009999999915e-01
6.883235715099999652e+01	6.328883388399999887e+01	1.245830207400000056e+01	6.883235715099999652e+01	6.584371792000000312e+01	1.364334819399999965e+01	1.809948490000000132e-01
7.125950633600000117e+01	6.327986737999999889e+01	1.265481232299999981e+01	7.125950633600000117e+01	6.568932096599999682e+01	1.355071340199999952e+01	1.775877070000000113e-01
7.377224104200000454e+01	6.326827452599999901e+01	1.286640703700000010e+01	7.377224104200000454e+01	6.555392049900000018e+01	1.371999070400000065e+01	1.744071600000000055e-01
7.637357916400000590e+01	6.325399763699999767e+01	1.309335165200000084e+01	7.637357916400000590e+01	6.559702755000000707e+01	1.406005385299999944e+01	1.714382359999999939e-01
7.906664501299999870e+01	6.323696620999999851e+01	1.333592894300000076e+01	7.906664501299999870e+01	6.600479852300000516e+01	1.438550263900000026e+01	1.686669379999999885e-01
8.185467307099999346e+01	6.321709654200000017e+01	1.359443947199999947e+01	8.185467307099999346e+01	6.642932601200000420e+01	1.415866386299999924e+01	1.660801879999999897e-01
8.474101186900000471e+01	6.319429130000000328e+01	1.386920204599999984e+01	8.474101186900000471e+01	6.641568580700000268e+01	1.368706704300000077e+01	1.636657589999999940e-01
8.772912801600000421e+01	6.316843901400000050e+01	1.416055418900000085e+01	8.772912801600000421e+01	6.593078253599999528e+01	1.349600437500000005e+01	1.614122299999999899e-01
9.082261035999999876e+01	6.313941350399999664e+01	1.446885262200000000e+01	9.082261035999999876e+01	6.545310452100000020e+01	1.377248921900000056e+01	1.593089269999999891e-01
9.402517429700000662e+01	6.310707323799999813e+01	1.479447377099999983e+01	9.402517429700000662e+01	6.525699605900000222e+01	1.419571918399999966e+01	1.573458799999999935e-01
9.734066623399999685e+01	6.307126061499999992e+01	1.513781427700000037e+01	9.734066623399999685e+01	6.518103154400000676e+01	1.455714417399999938e+01	1.555137729999999940e-01
1.007730682090000016e+02	6.303180115899999691e+01	1.549929153399999926e+01	1.007730682090000016e+02	6.504354642299999512e+01	1.482746273200000076e+01	1.538039059999999902e-01
1.043265026760000040e+02	6.298850263799999993e+01	1.587934424800000066e+01	1.043265026760000040e+02	6.490261489899999958e+01	1.505630215400000083e+01	1.522081530000000127e-01
1.080052374520000029e+02	6.294115409300000152e+01	1.627843300500000012e+01	1.080052374520000029e+02	6.452558639699999787e+01	1.534746503999999945e+01	1.507189220000000052e-01
1.118136908430000034e+02	6.288952475899999683e+01	1.669704087399999892e+01	1.118136908430000034e+02	6.407412503800000536e+01	1.592583126999999976e+01	1.493291270000000059e-01
1.157564369549999981e+02	6.283336290500000132e+01	1.713567402299999998e+01	1.157564369549999981e+02	6.383686440799999673e+01	1.680020307999999929e+01	1.480321480000000023e-01
1.198382111850000058e+02	6.277239454400000085e+01	1.759486236800000114e+01	1.198382111850000058e+02	6.399823629899999844e+01	1.759037241600000101e+01	1.468218040000000002e-01
1.240639159060000054e+02	6.270632204099999996e+01	1.807516023899999880e+01	1.240639159060000054e+02	6.400899729100000002e+01	1.812343795199999974e+01	1.456923240000000119e-01
1.284386263590000112e+02	6.263482258900000232e+01	1.857714707599999926e+01	1.284386263590000112e+02	6.392267190300000124e+01	1.877642993399999938e+01	1.446383199999999869e-01
1.329675967469999875e+02	6.255754655900000216e+01	1.910142815500000069e+01	1.329675967469999875e+02	6.390400333499999874e+01	1.963709401599999893e+01	1.436547599999999925e-01
1.376562665440000046e+02	6.247411569700000200e+01	1.964863533999999845e+01	1.376562665440000046e+02	6.403029001599999503e+01	2.047024368800000005e+01	1.427369480000000024e-01
1.425102670299999943e+02	6.238412117200000040e+01	2.021942786299999995e+01	1.425102670299999943e+02	6.431957748499999639e+01	2.143440475999999961e+01	1.418804989999999933e-01
1.475354280560000007e+02	6.228712145899999797e+01	2.081449314199999989e+01	1.475354280560000007e+02	6.487767947400000423e+01	2.217076117299999893e+01	1.410813210000000095e-01
1.527377850389999878e+02	6.218264003299999843e+01	2.143454762100000011e+01	1.527377850389999878e+02	6.546774251600000127e+01	2.273202764599999881e+01	1.403355930000000085e-01
1.581235862199999929e+02	6.207016287999999804e+01	2.208033765500000101e+01	1.581235862199999929e+02	6.603286600299999520e+01	2.305421844099999973e+01	1.396397480000000080e-01
