1.000000000000000021e-02	3.238350000000000191e-04	1.433434490000000117e-01	1.000000000000000021e-02	-2.313707210000000014e-01	2.725840729999999823e-01	1.433434485100000089e+01
1.035261699999999972e-02	3.470759999999999817e-04	1.483979340000000091e-01	1.035261699999999972e-02	-2.250900610000000079e-01	2.798828190000000049e-01	1.433433955399999959e+01
1.071766900000000085e-02	3.719840000000000082e-04	1.536306440000000106e-01	1.071766900000000085e-02	-2.184431679999999931e-01	2.872011720000000046e-01	1.433433387700000061e+01
1.109559300000000082e-02	3.986799999999999979e-04	1.590478610000000126e-01	1.109559300000000082e-02	-2.114159270000000035e-01	2.945167630000000147e-01	1.433432779199999985e+01
1.148684300000000005e-02	4.272920000000000147e-04	1.646560920000000039e-01	1.148684300000000005e-02	-2.039949139999999994e-01	3.018044730000000175e-01	1.433432127100000031e+01
1.189188899999999924e-02	4.579569999999999930e-04	1.704620699999999933e-01	1.189188899999999924e-02	-1.961676820000000099e-01	3.090362349999999925e-01	1.433431428199999935e+01
1.231121699999999930e-02	4.908230000000000405e-04	1.764727680000000021e-01	1.231121699999999930e-02	-1.879230829999999908e-01	3.161808289999999966e-01	1.433430679099999949e+01
1.274533299999999932e-02	5.260469999999999730e-04	1.826954040000000057e-01	1.274533299999999932e-02	-1.792516480000000134e-01	3.232036890000000162e-01	1.433429876299999961e+01
1.319475500000000072e-02	5.638000000000000433e-04	1.891374500000000125e-01	1.319475500000000072e-02	-1.701460250000000063e-01	3.300667139999999833e-01	1.433429015799999995e+01
1.366002499999999925e-02	6.042610000000000342e-04	1.958066410000000035e-01	1.366002499999999925e-02	-1.606014829999999893e-01	3.367281049999999998e-01	1.433428093700000083e+01
1.414170200000000079e-02	6.476270000000000117e-04	2.027109850000000102e-01	1.414170200000000079e-02	-1.506164929999999902e-01	3.431422279999999936e-01	1.433427105300000015e+01
1.464036299999999999e-02	6.941049999999999824e-04	2.098587739999999979e-01	1.464036299999999999e-02	-1.401933740000000095e-01	3.492595159999999921e-01	1.433426045999999943e+01
1.515660800000000023e-02	7.439179999999999881e-04	2.172585890000000020e-01	1.515660800000000023e-02	-1.293390439999999864e-01	3.550264240000000071e-01	1.433424910599999968e+01
1.569105599999999837e-02	7.973060000000000130e-04	2.249193150000000085e-01	1.569105599999999837e-02	-1.180658420000000042e-01	3.603854550000000212e-01	1.433423693800000009e+01
1.624435000000000115e-02	8.545249999999999678e-04	2.328501520000000047e-01	1.624435000000000115e-02	-1.063924559999999964e-01	3.652752739999999831e-01	1.433422389699999933e+01
1.681715400000000082e-02	9.158509999999999698e-04	2.410606200000000032e-01	1.681715400000000082e-02	-9.434494499999999950e-02	3.696309320000000231e-01	1.433420991999999927e+01
1.741015699999999902e-02	9.815780000000000945e-04	2.495605780000000051e-01	1.741015699999999902e-02	-8.195785499999999613e-02	3.733842359999999805e-01	1.433419493999999972e+01
1.802406900000000020e-02	1.052020999999999989e-03	2.583602300000000240e-01	1.802406900000000020e-02	-6.927542700000000053e-02	3.764642810000000117e-01	1.433417888399999995e+01
1.865962900000000049e-02	1.127519999999999911e-03	2.674701420000000218e-01	1.865962900000000049e-02	-5.635289200000000165e-02	3.787981890000000074e-01	1.433416167700000088e+01
1.931760000000000074e-02	1.208436999999999923e-03	2.769012510000000149e-01	1.931760000000000074e-02	-4.325782699999999870e-02	3.803121010000000135e-01	1.433414323400000079e+01
1.999877300000000094e-02	1.295160999999999969e-03	2.866648769999999846e-01	1.999877300000000094e-02	-3.007155900000000118e-02	3.809324430000000095e-01	1.433412346899999967e+01
2.070396399999999831e-02	1.388109000000000001e-03	2.967727430000000055e-01	2.070396399999999831e-02	-1.689057399999999848e-02	3.805875409999999737e-01	1.433410228400000008e+01
2.143402200000000049e-02	1.487727000000000103e-03	3.072369819999999918e-01	2.143402200000000049e-02	-3.827888000000000211e-03	3.792096039999999779e-01	1.433407957999999915e+01
2.218982300000000088e-02	1.594492999999999995e-03	3.180701550000000211e-01	2.218982300000000088e-02	8.985678000000000415e-03	3.767371520000000196e-01	1.433405524600000014e+01
2.297227500000000033e-02	1.708922000000000089e-03	3.292852649999999937e-01	2.297227500000000033e-02	2.140041499999999902e-02	3.731179059999999992e-01	1.433402916600000054e+01
2.378231800000000021e-02	1.831561999999999904e-03	3.408957739999999847e-01	2.378231800000000021e-02	3.324691600000000136e-02	3.683122070000000026e-01	1.433400121400000060e+01
2.462092399999999889e-02	1.963003999999999964e-03	3.529156170000000148e-01	2.462092399999999889e-02	4.433568100000000178e-02	3.622969600000000012e-01	1.433397125599999988e+01
2.548910100000000012e-02	2.103877999999999998e-03	3.653592199999999846e-01	2.548910100000000012e-02	5.445726599999999723e-02	3.550701379999999796e-01	1.433393914800000069e+01
2.638789100000000012e-02	2.254860999999999931e-03	3.782415159999999998e-01	2.638789100000000012e-02	6.338317400000000046e-02	3.466558080000000097e-01	1.433390473699999923e+01
2.731837399999999944e-02	2.416679000000000136e-03	3.915779659999999995e-01	2.731837399999999944e-02	7.086764500000000688e-02	3.371096299999999935e-01	1.433386785599999946e+01
2.828166799999999939e-02	2.590109000000000161e-03	4.053845710000000269e-01	2.828166799999999939e-02	7.665060399999999718e-02	3.265247319999999842e-01	1.433382832799999917e+01
2.927892899999999868e-02	2.775984999999999911e-03	4.196778990000000209e-01	2.927892899999999868e-02	8.046194099999999516e-02	3.150377859999999863e-01	1.433378596400000049e+01
3.031135500000000163e-02	2.975199999999999893e-03	4.344750989999999757e-01	3.031135500000000163e-02	8.202737999999999696e-02	3.028350639999999871e-01	1.433374055900000066e+01
3.138018599999999741e-02	3.188709000000000075e-03	4.497939229999999844e-01	3.138018599999999741e-02	8.107612100000000099e-02	2.901581639999999962e-01	1.433369189699999957e+01
3.248670699999999661e-02	3.417541000000000068e-03	4.656527480000000052e-01	3.248670699999999661e-02	7.735042200000000201e-02	2.773090009999999994e-01	1.433363974200000079e+01
3.363224499999999811e-02	3.662791999999999784e-03	4.820705980000000168e-01	3.363224499999999811e-02	7.061720500000000234e-02	2.646535930000000203e-01	1.433358384499999971e+01
3.481817599999999929e-02	3.925643000000000361e-03	4.990671640000000076e-01	3.481817599999999929e-02	6.068169899999999867e-02	2.526240559999999857e-01	1.433352393700000071e+01
3.604592599999999897e-02	4.207355000000000296e-03	5.166628290000000456e-01	3.604592599999999897e-02	4.740297000000000260e-02	2.417182049999999915e-01	1.433345972999999951e+01
3.731696799999999897e-02	4.509281999999999874e-03	5.348786960000000423e-01	3.731696799999999897e-02	3.071106200000000078e-02	2.324960689999999996e-01	1.433339091600000081e+01
3.863282999999999995e-02	4.832874000000000024e-03	5.537366040000000211e-01	3.863282999999999995e-02	1.062526100000000043e-02	2.255726590000000087e-01	1.433331716300000025e+01
3.999509100000000344e-02	5.179686000000000186e-03	5.732591620000000443e-01	3.999509100000000344e-02	-1.272717599999999977e-02	2.216063590000000028e-01	1.433323811900000067e+01
4.140538800000000130e-02	5.551383000000000012e-03	5.934697749999999772e-01	4.140538800000000130e-02	-3.909270100000000053e-02	2.212824100000000127e-01	1.433315340300000074e+01
4.286541399999999752e-02	5.949750000000000177e-03	6.143926640000000328e-01	4.286541399999999752e-02	-6.807461099999999321e-02	2.252911019999999931e-01	1.433306260800000054e+01
4.437692299999999868e-02	6.376701000000000244e-03	6.360529040000000300e-01	4.437692299999999868e-02	-9.911882900000000551e-02	2.343004740000000086e-01	1.433296529899999960e+01
4.594173099999999954e-02	6.834286999999999654e-03	6.584764499999999909e-01	4.594173099999999954e-02	-1.315036330000000087e-01	2.489235399999999987e-01	1.433286100699999999e+01
4.756171700000000335e-02	7.324704999999999931e-03	6.816901640000000429e-01	4.756171700000000335e-02	-1.643346970000000018e-01	2.696802859999999913e-01	1.433274923199999940e+01
4.923882599999999943e-02	7.850309999999999233e-03	7.057218520000000384e-01	4.923882599999999943e-02	-1.965468449999999978e-01	2.969548450000000228e-01	1.433262943799999967e+01
5.097507300000000269e-02	8.413626000000000438e-03	7.306002929999999562e-01	5.097507300000000269e-02	-2.269139530000000016e-01	3.309484560000000020e-01	1.433250104899999933e+01
5.277254399999999762e-02	9.017359000000000832e-03	7.563552740000000219e-01	5.277254399999999762e-02	-2.540685819999999873e-01	3.716289050000000094e-01	1.433236344800000062e+01
5.463339600000000074e-02	9.664406000000000385e-03	7.830176250000000504e-01	5.463339600000000074e-02	-2.765331169999999950e-01	4.186772759999999871e-01	1.433221597500000044e+01
5.655986500000000083e-02	1.035787500000000076e-02	8.106192559999999547e-01	5.655986500000000083e-02	-2.927647010000000161e-01	4.714330709999999813e-01	1.433205792100000053e+01
5.855426400000000170e-02	1.110109599999999953e-02	8.391931879999999788e-01	5.855426400000000170e-02	-3.012169490000000116e-01	5.288392130000000302e-01	1.433188852800000035e+01
6.061898999999999760e-02	1.189763500000000015e-02	8.687736010000000064e-01	6.061898999999999760e-02	-3.004224340000000160e-01	5.893894560000000338e-01	1.433170698400000020e+01
6.275652099999999567e-02	1.275131600000000039e-02	8.993958659999999883e-01	6.275652099999999567e-02	-2.891010669999999894e-01	6.510825719999999706e-01	1.433151241500000062e+01
6.496942599999999679e-02	1.366623800000000069e-02	9.310965879999999473e-01	6.496942599999999679e-02	-2.663004310000000041e-01	7.113908860000000001e-01	1.433130388900000085e+01
6.726036200000000409e-02	1.464679099999999928e-02	9.639136489999999835e-01	6.726036200000000409e-02	-2.315740689999999935e-01	7.672557169999999482e-01	1.433108040399999972e+01
6.963207899999999950e-02	1.569767999999999858e-02	9.978862509999999464e-01	6.963207899999999950e-02	-1.852014369999999965e-01	8.151293219999999895e-01	1.433084088800000089e+01
7.208742799999999507e-02	1.682395000000000071e-02	1.033054958999999995e+00	7.208742799999999507e-02	-1.284465150000000111e-01	8.510917289999999635e-01	1.433058419199999989e+01
7.462935699999999339e-02	1.803100300000000031e-02	1.069461750999999960e+00	7.462935699999999339e-02	-6.383828800000000692e-02	8.710794929999999825e-01	1.433030908399999959e+01
7.726091799999999787e-02	1.932463099999999837e-02	1.107150061000000019e+00	7.726091799999999787e-02	4.567408000000000232e-03	8.712674929999999485e-01	1.433001424399999912e+01
7.998527299999999562e-02	2.071103900000000053e-02	1.146164831999999967e+00	7.998527299999999562e-02	7.101931300000000058e-02	8.486361959999999538e-01	1.432969825800000052e+01
8.280569399999999913e-02	2.219687700000000027e-02	1.186552564999999948e+00	8.280569399999999913e-02	1.281091079999999993e-01	8.017236779999999952e-01	1.432935960999999914e+01
8.572556700000000252e-02	2.378926899999999831e-02	1.228361368999999925e+00	8.572556700000000252e-02	1.671573480000000111e-01	7.314933059999999543e-01	1.432899667699999924e+01
8.874840100000000453e-02	2.549585299999999888e-02	1.271641017999999956e+00	8.874840100000000453e-02	1.790717019999999993e-01	6.421457419999999638e-01	1.432860771700000058e+01
9.187782399999999683e-02	2.732480899999999852e-02	1.316443003000000056e+00	9.187782399999999683e-02	1.557082909999999987e-01	5.415971200000000429e-01	1.432819086700000000e+01
9.511759699999999818e-02	2.928490400000000049e-02	1.362820590999999970e+00	9.511759699999999818e-02	9.158290600000000559e-02	4.412996209999999753e-01	1.432774412700000077e+01
9.847161000000000108e-02	3.138553200000000071e-02	1.410828881000000035e+00	9.847161000000000108e-02	-1.444496500000000058e-02	3.551752440000000011e-01	1.432726535800000001e+01
1.019438909999999948e-01	3.363675900000000218e-02	1.460524865000000005e+00	1.019438909999999948e-01	-1.580335939999999995e-01	2.976957599999999760e-01	1.432675226499999965e+01
1.055386100000000049e-01	3.604936899999999778e-02	1.511967491000000052e+00	1.055386100000000049e-01	-3.292105320000000002e-01	2.814804260000000058e-01	1.432620239000000062e+01
1.092600860000000063e-01	3.863491599999999832e-02	1.565217721000000006e+00	1.092600860000000063e-01	-5.133481549999999727e-01	3.150044309999999737e-01	1.432561309999999999e+01
1.131127880000000058e-01	4.140578200000000209e-02	1.620338599000000102e+00	1.131127880000000058e-01	-6.930045070000000473e-01	4.009530170000000227e-01	1.432498157200000044e+01
1.171013419999999972e-01	4.437523100000000109e-02	1.677395315999999914e+00	1.171013419999999972e-01	-8.501396639999999616e-01	5.354369450000000530e-01	1.432430478400000062e+01
1.212305399999999977e-01	4.755747400000000236e-02	1.736455279000000074e+00	1.212305399999999977e-01	-9.682979840000000005e-01	7.079091339999999954e-01	1.432357949600000069e+01
1.255053409999999925e-01	5.096773500000000012e-02	1.797588176000000093e+00	1.255053409999999925e-01	-1.034692455999999927e+00	9.014381860000000302e-01	1.432280223899999960e+01
1.299308779999999997e-01	5.462232599999999882e-02	1.860866050999999910e+00	1.299308779999999997e-01	-1.042550501000000018e+00	1.093160171000000069e+00	1.432196929500000060e+01
1.345124679999999961e-01	5.853871900000000295e-02	1.926363371999999963e+00	1.345124679999999961e-01	-9.943271399999999982e-01	1.255303607000000099e+00	1.432107668199999928e+01
1.392556130000000003e-01	6.273563299999999898e-02	1.994157106000000068e+00	1.392556130000000003e-01	-9.060839699999999608e-01	1.358123530000000079e+00	1.432012013399999972e+01
1.441660090000000116e-01	6.723311799999999450e-02	2.064326792000000133e+00	1.441660090000000116e-01	-8.118583419999999551e-01	1.376965369000000106e+00	1.431909508000000031e+01
1.492495550000000060e-01	7.205265299999999429e-02	2.136954617999999861e+00	1.492495550000000060e-01	-7.638321839999999696e-01	1.304986803000000029e+00	1.431799662499999926e+01
1.545123549999999901e-01	7.721724300000000485e-02	2.212125494999999997e+00	1.545123549999999901e-01	-8.214997640000000212e-01	1.168224753999999921e+00	1.431681952699999982e+01
1.599607299999999954e-01	8.275152800000000475e-02	2.289927137999999918e+00	1.599607299999999954e-01	-1.027087783000000032e+00	1.031325553000000061e+00	1.431555816800000080e+01
1.656012249999999908e-01	8.868189999999999407e-02	2.370450137999999818e+00	1.656012249999999908e-01	-1.378925847000000093e+00	9.810680069999999642e-01	1.431420653500000029e+01
1.714406139999999912e-01	9.503662100000000168e-02	2.453788045000000029e+00	1.714406139999999912e-01	-1.824848446999999929e+00	1.092263180000000000e+00	1.431275818499999986e+01
1.774859089999999973e-01	1.018459609999999987e-01	2.540037447000000004e+00	1.774859089999999973e-01	-2.282761629999999986e+00	1.400832716000000033e+00	1.431120622000000076e+01
1.837443719999999892e-01	1.091423319999999947e-01	2.629298045000000084e+00	1.837443719999999892e-01	-2.669215518000000120e+00	1.901654790999999900e+00	1.430954325199999921e+01
1.902235200000000070e-01	1.169604419999999978e-01	2.721672733000000122e+00	1.902235200000000070e-01	-2.914004277000000087e+00	2.563039949000000206e+00	1.430776137099999978e+01
1.969311340000000077e-01	1.253374529999999876e-01	2.817267675000000082e+00	1.969311340000000077e-01	-2.957258137999999814e+00	3.338473800000000047e+00	1.430585210699999976e+01
2.038752699999999973e-01	1.343131519999999912e-01	2.916192384999999998e+00	2.038752699999999973e-01	-2.739856972000000113e+00	4.162732184000000224e+00	1.430380639100000018e+01
2.110642679999999993e-01	1.439301349999999868e-01	3.018559798000000072e+00	2.110642679999999993e-01	-2.204662239000000135e+00	4.927888610000000114e+00	1.430161451600000078e+01
2.185067629999999927e-01	1.542339970000000116e-01	3.124486343000000055e+00	2.185067629999999927e-01	-1.337797523999999960e+00	5.448446307000000211e+00	1.429926608899999962e+01
2.262116929999999915e-01	1.652735459999999934e-01	3.234092019999999845e+00	2.262116929999999915e-01	-2.807852419999999904e-01	5.476735590999999737e+00	1.429674998700000010e+01
2.341883130000000091e-01	1.771010189999999984e-01	3.347500457999999846e+00	2.341883130000000091e-01	5.738603300000000296e-01	4.898221224000000262e+00	1.429405430299999935e+01
2.424462019999999995e-01	1.897723179999999954e-01	3.464838986999999815e+00	2.424462019999999995e-01	8.110445229999999617e-01	4.011404057000000023e+00	1.429116629700000018e+01
2.509952779999999883e-01	2.033472620000000008e-01	3.586238693999999949e+00	2.509952779999999883e-01	4.486541110000000221e-01	3.348553637000000194e+00	1.428807233500000073e+01
2.598458100000000104e-01	2.178898559999999929e-01	3.711834475999999938e+00	2.598458100000000104e-01	-1.223095250000000023e-01	3.156246083000000091e+00	1.428475782800000005e+01
2.690084280000000216e-01	2.334685710000000136e-01	3.841765087999999828e+00	2.690084280000000216e-01	-5.689696370000000281e-01	3.313843268999999925e+00	1.428120717200000023e+01
2.784941349999999760e-01	2.501566510000000076e-01	3.976173186000000026e+00	2.784941349999999760e-01	-7.967651340000000415e-01	3.573482950999999908e+00	1.427740367300000024e+01
2.883143249999999824e-01	2.680324270000000175e-01	4.115205351000000178e+00	2.883143249999999824e-01	-9.188897179999999665e-01	3.752201632999999870e+00	1.427332947700000076e+01
2.984807919999999948e-01	2.871796699999999980e-01	4.259012117000000153e+00	2.984807919999999948e-01	-1.134914788999999979e+00	3.866062868000000208e+00	1.426896549199999953e+01
3.090057460000000256e-01	3.076879399999999931e-01	4.407747975000000373e+00	3.090057460000000256e-01	-1.504213854000000072e+00	4.123795305999999883e+00	1.426429130500000042e+01
3.199018279999999992e-01	3.296529810000000116e-01	4.561571374999999762e+00	3.199018279999999992e-01	-1.835051701999999896e+00	4.690586020999999661e+00	1.425928509499999919e+01
3.311821260000000211e-01	3.531771209999999828e-01	4.720644701000000332e+00	3.311821260000000211e-01	-1.836918421000000023e+00	5.491292931000000266e+00	1.425392354000000061e+01
3.428601860000000112e-01	3.783697089999999985e-01	4.885134239000000100e+00	3.428601860000000112e-01	-1.332583475000000073e+00	6.179153223000000139e+00	1.424818171699999958e+01
3.549500360000000243e-01	4.053475670000000197e-01	5.055210121000000001e+00	3.549500360000000243e-01	-5.691230109999999565e-01	6.236812811000000067e+00	1.424203299999999928e+01
3.674661940000000238e-01	4.342354729999999829e-01	5.231046247000000093e+00	3.674661940000000238e-01	-3.768329269999999842e-01	5.664198167000000339e+00	1.423544895000000032e+01
3.804236939999999789e-01	4.651666709999999760e-01	5.412820185000000173e+00	3.804236939999999789e-01	-1.047683697000000080e+00	5.420825168000000360e+00	1.422839919900000005e+01
3.938380980000000253e-01	4.982834090000000105e-01	5.600713042999999836e+00	3.938380980000000253e-01	-1.793705424999999964e+00	6.052614327999999766e+00	1.422085132499999993e+01
4.077255180000000090e-01	5.337374980000000324e-01	5.794909305000000010e+00	4.077255180000000090e-01	-1.892444234000000058e+00	7.199969367999999648e+00	1.421277072900000071e+01
4.221026319999999776e-01	5.716909129999999672e-01	5.995596646000000085e+00	4.221026319999999776e-01	-1.164142384000000030e+00	8.083946557999999172e+00	1.420412049399999965e+01
4.369867080000000015e-01	6.123164119999999766e-01	6.202965691000000170e+00	4.369867080000000015e-01	-3.466462969999999921e-01	8.015825216999999725e+00	1.419486124400000016e+01
4.523956230000000245e-01	6.557981899999999476e-01	6.417209748000000324e+00	4.523956230000000245e-01	-4.454458379999999829e-01	7.660196136999999794e+00	1.418495099799999970e+01
4.683478830000000204e-01	7.023325639999999925e-01	6.638524485999999669e+00	4.683478830000000204e-01	-9.584893260000000303e-01	8.046062703000000482e+00	1.417434501400000002e+01
4.848626480000000072e-01	7.521286799999999939e-01	6.867107562000000165e+00	4.848626480000000072e-01	-1.026797763000000030e+00	8.984164938999999350e+00	1.416299562200000040e+01
5.019597519999999813e-01	8.054092609999999874e-01	7.103158194999999786e+00	5.019597519999999813e-01	-5.066609810000000103e-01	9.888137934999999601e+00	1.415085206000000007e+01
5.196597299999999864e-01	8.624113719999999539e-01	7.346876668000000166e+00	5.196597299999999864e-01	4.436580379999999768e-01	1.044196767100000045e+01	1.413786029599999949e+01
5.379838399999999909e-01	9.233872199999999530e-01	7.598463773999999837e+00	5.379838399999999909e-01	1.593212714999999946e+00	1.015163635300000067e+01	1.412396284899999976e+01
5.569540910000000400e-01	9.886049730000000535e-01	7.858120179000000149e+00	5.569540910000000400e-01	1.608388311999999987e+00	9.004865571999999929e+00	1.410909859799999921e+01
5.765932649999999660e-01	1.058349603999999999e+00	8.126045697000000345e+00	5.765932649999999660e-01	3.215061710000000073e-01	8.998448334000000770e+00	1.409320259299999911e+01
5.969249509999999814e-01	1.132923759999999946e+00	8.402438489999999760e+00	5.969249509999999814e-01	-2.019691239999999999e-01	1.050360358600000055e+01	1.407620585399999946e+01
6.179735680000000286e-01	1.212648634000000003e+00	8.687494154999999552e+00	6.179735680000000286e-01	8.989383450000000275e-01	1.163163283199999931e+01	1.405803517800000080e+01
6.397643960000000130e-01	1.297864860000000009e+00	8.981404712999999873e+00	6.397643960000000130e-01	1.555798357000000021e+00	1.117930081699999967e+01	1.403861292600000077e+01
6.623236059999999537e-01	1.388933406000000037e+00	9.284357483000000855e+00	6.623236059999999537e-01	8.597447190000000461e-01	1.138773548800000057e+01	1.401785682799999933e+01
6.856782940000000215e-01	1.486236466999999895e+00	9.596533825999999934e+00	6.856782940000000215e-01	3.900418749999999823e-01	1.297355560099999927e+01	1.399567977399999918e+01
7.098565079999999972e-01	1.590178351000000045e+00	9.918107764000000159e+00	7.098565079999999972e-01	1.590188700999999982e+00	1.599959262900000034e+01	1.397198961600000011e+01
7.348872889999999991e-01	1.701186336999999993e+00	1.024924445000000084e+01	7.348872889999999991e-01	7.996463405000000080e+00	1.663983710799999827e+01	1.394668896900000021e+01
7.608006990000000247e-01	1.819711507999999922e+00	1.059009848900000073e+01	7.608006990000000247e-01	8.280845416000000014e+00	8.951129745999999443e+00	1.391967502299999992e+01
7.876278610000000402e-01	1.946229540000000036e+00	1.094081209600000015e+01	7.876278610000000402e-01	3.238562969000000180e+00	8.686173209999999756e+00	1.389083936299999955e+01
8.154009960000000445e-01	2.081241429999999948e+00	1.130151308599999993e+01	8.154009960000000445e-01	1.328855184000000023e+00	1.183237805399999942e+01	1.386006780099999958e+01
8.441534600000000221e-01	2.225274143000000038e+00	1.167231267999999922e+01	8.441534600000000221e-01	3.208290190000000042e+00	1.612599207499999920e+01	1.382724023399999957e+01
8.739197859999999762e-01	2.378881171999999822e+00	1.205330312899999967e+01	8.739197859999999762e-01	1.022565195099999968e+01	1.434866131100000075e+01	1.379223050899999947e+01
9.047357240000000189e-01	2.542642977999999943e+00	1.244455514000000029e+01	9.047357240000000189e-01	8.398488928000000797e+00	8.300113538999999818e+00	1.375490632900000065e+01
9.366382869999999583e-01	2.717167278999999880e+00	1.284611510100000054e+01	9.366382869999999583e-01	4.781637378000000105e+00	7.043940624000000206e+00	1.371512918400000025e+01
9.696657890000000002e-01	2.903089184999999794e+00	1.325800210799999945e+01	9.696657890000000002e-01	1.481430924999999954e+00	8.200262953999999382e+00	1.367275431800000085e+01
1.003857898999999998e+00	3.101071126999999983e+00	1.368020478000000040e+01	1.003857898999999998e+00	-4.594166679999999725e-01	1.041650536999999943e+01	1.362763075199999996e+01
1.039255682999999930e+00	3.311802549999999901e+00	1.411267787300000087e+01	1.039255682999999930e+00	-1.521448330999999987e+00	1.380350257899999988e+01	1.357960134800000063e+01
1.075901653999999930e+00	3.535999349999999986e+00	1.455533869099999933e+01	1.075901653999999930e+00	-8.386041900000000548e-02	1.691855044500000105e+01	1.352850293899999912e+01
1.113839825999999977e+00	3.774403002000000118e+00	1.500806330700000046e+01	1.113839825999999977e+00	2.310968068000000208e+00	1.895877766899999983e+01	1.347416652799999959e+01
1.153115764999999904e+00	4.027779341999999652e+00	1.547068260300000020e+01	1.153115764999999904e+00	4.387821208000000084e+00	1.826476630000000156e+01	1.341641756499999971e+01
1.193776641999999999e+00	4.296916964000000227e+00	1.594297815100000015e+01	1.193776641999999999e+00	5.011640899999999732e+00	1.790244483000000031e+01	1.335507631299999964e+01
1.235871291999999899e+00	4.582625185000000378e+00	1.642467794999999953e+01	1.235871291999999899e+00	5.074076157000000364e+00	1.874358617800000104e+01	1.328995831199999955e+01
1.279450272999999916e+00	4.885731533000000404e+00	1.691545206900000053e+01	1.279450272999999916e+00	5.881933384999999959e+00	1.865321639100000084e+01	1.322087495200000085e+01
1.324565924999999922e+00	5.207078714999999747e+00	1.741490820799999995e+01	1.324565924999999922e+00	6.270126752000000359e+00	1.820482260500000038e+01	1.314763416000000085e+01
1.371272433999999985e+00	5.547521008000000364e+00	1.792258725099999950e+01	1.371272433999999985e+00	5.042776680000000233e+00	1.907482131500000122e+01	1.307004122700000082e+01
1.419625896000000109e+00	5.907920049000000340e+00	1.843795885000000112e+01	1.419625896000000109e+00	4.015861110000000345e+00	2.173417169300000040e+01	1.298789976700000004e+01
1.469684385999999954e+00	6.289139967999999747e+00	1.896041711299999832e+01	1.469684385999999954e+00	5.963084851999999714e+00	2.537437660799999861e+01	1.290101282400000038e+01
1.521508026000000013e+00	6.692041826999999721e+00	1.948927647100000016e+01	1.521508026000000013e+00	1.137841569599999936e+01	2.669863770599999953e+01	1.280918414099999936e+01
1.575159057000000029e+00	7.117477354000000034e+00	2.002376781799999961e+01	1.575159057000000029e+00	1.514203073999999916e+01	2.433363907500000067e+01	1.271221958699999988e+01
1.630701917999999973e+00	7.566281925000000186e+00	2.056303500799999995e+01	1.630701917999999973e+00	1.647794044200000130e+01	2.244583664399999989e+01	1.260992875800000057e+01
1.688203316999999926e+00	8.039266809000000791e+00	2.110613183099999901e+01	1.688203316999999926e+00	1.744757133699999940e+01	2.018088709399999914e+01	1.250212674199999974e+01
1.747732314999999925e+00	8.537210667000000086e+00	2.165201958500000146e+01	1.747732314999999925e+00	1.605630168000000069e+01	1.797044510899999992e+01	1.238863605899999953e+01
1.809360410999999891e+00	9.060850323000000373e+00	2.219956535600000080e+01	1.809360410999999891e+00	1.444333184000000081e+01	1.860327898599999941e+01	1.226928876300000049e+01
1.873161620000000083e+00	9.610870854999999935e+00	2.274754116200000098e+01	1.873161620000000083e+00	1.577775906399999961e+01	1.981942824700000116e+01	1.214392870100000010e+01
1.939212571999999968e+00	1.018789506200000083e+01	2.329462407600000162e+01	1.939212571999999968e+00	1.775184121299999873e+01	1.755861863799999867e+01	1.201241391099999944e+01
2.007592595999999840e+00	1.079247239000000036e+01	2.383939748199999897e+01	2.007592595999999840e+00	1.663201389399999996e+01	1.452453372299999934e+01	1.187461914999999912e+01
2.078383818999999910e+00	1.142506742299999978e+01	2.438035359199999874e+01	2.078383818999999910e+00	1.398250304899999996e+01	1.248190674700000002e+01	1.173043851399999937e+01
2.151671263999999972e+00	1.208604808399999975e+01	2.491589735299999830e+01	2.151671263999999972e+00	9.283512197000000299e+00	1.245246779800000070e+01	1.157978812800000057e+01
2.227542951999999854e+00	1.277567370400000080e+01	2.544435186899999835e+01	2.227542951999999854e+00	5.083363859000000318e+00	1.576844247500000051e+01	1.142260886400000075e+01
2.306090009000000052e+00	1.349408315199999997e+01	2.596396542400000129e+01	2.306090009000000052e+00	3.671555372999999900e+00	2.074543583799999880e+01	1.125886904899999941e+01
2.387406771999999844e+00	1.424128325100000048e+01	2.647292019100000005e+01	2.387406771999999844e+00	3.772776676999999967e+00	2.656227128500000134e+01	1.108856710200000073e+01
2.471590905999999865e+00	1.501713771000000008e+01	2.696934266999999963e+01	2.471590905999999865e+00	8.172046243000000487e+00	3.197526652999999897e+01	1.091173405900000049e+01
2.558743520000000160e+00	1.582135684800000064e+01	2.745131586500000154e+01	2.558743520000000160e+00	1.516714375099999934e+01	3.226134844599999951e+01	1.072843590999999996e+01
2.648969287999999978e+00	1.665348838799999953e+01	2.791689316900000151e+01	2.648969287999999978e+00	1.705713571800000139e+01	2.819874555199999833e+01	1.053877570400000074e+01
2.742376573000000040e+00	1.751290959299999983e+01	2.836411387200000078e+01	2.742376573000000040e+00	1.533220715100000042e+01	2.820187187899999870e+01	1.034289533699999986e+01
2.839077563000000026e+00	1.839882105499999909e+01	2.879102017499999988e+01	2.839077563000000026e+00	1.545077631600000068e+01	3.051915076099999879e+01	1.014097696700000029e+01
2.939188398999999841e+00	1.931024239099999917e+01	2.919567551900000169e+01	2.939188398999999841e+00	1.859129302399999872e+01	3.345772183700000113e+01	9.933243998000000019e+00
3.042829316999999811e+00	2.024601011900000103e+01	2.957618399200000070e+01	3.042829316999999811e+00	2.221646456399999892e+01	3.226152758500000317e+01	9.719961557999999613e+00
3.150124796000000060e+00	2.120477793899999952e+01	2.993071053299999917e+01	3.150124796000000060e+00	2.338196229900000134e+01	3.030877949699999974e+01	9.501436442999999343e+00
3.261203699999999817e+00	2.218501959800000023e+01	3.025750159400000072e+01	3.261203699999999817e+00	2.385798754300000013e+01	3.138568145200000004e+01	9.278016454999999496e+00
3.376199440999999801e+00	2.318503448299999903e+01	3.055490587999999974e+01	3.376199440999999801e+00	2.727052558400000137e+01	3.232528345400000092e+01	9.050089135000000340e+00
3.495250132999999870e+00	2.420295600000000036e+01	3.082139475700000020e+01	3.495250132999999870e+00	3.051817770499999938e+01	2.797665139600000117e+01	8.818079847999999998e+00
3.618498760000000036e+00	2.523676275400000080e+01	3.105558191000000079e+01	3.618498760000000036e+00	2.748122663999999915e+01	2.370965419699999899e+01	8.582449235000000343e+00
3.746093349000000128e+00	2.628429244799999864e+01	3.125624178800000053e+01	3.746093349000000128e+00	2.366284467499999877e+01	2.509386636600000031e+01	8.343690047000000831e+00
3.878187146000000141e+00	2.734325835199999943e+01	3.142232642700000156e+01	3.878187146000000141e+00	2.386122226999999896e+01	2.815806360499999883e+01	8.102323392000000624e+00
4.014938800999999557e+00	2.841126811399999852e+01	3.155298022799999913e+01	4.014938800999999557e+00	2.574607477400000022e+01	2.791236608599999869e+01	7.858894442999999619e+00
4.156512558000000190e+00	2.948584460300000032e+01	3.164755232399999940e+01	4.156512558000000190e+00	2.366681046800000132e+01	2.869297866000000141e+01	7.613967691000000038e+00
4.303078454000000441e+00	3.056444842799999861e+01	3.170560620899999904e+01	4.303078454000000441e+00	2.327597843099999864e+01	3.306433782100000229e+01	7.368121810999999965e+00
4.454812518999999860e+00	3.164450169799999912e+01	3.172692639399999948e+01	4.454812518999999860e+00	2.777156379699999889e+01	3.679005132799999700e+01	7.121944248000000144e+00
4.611896992000000139e+00	3.272341255399999937e+01	3.171152188699999996e+01	4.611896992000000139e+00	3.291106810499999824e+01	3.686537387399999943e+01	6.876025622000000226e+00
4.774520539000000063e+00	3.379859999100000323e+01	3.165962642099999869e+01	4.774520539000000063e+00	3.750803821600000276e+01	3.411838885000000232e+01	6.630954075000000003e+00
4.942878474999999661e+00	3.486751845399999894e+01	3.157169542600000156e+01	4.942878474999999661e+00	3.750523903999999931e+01	3.073996055399999960e+01	6.387309658999999584e+00
5.117173006999999885e+00	3.592768172000000249e+01	3.144839981699999854e+01	5.117173006999999885e+00	3.643963137499999760e+01	3.018834577100000160e+01	6.145658896999999676e+00
5.297613468999999853e+00	3.697668558699999863e+01	3.129061676799999958e+01	5.297613468999999853e+00	3.746188043800000145e+01	2.986189158099999830e+01	5.906549609999999895e+00
5.484416576000000099e+00	3.801222895000000079e+01	3.109941772699999873e+01	5.484416576000000099e+00	3.906369071400000337e+01	2.844314783200000107e+01	5.670506114000000153e+00
5.677806688000000435e+00	3.903213287599999859e+01	3.087605396600000063e+01	5.677806688000000435e+00	3.818918140400000283e+01	2.625570138899999861e+01	5.438024869000000372e+00
5.878016072000000314e+00	4.003435737499999902e+01	3.062194005199999935e+01	5.878016072000000314e+00	3.579833238399999829e+01	2.670871045899999885e+01	5.209570657000000438e+00
6.085285189999999567e+00	4.101701562200000239e+01	3.033863562999999886e+01	6.085285189999999567e+00	3.525338915100000037e+01	2.957164208600000066e+01	4.985573343999999629e+00
6.299862978000000169e+00	4.197838547599999970e+01	3.002782594900000035e+01	6.299862978000000169e+00	3.732556909600000239e+01	3.212916759200000172e+01	4.766425245999999838e+00
6.522007154999999834e+00	4.291691820300000160e+01	2.969130158300000133e+01	6.522007154999999834e+00	4.084639989899999790e+01	3.243292757599999732e+01	4.552479148999999836e+00
6.751984522999999960e+00	4.383124440800000343e+01	2.933093776500000160e+01	6.751984522999999960e+00	4.194737206700000343e+01	3.155286320300000114e+01	4.344046948999999991e+00
6.990071294999999907e+00	4.472017722700000064e+01	2.894867375200000126e+01	6.990071294999999907e+00	4.366792534399999681e+01	3.170350698800000089e+01	4.141398925999999925e+00
7.236553423000000151e+00	4.558271291100000155e+01	2.854649260900000129e+01	7.236553423000000151e+00	4.654727722300000181e+01	3.064688400300000026e+01	3.944763610999999948e+00
7.491726940999999584e+00	4.641802898200000271e+01	2.812640174499999901e+01	7.491726940999999584e+00	4.710344880099999898e+01	2.786985572900000108e+01	3.754328203000000030e+00
7.755898323000000261e+00	4.722548018799999880e+01	2.769041449899999918e+01	7.755898323000000261e+00	4.622338578699999800e+01	2.778367709799999830e+01	3.570239492999999875e+00
8.029384849999999574e+00	4.800459249600000078e+01	2.724053301800000071e+01	8.029384849999999574e+00	4.774488952299999767e+01	2.893145977600000052e+01	3.392605227999999862e+00
8.312514990000000381e+00	4.875505541999999792e+01	2.677873261599999921e+01	8.312514990000000381e+00	4.937232327200000270e+01	2.715213836899999933e+01	3.221495859000000017e+00
8.605628792999999277e+00	4.947671295300000338e+01	2.630694774899999899e+01	8.605628792999999277e+00	5.099818928900000259e+01	2.592871346300000113e+01	3.056946608000000065e+00
8.909078300999999200e+00	5.016955340300000188e+01	2.582705969199999885e+01	8.909078300999999200e+00	5.006946272199999726e+01	2.417969485600000112e+01	2.898959781999999930e+00
9.223227968999999860e+00	5.083369840400000328e+01	2.534088595100000063e+01	9.223227968999999860e+00	4.969930450700000080e+01	2.385548521400000155e+01	2.747507275999999887e+00
9.548455103000000221e+00	5.146939136999999675e+01	2.485017141599999846e+01	9.548455103000000221e+00	4.959176428399999992e+01	2.413573237700000007e+01	2.602533199999999880e+00
9.885150314000000549e+00	5.207698564100000027e+01	2.435658119800000065e+01	9.885150314000000549e+00	4.940002684400000277e+01	2.461913770600000007e+01	2.463956583999999950e+00
1.023371798600000027e+01	5.265693254300000348e+01	2.386169509200000149e+01	1.023371798600000027e+01	5.114028655300000281e+01	2.423696049500000171e+01	2.331674092000000087e+00
1.059457676399999926e+01	5.320976954799999703e+01	2.336700355700000031e+01	1.059457676399999926e+01	5.119215847499999938e+01	2.414408924499999998e+01	2.205562721000000170e+00
1.096816005300000008e+01	5.373610871300000014e+01	2.287390511299999929e+01	1.096816005300000008e+01	5.162321405099999794e+01	2.439012762000000123e+01	2.085482433000000135e+00
1.135491654099999970e+01	5.423662554100000222e+01	2.238370501500000032e+01	1.135491654099999970e+01	5.287951120099999969e+01	2.445029360599999890e+01	1.971278690999999972e+00
1.175531073900000045e+01	5.471204835500000030e+01	2.189761507000000051e+01	1.175531073900000045e+01	5.397551562999999675e+01	2.355101157300000025e+01	1.862784876999999950e+00
1.216982353600000089e+01	5.516314830000000313e+01	2.141675447000000077e+01	1.216982353600000089e+01	5.437726335499999664e+01	2.280137288999999967e+01	1.759824569999999921e+00
1.259895277799999924e+01	5.559073001400000180e+01	2.094215148400000004e+01	1.259895277799999924e+01	5.404450227699999942e+01	2.273624131400000081e+01	1.662213665999999979e+00
1.304321386700000041e+01	5.599562302300000027e+01	2.047474590199999867e+01	1.304321386700000041e+01	5.484294683899999967e+01	2.352742070300000066e+01	1.569762338999999951e+00
1.350314037899999953e+01	5.637867387200000024e+01	2.001539207400000109e+01	1.350314037899999953e+01	5.696511933099999681e+01	2.341150311799999884e+01	1.482276826999999964e+00
1.397928470299999937e+01	5.674073900399999815e+01	1.956486244799999952e+01	1.397928470299999937e+01	5.859662437899999787e+01	2.201850591899999898e+01	1.399561054999999943e+00
1.447221870699999968e+01	5.708267838100000091e+01	1.912385148699999959e+01	1.447221870699999968e+01	5.880340008699999998e+01	1.992435408500000094e+01	1.321418082000000105e+00
1.498253442699999916e+01	5.740534981999999786e+01	1.869297986899999842e+01	1.498253442699999916e+01	5.871000688600000217e+01	1.863024035200000128e+01	1.247651387999999972e+00
1.551084477000000028e+01	5.770960402099999698e+01	1.827279887299999928e+01	1.551084477000000028e+01	5.811786288300000081e+01	1.776376284299999853e+01	1.178066000999999918e+00
1.605778425800000164e+01	5.799628025399999842e+01	1.786379489400000153e+01	1.605778425800000164e+01	5.726577715300000193e+01	1.809766803500000165e+01	1.112469479000000039e+00
1.662400978899999870e+01	5.826620265199999693e+01	1.746639398900000018e+01	1.662400978899999870e+01	5.778692506200000167e+01	1.880835193600000110e+01	1.050672744000000103e+00
1.721020142200000080e+01	5.852017708999999712e+01	1.708096642299999957e+01	1.721020142200000080e+01	5.886958612600000151e+01	1.817598406300000136e+01	9.924907910000000388e-01
1.781706319499999935e+01	5.875898858000000047e+01	1.670783115500000093e+01	1.781706319499999935e+01	5.946907995699999816e+01	1.769456811099999882e+01	9.377432730000000438e-01
1.844532397600000095e+01	5.898339914499999992e+01	1.634726022399999934e+01	1.844532397600000095e+01	5.966201222699999818e+01	1.686890310000000071e+01	8.862549800000000255e-01
1.909573832899999957e+01	5.919414614200000102e+01	1.599948300199999984e+01	1.909573832899999957e+01	5.938190925499999651e+01	1.582200354499999939e+01	8.378562130000000163e-01
1.976908742799999885e+01	5.939194095599999912e+01	1.566469029800000001e+01	1.976908742799999885e+01	5.899901839599999676e+01	1.594664257400000018e+01	7.923830760000000195e-01
2.046617999400000087e+01	5.957746805899999742e+01	1.534303828300000028e+01	2.046617999400000087e+01	5.932800490999999710e+01	1.619668204399999922e+01	7.496776769999999868e-01
2.118785326100000077e+01	5.975138436099999950e+01	1.503465223000000073e+01	2.118785326100000077e+01	5.952991310899999888e+01	1.582131711899999971e+01	7.095882740000000188e-01
2.193497398899999951e+01	5.991431883700000327e+01	1.473963005999999965e+01	2.193497398899999951e+01	5.985547826900000246e+01	1.548493795399999939e+01	6.719693429999999967e-01
2.270843949900000069e+01	6.006687238600000001e+01	1.445804568400000001e+01	2.270843949900000069e+01	5.992055047400000234e+01	1.530720790600000036e+01	6.366816039999999566e-01
2.350917875500000065e+01	6.020961788299999995e+01	1.418995214499999946e+01	2.350917875500000065e+01	6.001962474300000139e+01	1.509486521100000012e+01	6.035919969999999912e-01
2.433815347499999859e+01	6.034310040799999797e+01	1.393538456399999959e+01	2.433815347499999859e+01	6.023027646999999973e+01	1.512020389899999984e+01	5.725736169999999792e-01
2.519635929300000043e+01	6.046783760699999988e+01	1.369436288600000040e+01	2.519635929300000043e+01	6.069373830199999986e+01	1.488696558600000053e+01	5.435056200000000226e-01
2.608482694799999990e+01	6.058432018100000249e+01	1.346689443800000063e+01	2.608482694799999990e+01	6.100171589899999702e+01	1.457498956100000065e+01	5.162730989999999576e-01
2.700462352399999943e+01	6.069301245199999784e+01	1.325297629800000010e+01	2.700462352399999943e+01	6.129752593399999938e+01	1.424637549900000089e+01	4.907669339999999880e-01
2.795685373499999926e+01	6.079435302200000280e+01	1.305259750299999943e+01	2.795685373499999926e+01	6.132904926599999840e+01	1.378558344900000066e+01	4.668836350000000190e-01
2.894266124700000020e+01	6.088875547500000351e+01	1.286574107300000058e+01	2.894266124700000020e+01	6.126014132899999964e+01	1.365869520200000053e+01	4.445251579999999758e-01
2.996323005500000036e+01	6.097660912300000291e+01	1.269238589100000070e+01	2.996323005500000036e+01	6.110742787400000253e+01	1.334248215600000087e+01	4.235987199999999842e-01
3.101978590099999877e+01	6.105827978399999978e+01	1.253250843200000020e+01	3.101978590099999877e+01	6.091852729099999664e+01	1.369819652400000010e+01	4.040166000000000035e-01
3.211359775300000052e+01	6.113411056399999666e+01	1.238608434900000077e+01	3.211359775300000052e+01	6.123881065999999862e+01	1.395346065400000057e+01	3.856959420000000138e-01
3.324597932300000025e+01	6.120442265799999859e+01	1.225308994399999918e+01	3.324597932300000025e+01	6.195575844999999759e+01	1.376544557399999924e+01	3.685585499999999848e-01
3.441829064499999902e+01	6.126951613600000002e+01	1.213350350199999994e+01	3.441829064499999902e+01	6.212397203199999751e+01	1.330746470799999948e+01	3.525306830000000113e-01
3.563193971199999766e+01	6.132967072000000286e+01	1.202730653499999924e+01	3.563193971199999766e+01	6.190942340099999797e+01	1.311017670899999921e+01	3.375428520000000043e-01
3.688838416699999811e+01	6.138514654400000126e+01	1.193448491200000028e+01	3.688838416699999811e+01	6.188114856800000041e+01	1.313289952999999954e+01	3.235296200000000177e-01
3.818913304800000219e+01	6.143618489199999999e+01	1.185502990300000015e+01	3.818913304800000219e+01	6.206849775700000293e+01	1.351335243199999958e+01	3.104294060000000188e-01
3.953574860700000215e+01	6.148300890400000185e+01	1.178893914100000018e+01	3.953574860700000215e+01	6.250536651000000177e+01	1.361718290700000011e+01	2.981842900000000185e-01
4.092984818499999733e+01	6.152582424700000274e+01	1.173621750300000066e+01	4.092984818499999733e+01	6.298595818900000154e+01	1.338414547400000032e+01	2.867398250000000037e-01
4.237310614900000161e+01	6.156481976100000253e+01	1.169687792999999942e+01	4.237310614900000161e+01	6.311132289399999706e+01	1.297403867100000063e+01	2.760448549999999779e-01
4.386725590999999724e+01	6.160016805299999731e+01	1.167094217800000067e+01	4.386725590999999724e+01	6.297816408900000340e+01	1.277618996300000020e+01	2.660513389999999978e-01
4.541409200399999690e+01	6.163202606499999803e+01	1.165844152100000031e+01	4.541409200399999690e+01	6.305970080000000166e+01	1.303512237800000051e+01	2.567141829999999847e-01
4.701547224000000114e+01	6.166053558299999793e+01	1.165941740300000085e+01	4.701547224000000114e+01	6.331953568299999802e+01	1.323750411600000021e+01	2.479910730000000063e-01
4.867331994199999912e+01	6.168582371899999828e+01	1.167392204299999925e+01	4.867331994199999912e+01	6.386521531599999690e+01	1.325239595600000087e+01	2.398423209999999972e-01
5.038962625100000281e+01	6.170800333599999732e+01	1.170201901199999917e+01	5.038962625100000281e+01	6.431896408000000065e+01	1.294954598400000023e+01	2.322307170000000032e-01
5.216645251900000346e+01	6.172717343000000056e+01	1.174378376599999996e+01	5.216645251900000346e+01	6.461008873999999480e+01	1.250896917300000055e+01	2.251213800000000098e-01
5.400593278499999883e+01	6.174341946799999903e+01	1.179930416200000032e+01	5.400593278499999883e+01	6.460980245199999672e+01	1.192669974400000044e+01	2.184816290000000105e-01
5.591027634099999943e+01	6.175681367100000330e+01	1.186868094199999923e+01	5.591027634099999943e+01	6.414693533099999456e+01	1.155750539799999999e+01	2.122808489999999937e-01
5.788177037700000227e+01	6.176741525599999960e+01	1.195202819800000071e+01	5.788177037700000227e+01	6.361241184899999723e+01	1.176334277600000000e+01	2.064903700000000064e-01
5.992278273800000221e+01	6.177527062400000091e+01	1.204947382900000008e+01	5.992278273800000221e+01	6.354990730699999801e+01	1.225364279100000076e+01	2.010833489999999946e-01
6.203576476100000292e+01	6.178041349600000132e+01	1.216115997600000043e+01	6.203576476100000292e+01	6.360529701699999805e+01	1.267471286700000022e+01	1.960346590000000000e-01
6.422325422199999423e+01	6.178286500000000103e+01	1.228724345100000015e+01	6.422325422199999423e+01	6.399202565200000237e+01	1.304215895299999950e+01	1.913207859999999927e-01
6.648787838399999828e+01	6.178263370700000223e+01	1.242789615899999944e+01	6.648787838399999828e+01	6.470340838600000666e+01	1.323482262699999978e+01	1.869197280000000072e-01
6.883235715099999652e+01	6.177971560799999651e+01	1.258330551899999961e+01	6.883235715099999652e+01	6.525757904699999301e+01	1.282521204200000042e+01	1.828109049999999958e-01
7.125950633600000117e+01	6.177409404400000170e+01	1.275367487900000008e+01	7.125950633600000117e+01	6.535299661499999502e+01	1.230477011900000051e+01	1.789750659999999882e-01
7.377224104200000454e+01	6.176573957499999779e+01	1.293922393499999934e+01	7.377224104200000454e+01	6.520049965500000155e+01	1.201292047599999968e+01	1.753942099999999948e-01
7.637357916400000590e+01	6.175460979000000350e+01	1.314018915099999951e+01	7.637357916400000590e+01	6.503852202299999874e+01	1.196711304399999953e+01	1.720515039999999940e-01
7.906664501299999870e+01	6.174064906400000297e+01	1.335682418700000085e+01	7.906664501299999870e+01	6.495345048999999449e+01	1.192740113199999996e+01	1.689312119999999973e-01
8.185467307099999346e+01	6.172378824700000166e+01	1.358940033200000030e+01	8.185467307099999346e+01	6.490337569599999767e+01	1.181209740100000083e+01	1.660186260000000025e-01
8.474101186900000471e+01	6.170394429099999911e+01	1.383820694699999976e+01	8.474101186900000471e+01	6.461363435900000241e+01	1.169459955800000017e+01	1.632999970000000023e-01
8.772912801600000421e+01	6.168101981800000289e+01	1.410355191700000077e+01	8.772912801600000421e+01	6.418024263300000598e+01	1.177187597800000063e+01	1.607624769999999870e-01
9.082261035999999876e+01	6.165490260800000044e+01	1.438576212000000076e+01	9.082261035999999876e+01	6.385671135900000195e+01	1.208671272700000010e+01	1.583940610000000027e-01
9.402517429700000662e+01	6.162546502299999673e+01	1.468518389900000010e+01	9.402517429700000662e+01	6.372462208599999656e+01	1.250157749399999929e+01	1.561835330000000133e-01
9.734066623399999685e+01	6.159256334799999877e+01	1.500218356399999919e+01	9.734066623399999685e+01	6.368790269899999856e+01	1.278074535200000028e+01	1.541204120000000122e-01
1.007730682090000016e+02	6.155603706499999817e+01	1.533714789899999964e+01	1.007730682090000016e+02	6.375309740299999817e+01	1.292109729899999948e+01	1.521949089999999893e-01
1.043265026760000040e+02	6.151570802700000229e+01	1.569048469200000007e+01	1.043265026760000040e+02	6.360640070899999898e+01	1.303302336399999994e+01	1.503978790000000121e-01
1.080052374520000029e+02	6.147137955600000225e+01	1.606262328000000039e+01	1.080052374520000029e+02	6.328179239800000033e+01	1.308391928400000026e+01	1.487207809999999963e-01
1.118136908430000034e+02	6.142283544099999659e+01	1.645401512400000144e+01	1.118136908430000034e+02	6.279742726300000299e+01	1.339773188200000043e+01	1.471556390000000047e-01
1.157564369549999981e+02	6.136983883500000303e+01	1.686513439399999825e+01	1.157564369549999981e+02	6.240676005299999929e+01	1.395440402999999918e+01	1.456950029999999896e-01
1.198382111850000058e+02	6.131213104999999786e+01	1.729647858199999888e+01	1.198382111850000058e+02	6.215532136899999927e+01	1.451393901299999989e+01	1.443319160000000045e-01
1.240639159060000054e+02	6.124943023400000186e+01	1.774856914400000107e+01	1.240639159060000054e+02	6.193727676400000348e+01	1.505019337200000074e+01	1.430598819999999993e-01
1.284386263590000112e+02	6.118142992800000002e+01	1.822195215800000057e+01	1.284386263590000112e+02	6.166995529999999803e+01	1.569292374499999987e+01	1.418728360000000022e-01
1.329675967469999875e+02	6.110779749499999980e+01	1.871719901599999858e+01	1.329675967469999875e+02	6.149045082600000001e+01	1.635464681899999917e+01	1.407651149999999962e-01
1.376562665440000046e+02	6.102817240299999924e+01	1.923490714000000068e+01	1.376562665440000046e+02	6.126349429100000066e+01	1.701185310800000039e+01	1.397314309999999893e-01
1.425102670299999943e+02	6.094216436399999992e+01	1.977570072600000017e+01	1.425102670299999943e+02	6.092787588899999918e+01	1.792272794799999858e+01	1.387668489999999977e-01
1.475354280560000007e+02	6.084935130699999917e+01	2.034023152299999992e+01	1.475354280560000007e+02	6.086673259300000183e+01	1.910366205200000067e+01	1.378667600000000049e-01
1.527377850389999878e+02	6.074927717700000329e+01	2.092917963600000064e+01	1.527377850389999878e+02	6.125921051800000328e+01	2.023529660100000171e+01	1.370268639999999982e-01
1.581235862199999929e+02	6.064144954700000056e+01	2.154325437099999974e+01	1.581235862199999929e+02	6.179700472599999728e+01	2.109243889400000072e+01	1.362431430000000110e-01
