1.000000000000000021e-02	1.231651000000000057e-03	2.306485769999999935e-01	1.000000000000000021e-02	9.873153199999999685e-02	-3.231663579999999869e-01	2.306485765600000093e+01
1.035261699999999972e-02	1.320037999999999941e-03	2.387810300000000052e-01	1.035261699999999972e-02	8.092659400000000447e-02	-3.284882920000000150e-01	2.306479793700000158e+01
1.071766900000000085e-02	1.414768000000000059e-03	2.472001809999999911e-01	1.071766900000000085e-02	6.208584100000000272e-02	-3.334011749999999941e-01	2.306473393299999941e+01
1.109559300000000082e-02	1.516294999999999969e-03	2.559161300000000194e-01	1.109559300000000082e-02	4.216679899999999787e-02	-3.378369900000000037e-01	2.306466533600000091e+01
1.148684300000000005e-02	1.625106999999999984e-03	2.649393349999999980e-01	1.148684300000000005e-02	2.112783899999999895e-02	-3.417213800000000190e-01	2.306459181700000016e+01
1.189188899999999924e-02	1.741727999999999896e-03	2.742806219999999739e-01	1.189188899999999924e-02	-1.071354999999999964e-03	-3.449732870000000173e-01	2.306451302299999995e+01
1.231121699999999930e-02	1.866716999999999942e-03	2.839511960000000168e-01	1.231121699999999930e-02	-2.446924099999999921e-02	-3.475045959999999989e-01	2.306442857400000079e+01
1.274533299999999932e-02	2.000674999999999936e-03	2.939626579999999878e-01	1.274533299999999932e-02	-4.910181599999999952e-02	-3.492198040000000225e-01	2.306433806700000133e+01
1.319475500000000072e-02	2.144244999999999918e-03	3.043270149999999785e-01	1.319475500000000072e-02	-7.500193099999999391e-02	-3.500157119999999789e-01	2.306424106400000085e+01
1.366002499999999925e-02	2.298115999999999787e-03	3.150566969999999967e-01	1.366002499999999925e-02	-1.021985360000000065e-01	-3.497811570000000092e-01	2.306413710200000011e+01
1.414170200000000079e-02	2.463027999999999919e-03	3.261645710000000142e-01	1.414170200000000079e-02	-1.307158340000000030e-01	-3.483967800000000170e-01	2.306402568100000039e+01
1.464036299999999999e-02	2.639774000000000113e-03	3.376639559999999873e-01	1.464036299999999999e-02	-1.605723649999999947e-01	-3.457348610000000044e-01	2.306390626399999988e+01
1.515660800000000023e-02	2.829200000000000031e-03	3.495686370000000154e-01	1.515660800000000023e-02	-1.917799980000000071e-01	-3.416592170000000150e-01	2.306377828000000108e+01
1.569105599999999837e-02	3.032218000000000153e-03	3.618928860000000247e-01	1.569105599999999837e-02	-2.243428389999999883e-01	-3.360251910000000009e-01	2.306364111199999911e+01
1.624435000000000115e-02	3.249802999999999893e-03	3.746514730000000126e-01	1.624435000000000115e-02	-2.582560640000000074e-01	-3.286797300000000033e-01	2.306349410400000011e+01
1.681715400000000082e-02	3.482998000000000170e-03	3.878596890000000075e-01	1.681715400000000082e-02	-2.935046649999999979e-01	-3.194615880000000185e-01	2.306333654899999885e+01
1.741015699999999902e-02	3.732924999999999785e-03	4.015333589999999786e-01	1.741015699999999902e-02	-3.300621289999999819e-01	-3.082016519999999926e-01	2.306316769000000022e+01
1.802406900000000020e-02	4.000781999999999602e-03	4.156888650000000185e-01	1.802406900000000020e-02	-3.678890479999999963e-01	-2.947234249999999833e-01	2.306298671600000105e+01
1.865962900000000049e-02	4.287855999999999612e-03	4.303431620000000013e-01	1.865962900000000049e-02	-4.069316689999999959e-01	-2.788436659999999900e-01	2.306279276000000067e+01
1.931760000000000074e-02	4.595524999999999610e-03	4.455137980000000164e-01	1.931760000000000074e-02	-4.471204089999999964e-01	-2.603732300000000111e-01	2.306258488900000003e+01
1.999877300000000094e-02	4.925266000000000192e-03	4.612189380000000227e-01	1.999877300000000094e-02	-4.883683260000000192e-01	-2.391180960000000022e-01	2.306236210699999845e+01
2.070396399999999831e-02	5.278661999999999938e-03	4.774773800000000068e-01	2.070396399999999831e-02	-5.305695900000000353e-01	-2.148806319999999881e-01	2.306212334299999966e+01
2.143402200000000049e-02	5.657409000000000396e-03	4.943085819999999964e-01	2.143402200000000049e-02	-5.735979519999999665e-01	-1.874610959999999937e-01	2.306186745300000140e+01
2.218982300000000088e-02	6.063324999999999618e-03	5.117326810000000226e-01	2.218982300000000088e-02	-6.173052439999999752e-01	-1.566593940000000074e-01	2.306159320700000137e+01
2.297227500000000033e-02	6.498356999999999745e-03	5.297705179999999681e-01	2.297227500000000033e-02	-6.615199309999999500e-01	-1.222771240000000009e-01	2.306129929200000106e+01
2.378231800000000021e-02	6.964592999999999826e-03	5.484436599999999995e-01	2.378231800000000021e-02	-7.060457479999999730e-01	-8.411991700000000238e-02	2.306098429500000080e+01
2.462092399999999889e-02	7.464270000000000280e-03	5.677744300000000521e-01	2.462092399999999889e-02	-7.506604479999999802e-01	-4.200009200000000276e-02	2.306064670700000008e+01
2.548910100000000012e-02	7.999785000000000576e-03	5.877859269999999858e-01	2.548910100000000012e-02	-7.951146890000000411e-01	4.260347999999999739e-03	2.306028490699999978e+01
2.638789100000000012e-02	8.573706000000000382e-03	6.085020540000000144e-01	2.638789100000000012e-02	-8.391311230000000343e-01	5.482635300000000128e-02	2.305989716199999862e+01
2.731837399999999944e-02	9.188787000000000343e-03	6.299475469999999966e-01	2.731837399999999944e-02	-8.824036990000000413e-01	1.098460789999999992e-01	2.305948161199999902e+01
2.828166799999999939e-02	9.847975999999999605e-03	6.521480029999999761e-01	2.828166799999999939e-02	-9.245972649999999460e-01	1.694467159999999972e-01	2.305903626399999951e+01
2.927892899999999868e-02	1.055443399999999969e-02	6.751299069999999736e-01	2.927892899999999868e-02	-9.653475059999999663e-01	2.337298650000000089e-01	2.305855898500000123e+01
3.031135500000000163e-02	1.131154799999999939e-02	6.989206629999999976e-01	3.031135500000000163e-02	-1.004261320999999985e+00	3.027664110000000131e-01	2.305804748599999954e+01
3.138018599999999741e-02	1.212294700000000024e-02	7.235486249999999453e-01	3.138018599999999741e-02	-1.040917724999999905e+00	3.765908510000000042e-01	2.305749931700000133e+01
3.248670699999999661e-02	1.299251799999999978e-02	7.490431290000000297e-01	3.248670699999999661e-02	-1.074869422999999991e+00	4.551950140000000089e-01	2.305691185099999885e+01
3.363224499999999811e-02	1.392442800000000085e-02	7.754345249999999856e-01	3.363224499999999811e-02	-1.105645207000000019e+00	5.385211380000000103e-01	2.305628227700000110e+01
3.481817599999999929e-02	1.492313999999999967e-02	8.027542090000000519e-01	3.481817599999999929e-02	-1.132753431999999894e+00	6.264542220000000050e-01	2.305560757699999996e+01
3.604592599999999897e-02	1.599343799999999871e-02	8.310346619999999795e-01	3.604592599999999897e-02	-1.155686838999999910e+00	7.188136400000000314e-01	2.305488452399999844e+01
3.731696799999999897e-02	1.714044500000000068e-02	8.603094810000000425e-01	3.731696799999999897e-02	-1.173929127999999933e+00	8.153440149999999775e-01	2.305410965700000148e+01
3.863282999999999995e-02	1.836965200000000020e-02	8.906134159999999911e-01	3.863282999999999995e-02	-1.186963768999999891e+00	9.157053979999999482e-01	2.305327926800000071e+01
3.999509100000000344e-02	1.968694000000000000e-02	9.219824110000000017e-01	3.999509100000000344e-02	-1.194285661999999970e+00	1.019462942000000094e+00	2.305238938600000154e+01
4.140538800000000130e-02	2.109861099999999975e-02	9.544536359999999942e-01	4.140538800000000130e-02	-1.195416432000000029e+00	1.126076391000000010e+00	2.305143575700000014e+01
4.286541399999999752e-02	2.261141499999999929e-02	9.880655329999999958e-01	4.286541399999999752e-02	-1.189924245000000047e+00	1.234889997000000017e+00	2.305041382299999952e+01
4.437692299999999868e-02	2.423258299999999851e-02	1.022857852000000012e+00	4.437692299999999868e-02	-1.177449192999999950e+00	1.345123826000000022e+00	2.304931870100000069e+01
4.594173099999999954e-02	2.596986199999999981e-02	1.058871692999999947e+00	4.594173099999999954e-02	-1.157735334999999921e+00	1.455867954999999991e+00	2.304814516300000093e+01
4.756171700000000335e-02	2.783155099999999951e-02	1.096149548000000085e+00	4.756171700000000335e-02	-1.130670403000000102e+00	1.566081765000000070e+00	2.304688760699999861e+01
4.923882599999999943e-02	2.982653700000000019e-02	1.134735343000000007e+00	4.923882599999999943e-02	-1.096333878999999900e+00	1.674601454000000045e+00	2.304554003300000176e+01
5.097507300000000269e-02	3.196434100000000028e-02	1.174674484999999935e+00	5.097507300000000269e-02	-1.055053390000000091e+00	1.780159926999999920e+00	2.304409601500000093e+01
5.277254399999999762e-02	3.425515999999999978e-02	1.216013902999999896e+00	5.277254399999999762e-02	-1.007468089000000067e+00	1.881424420999999958e+00	2.304254867199999879e+01
5.463339600000000074e-02	3.670991400000000321e-02	1.258802092999999900e+00	5.463339600000000074e-02	-9.545955219999999741e-01	1.977058149999999959e+00	2.304089063400000015e+01
5.655986500000000083e-02	3.934030000000000166e-02	1.303089168999999936e+00	5.655986500000000083e-02	-8.978953509999999527e-01	2.065812708000000164e+00	2.303911400799999853e+01
5.855426400000000170e-02	4.215884100000000245e-02	1.348926902000000094e+00	5.855426400000000170e-02	-8.393191150000000045e-01	2.146657117999999809e+00	2.303721034499999831e+01
6.061898999999999760e-02	4.517895000000000244e-02	1.396368775000000007e+00	6.061898999999999760e-02	-7.813303560000000036e-01	2.218946551000000156e+00	2.303517059600000039e+01
6.275652099999999567e-02	4.841498600000000013e-02	1.445470022000000077e+00	6.275652099999999567e-02	-7.268747260000000265e-01	2.282627779999999884e+00	2.303298507499999914e+01
6.496942599999999679e-02	5.188232599999999944e-02	1.496287683999999896e+00	6.496942599999999679e-02	-6.792770879999999734e-01	2.338468989999999970e+00	2.303064340899999962e+01
6.726036200000000409e-02	5.559743000000000324e-02	1.548880652000000024e+00	6.726036200000000409e-02	-6.420443519999999848e-01	2.388288852000000073e+00	2.302813449800000001e+01
6.963207899999999950e-02	5.957792099999999896e-02	1.603309716000000051e+00	6.963207899999999950e-02	-6.185618889999999759e-01	2.435146290000000047e+00	2.302544645900000120e+01
7.208742799999999507e-02	6.384266199999999447e-02	1.659637615000000066e+00	7.208742799999999507e-02	-6.116890910000000181e-01	2.483442343000000108e+00	2.302256657299999887e+01
7.462935699999999339e-02	6.841184200000000049e-02	1.717929079999999997e+00	7.462935699999999339e-02	-6.232846260000000083e-01	2.538885399999999848e+00	2.301948123100000032e+01
7.726091799999999787e-02	7.330706900000000248e-02	1.778250885000000059e+00	7.726091799999999787e-02	-6.537178099999999548e-01	2.608285989000000082e+00	2.301617586700000118e+01
7.998527299999999562e-02	7.855146699999999982e-02	1.840671892999999892e+00	7.998527299999999562e-02	-7.014388780000000434e-01	2.699178332999999874e+00	2.301263490099999842e+01
8.280569399999999913e-02	8.416977700000000118e-02	1.905263098999999904e+00	8.280569399999999913e-02	-7.626767740000000018e-01	2.819306046999999982e+00	2.300884166000000164e+01
8.572556700000000252e-02	9.018847000000000669e-02	1.972097672000000079e+00	8.572556700000000252e-02	-8.313029809999999964e-01	2.976044132999999814e+00	2.300477831499999937e+01
8.874840100000000453e-02	9.663586300000000240e-02	2.041251003000000175e+00	8.874840100000000453e-02	-8.988489339999999883e-01	3.175841875000000147e+00	2.300042579400000164e+01
9.187782399999999683e-02	1.035422440000000055e-01	2.112800737000000151e+00	9.187782399999999683e-02	-9.546082830000000019e-01	3.423749658000000196e+00	2.299576370400000158e+01
9.511759699999999818e-02	1.109400019999999959e-01	2.186826817000000034e+00	9.511759699999999818e-02	-9.857127869999999792e-01	3.723036394999999832e+00	2.299077024099999988e+01
9.847161000000000108e-02	1.188637730000000059e-01	2.263411511000000154e+00	9.847161000000000108e-02	-9.770570299999999930e-01	4.074820628000000333e+00	2.298542209700000072e+01
1.019438909999999948e-01	1.273505849999999884e-01	2.342639447999999902e+00	1.019438909999999948e-01	-9.109705809999999460e-01	4.477534290000000361e+00	2.297969436099999996e+01
1.055386100000000049e-01	1.364400169999999968e-01	2.424597639999999998e+00	1.055386100000000049e-01	-7.666078899999999585e-01	4.925909402000000270e+00	2.297356041300000129e+01
1.092600860000000063e-01	1.461743669999999995e-01	2.509375502999999785e+00	1.092600860000000063e-01	-5.191845109999999597e-01	5.409008005999999646e+00	2.296699181500000009e+01
1.131127880000000058e-01	1.565988289999999949e-01	2.597064876000000133e+00	1.131127880000000058e-01	-1.395426610000000123e-01	5.906599326000000261e+00	2.295995819199999843e+01
1.171013419999999972e-01	1.677616829999999948e-01	2.687760020999999888e+00	1.171013419999999972e-01	4.046793329999999744e-01	6.383025841000000256e+00	2.295242710799999841e+01
1.212305399999999977e-01	1.797144900000000045e-01	2.781557632999999807e+00	1.212305399999999977e-01	1.143383904000000006e+00	6.778077588999999570e+00	2.294436393799999863e+01
1.255053409999999925e-01	1.925123019999999963e-01	2.878556827000000151e+00	1.255053409999999925e-01	2.088399084999999822e+00	6.996816220999999558e+00	2.293573172800000037e+01
1.299308779999999997e-01	2.062138860000000129e-01	2.978859121000000165e+00	1.299308779999999997e-01	3.201074336000000020e+00	6.907848921000000253e+00	2.292649105199999937e+01
1.345124679999999961e-01	2.208819489999999941e-01	3.082568409999999925e+00	1.345124679999999961e-01	4.345423059999999893e+00	6.373598091999999937e+00	2.291659985800000143e+01
1.392556130000000003e-01	2.365833900000000045e-01	3.189790922999999889e+00	1.392556130000000003e-01	5.264714153999999979e+00	5.339461477999999595e+00	2.290601331299999899e+01
1.441660090000000116e-01	2.533895480000000200e-01	3.300635170000000063e+00	1.441660090000000116e-01	5.660991917999999679e+00	3.950603833999999814e+00	2.289468363399999973e+01
1.492495550000000060e-01	2.713764759999999776e-01	3.415211873000000065e+00	1.492495550000000060e-01	5.388354806999999802e+00	2.555871923000000212e+00	2.288255991500000164e+01
1.545123549999999901e-01	2.906252180000000185e-01	3.533633882999999809e+00	1.545123549999999901e-01	4.576744534999999559e+00	1.515635792999999953e+00	2.286958794999999967e+01
1.599607299999999954e-01	3.112221000000000015e-01	3.656016066999999925e+00	1.599607299999999954e-01	3.528492367000000129e+00	9.974173509999999521e-01	2.285571004099999826e+01
1.656012249999999908e-01	3.332590340000000095e-01	3.782475192999999791e+00	1.656012249999999908e-01	2.525317983999999960e+00	9.591034280000000356e-01	2.284086480599999902e+01
1.714406139999999912e-01	3.568338380000000143e-01	3.913129773000000089e+00	1.714406139999999912e-01	1.737642402000000086e+00	1.254624331000000037e+00	2.282498697999999848e+01
1.774859089999999973e-01	3.820505530000000149e-01	4.048099896000000086e+00	1.774859089999999973e-01	1.237314307999999974e+00	1.718024551999999927e+00	2.280800720999999953e+01
1.837443719999999892e-01	4.090197870000000235e-01	4.187507025000000382e+00	1.837443719999999892e-01	1.030272695999999932e+00	2.186605329999999903e+00	2.278985184300000100e+01
1.902235200000000070e-01	4.378590549999999970e-01	4.331473767000000308e+00	1.902235200000000070e-01	1.057121841000000062e+00	2.495453353999999901e+00	2.277044271300000133e+01
1.969311340000000077e-01	4.686931349999999830e-01	4.480123608999999618e+00	1.969311340000000077e-01	1.153024314999999911e+00	2.499248193000000118e+00	2.274969692599999860e+01
2.038752699999999973e-01	5.016544250000000149e-01	4.633580622000000204e+00	2.038752699999999973e-01	1.027320784999999903e+00	2.180835225000000044e+00	2.272752663600000034e+01
2.110642679999999993e-01	5.368833109999999742e-01	4.791969123000000330e+00	2.110642679999999993e-01	4.073264449999999814e-01	1.788191716000000042e+00	2.270383883699999927e+01
2.185067629999999927e-01	5.745285249999999566e-01	4.955413297999999855e+00	2.185067629999999927e-01	-6.936361060000000300e-01	1.731945757000000086e+00	2.267853513900000095e+01
2.262116929999999915e-01	6.147475199999999917e-01	5.124036779999999958e+00	2.262116929999999915e-01	-1.980398080999999921e+00	2.254962685999999827e+00	2.265151156099999952e+01
2.341883130000000091e-01	6.577068249999999949e-01	5.297962179999999854e+00	2.341883130000000091e-01	-3.165989641999999993e+00	3.340682005000000121e+00	2.262265832799999998e+01
2.424462019999999995e-01	7.035824000000000522e-01	5.477310568000000046e+00	2.424462019999999995e-01	-4.115939317999999680e+00	4.898926974000000101e+00	2.259185967599999856e+01
2.509952779999999883e-01	7.525599830000000434e-01	5.662200898000000038e+00	2.509952779999999883e-01	-4.781003736999999809e+00	6.925492345000000327e+00	2.255899367499999997e+01
2.598458100000000104e-01	8.048354100000000289e-01	5.852749382999999916e+00	2.598458100000000104e-01	-5.064958244999999692e+00	9.577283132999999893e+00	2.252393206600000042e+01
2.690084280000000216e-01	8.606149220000000044e-01	6.049068806000000187e+00	2.690084280000000216e-01	-4.587595863999999857e+00	1.324825238500000069e+01	2.248654012500000121e+01
2.784941349999999760e-01	9.201154419999999501e-01	6.251267769000000030e+00	2.784941349999999760e-01	-1.882698044000000070e+00	1.852604710900000029e+01	2.244667654799999923e+01
2.883143249999999824e-01	9.835648099999999561e-01	6.459449885999999807e+00	2.883143249999999824e-01	7.897536080000000069e+00	2.337762019099999833e+01	2.240419337599999849e+01
2.984807919999999948e-01	1.051201983999999978e+00	6.673712905999999556e+00	2.984807919999999948e-01	2.082273794199999983e+01	1.245873175100000019e+01	2.235893595699999992e+01
3.090057460000000256e-01	1.123277182000000041e+00	6.894147768999999926e+00	3.090057460000000256e-01	1.441680883100000088e+01	4.094873459999999743e-01	2.231074295299999832e+01
3.199018279999999992e-01	1.200051968999999996e+00	7.120837604000000098e+00	3.199018279999999992e-01	7.621910441999999897e+00	-3.440246670000000062e-01	2.225944640000000163e+01
3.311821260000000211e-01	1.281799263999999994e+00	7.353856659999999934e+00	3.311821260000000211e-01	4.637253247000000300e+00	1.277883815000000034e+00	2.220487183599999881e+01
3.428601860000000112e-01	1.368803275000000097e+00	7.593269173000000372e+00	3.428601860000000112e-01	3.725530668999999850e+00	2.687151764000000220e+00	2.214683849300000062e+01
3.549500360000000243e-01	1.461359332000000011e+00	7.839128177000000086e+00	3.549500360000000243e-01	3.602892381999999838e+00	3.185220304000000002e+00	2.208515957399999863e+01
3.674661940000000238e-01	1.559773617000000057e+00	8.091474266000000526e+00	3.674661940000000238e-01	3.113081962999999952e+00	3.016827812999999914e+00	2.201964261199999839e+01
3.804236939999999789e-01	1.664362778999999959e+00	8.350334302000000264e+00	3.804236939999999789e-01	2.060559440000000020e+00	3.163107223999999995e+00	2.195008994000000158e+01
3.938380980000000253e-01	1.775453410999999981e+00	8.615720098000000604e+00	3.938380980000000253e-01	1.144280428000000072e+00	3.930923507999999789e+00	2.187629925799999953e+01
4.077255180000000090e-01	1.893381388000000110e+00	8.887627065000000215e+00	4.077255180000000090e-01	7.100845279999999926e-01	4.895523991000000130e+00	2.179806432499999858e+01
4.221026319999999776e-01	2.018491050999999814e+00	9.166032853999999119e+00	4.221026319999999776e-01	5.425155230000000550e-01	5.749470042999999642e+00	2.171517578499999956e+01
4.369867080000000015e-01	2.151134214999999905e+00	9.450896003000000434e+00	4.369867080000000015e-01	4.707412420000000042e-01	6.698529234000000443e+00	2.162742211999999853e+01
4.523956230000000245e-01	2.291669009000000035e+00	9.742154606999999800e+00	4.523956230000000245e-01	1.000006978000000046e+00	7.880488285000000204e+00	2.153459075700000014e+01
4.683478830000000204e-01	2.440458522000000130e+00	1.003972503800000027e+01	4.683478830000000204e-01	2.725638731000000092e+00	8.202073268999999556e+00	2.143646932900000124e+01
4.848626480000000072e-01	2.597869262000000123e+00	1.034350073100000067e+01	4.848626480000000072e-01	3.639024644000000031e+00	5.972514578000000185e+00	2.133284708700000110e+01
5.019597519999999813e-01	2.764269411999999981e+00	1.065335107599999986e+01	5.019597519999999813e-01	1.242598735000000065e+00	4.280228033000000210e+00	2.122351648100000077e+01
5.196597299999999864e-01	2.940026894999999918e+00	1.096912043899999922e+01	5.196597299999999864e-01	-1.463961115999999896e+00	5.267216624999999652e+00	2.110827489700000115e+01
5.379838399999999909e-01	3.125507244000000018e+00	1.129062734500000076e+01	5.379838399999999909e-01	-3.002609720999999787e+00	7.461831871000000227e+00	2.098692655400000007e+01
5.569540910000000400e-01	3.321071290999999981e+00	1.161766385700000015e+01	5.569540910000000400e-01	-3.463319213000000119e+00	1.009821044499999942e+01	2.085928455099999823e+01
5.765932649999999660e-01	3.527072685999999901e+00	1.194999519799999987e+01	5.765932649999999660e-01	-2.536193522000000034e+00	1.300596600000000080e+01	2.072517305399999898e+01
5.969249509999999814e-01	3.743855272999999872e+00	1.228735962999999920e+01	5.969249509999999814e-01	8.676276259999999851e-01	1.440134263899999922e+01	2.058442959999999999e+01
6.179735680000000286e-01	3.971750344999999793e+00	1.262946864799999958e+01	6.179735680000000286e-01	2.269762811000000102e+00	1.115496650799999934e+01	2.043690751000000105e+01
6.397643960000000130e-01	4.211073824999999715e+00	1.297600751100000060e+01	6.397643960000000130e-01	-1.010797793999999916e+00	1.038617079299999979e+01	2.028247836299999918e+01
6.623236059999999537e-01	4.462123398000000130e+00	1.332663613799999958e+01	6.623236059999999537e-01	-3.396657933999999823e+00	1.309020703700000077e+01	2.012103451699999823e+01
6.856782940000000215e-01	4.725175667000000246e+00	1.368099040599999938e+01	6.856782940000000215e-01	-3.706390054999999961e+00	1.698972379799999999e+01	1.995249161699999974e+01
7.098565079999999972e-01	5.000483372999999787e+00	1.403868385300000021e+01	7.098565079999999972e-01	-2.109706247000000090e+00	2.128888505200000125e+01	1.977679106500000117e+01
7.348872889999999991e-01	5.288272760999999988e+00	1.439930980499999968e+01	7.348872889999999991e-01	3.695850028999999815e+00	2.479782217400000022e+01	1.959390237999999940e+01
7.608006990000000247e-01	5.588741147000000353e+00	1.476244393400000021e+01	7.608006990000000247e-01	9.154202146999999457e+00	2.073687074600000102e+01	1.940382540599999928e+01
7.876278610000000402e-01	5.902054770000000339e+00	1.512764721399999956e+01	7.876278610000000402e-01	9.166751289000000469e+00	1.719225096699999966e+01	1.920659230200000067e+01
8.154009960000000445e-01	6.228347006999999991e+00	1.549446926999999974e+01	8.154009960000000445e-01	6.753802274999999966e+00	1.439473630200000009e+01	1.900226925200000139e+01
8.441534600000000221e-01	6.567717022000000071e+00	1.586245206899999971e+01	8.441534600000000221e-01	3.019612341999999838e+00	1.627299843899999843e+01	1.879095783900000072e+01
8.739197859999999762e-01	6.920228926000000058e+00	1.623113390500000008e+01	8.739197859999999762e-01	3.027681573999999820e+00	2.003390571999999992e+01	1.857279600800000097e+01
9.047357240000000189e-01	7.285911516999999726e+00	1.660005359299999839e+01	9.047357240000000189e-01	4.336849598999999778e+00	2.262982724600000140e+01	1.834795857800000007e+01
9.366382869999999583e-01	7.664758651999999728e+00	1.696875480499999966e+01	9.366382869999999583e-01	6.531791880000000106e+00	2.441430995400000015e+01	1.811665724699999913e+01
9.696657890000000002e-01	8.056730304000000231e+00	1.733679043400000097e+01	9.696657890000000002e-01	8.180264208000000536e+00	2.917830593400000083e+01	1.787914003499999893e+01
1.003857898999999998e+00	8.461754330999999851e+00	1.770372687600000106e+01	1.003857898999999998e+00	2.329517481999999973e+01	2.782801983999999962e+01	1.763569015899999926e+01
1.039255682999999930e+00	8.879728957999999395e+00	1.806914811200000059e+01	1.039255682999999930e+00	2.086500980599999977e+01	1.475518873899999939e+01	1.738662430100000122e+01
1.075901653999999930e+00	9.310525978999999452e+00	1.843265945799999983e+01	1.075901653999999930e+00	1.334899088300000081e+01	1.238587590700000085e+01	1.713229028499999984e+01
1.113839825999999977e+00	9.753994623000000530e+00	1.879389085400000070e+01	1.113839825999999977e+00	1.027256533699999963e+01	1.607248581800000053e+01	1.687306415799999826e+01
1.153115764999999904e+00	1.020996604399999974e+01	1.915249956799999964e+01	1.153115764999999904e+00	9.390727927000000363e+00	1.954321316500000094e+01	1.660934673599999911e+01
1.193776641999999999e+00	1.067825832800000008e+01	1.950817217899999889e+01	1.193776641999999999e+00	1.427652096699999973e+01	2.273060429999999954e+01	1.634155963299999925e+01
1.235871291999999899e+00	1.115868193600000069e+01	1.986062575700000110e+01	1.235871291999999899e+00	1.918187900499999898e+01	1.963736394100000027e+01	1.607014086799999930e+01
1.279450272999999916e+00	1.165104542599999959e+01	2.020960812299999887e+01	1.279450272999999916e+00	1.625518091300000023e+01	1.360330255500000085e+01	1.579554012000000007e+01
1.324565924999999922e+00	1.215516132399999982e+01	2.055489713000000052e+01	1.324565924999999922e+00	1.138668982599999957e+01	1.277665292400000041e+01	1.551821372899999929e+01
1.371272433999999985e+00	1.267085196000000025e+01	2.089629892700000013e+01	1.371272433999999985e+00	7.911431147000000053e+00	1.678175996399999903e+01	1.523861954999999924e+01
1.419625896000000109e+00	1.319795512099999968e+01	2.123364518200000006e+01	1.419625896000000109e+00	6.650580992000000080e+00	2.236373056200000065e+01	1.495721177999999973e+01
1.469684385999999954e+00	1.373632931000000035e+01	2.156678927500000142e+01	1.469684385999999954e+00	1.029849167100000074e+01	2.778880815400000159e+01	1.467443587100000002e+01
1.521508026000000013e+00	1.428585845299999946e+01	2.189560152299999984e+01	1.521508026000000013e+00	1.858771026100000157e+01	2.772142160900000007e+01	1.439072364699999973e+01
1.575159057000000029e+00	1.484645587600000027e+01	2.221996350399999898e+01	1.575159057000000029e+00	2.154127677900000037e+01	2.238650344099999856e+01	1.410648874099999972e+01
1.630701917999999973e+00	1.541806738400000043e+01	2.253976158800000107e+01	1.630701917999999973e+00	2.024309645700000004e+01	2.061406507399999910e+01	1.382212245100000025e+01
1.688203316999999926e+00	1.600067330399999932e+01	2.285487981900000065e+01	1.688203316999999926e+00	2.024318358000000018e+01	2.064612242000000109e+01	1.353799011799999974e+01
1.747732314999999925e+00	1.659428937799999915e+01	2.316519230600000157e+01	1.747732314999999925e+00	2.008309916600000022e+01	1.927826118000000122e+01	1.325442809599999983e+01
1.809360410999999891e+00	1.719896638699999869e+01	2.347055530000000090e+01	1.809360410999999891e+00	1.783781548400000005e+01	1.937193132199999823e+01	1.297174137400000049e+01
1.873161620000000083e+00	1.781478847099999996e+01	2.377079916399999959e+01	1.873161620000000083e+00	1.755191833099999954e+01	2.215504692300000045e+01	1.269020190600000042e+01
1.939212571999999968e+00	1.844187008200000122e+01	2.406572043899999969e+01	1.939212571999999968e+00	2.215772761799999913e+01	2.314373162800000117e+01	1.241004765799999987e+01
2.007592595999999840e+00	1.908035158999999936e+01	2.435507422599999927e+01	2.007592595999999840e+00	2.338641700899999876e+01	1.651889070900000078e+01	1.213148239200000056e+01
2.078383818999999910e+00	1.973039355699999930e+01	2.463856709399999900e+01	2.078383818999999910e+00	1.638140066900000136e+01	1.463711128599999967e+01	1.185467615499999994e+01
2.151671263999999972e+00	2.039216975300000101e+01	2.491585074199999994e+01	2.151671263999999972e+00	1.242145142999999941e+01	1.870108132900000086e+01	1.157976646500000051e+01
2.227542951999999854e+00	2.106585901600000099e+01	2.518651659300000034e+01	2.227542951999999854e+00	1.125100589500000048e+01	2.456457441799999941e+01	1.130686013100000054e+01
2.306090009000000052e+00	2.175163607200000015e+01	2.545009154299999921e+01	2.306090009000000052e+00	1.471607130099999949e+01	2.977010292900000010e+01	1.103603564800000036e+01
2.387406771999999844e+00	2.244966148299999986e+01	2.570603500700000055e+01	2.387406771999999844e+00	2.016138435699999931e+01	3.081687884100000119e+01	1.076734610599999975e+01
2.471590905999999865e+00	2.316007091399999851e+01	2.595373743800000099e+01	2.471590905999999865e+00	2.191676900399999894e+01	2.771244918200000029e+01	1.050082251599999950e+01
2.558743520000000160e+00	2.388296391100000093e+01	2.619252042600000152e+01	2.558743520000000160e+00	2.091284254900000050e+01	2.957649220800000123e+01	1.023647748199999974e+01
2.648969287999999978e+00	2.461839244000000093e+01	2.642163848099999868e+01	2.648969287999999978e+00	2.334714109200000109e+01	3.366401333900000026e+01	9.974309103999999593e+00
2.742376573000000040e+00	2.536634942599999931e+01	2.664028256900000002e+01	2.742376573000000040e+00	3.319236659799999956e+01	3.387874726900000155e+01	9.714305040999999363e+00
2.839077563000000026e+00	2.612675755300000091e+01	2.684758540700000040e+01	2.839077563000000026e+00	3.407478585999999865e+01	2.170402534600000166e+01	9.456446614000000750e+00
2.939188398999999841e+00	2.689945860099999919e+01	2.704262852800000161e+01	2.939188398999999841e+00	2.620098310099999850e+01	2.030908423500000026e+01	9.200712870000000265e+00
3.042829316999999811e+00	2.768420358699999895e+01	2.722445104499999857e+01	3.042829316999999811e+00	2.198755523799999878e+01	2.581925612899999933e+01	8.947084507999999659e+00
3.150124796000000060e+00	2.848064398100000005e+01	2.739206003299999992e+01	3.150124796000000060e+00	2.647419228900000121e+01	3.147957003799999853e+01	8.695547575999999168e+00
3.261203699999999817e+00	2.928832425699999931e+01	2.754444236999999873e+01	3.261203699999999817e+00	3.304883969299999791e+01	2.878335227099999827e+01	8.446096870999999950e+00
3.376199440999999801e+00	3.010667601500000146e+01	2.768057787100000056e+01	3.376199440999999801e+00	3.036247861600000064e+01	2.575865935099999859e+01	8.198738952999999441e+00
3.495250132999999870e+00	3.093501390300000153e+01	2.779945348700000096e+01	3.495250132999999870e+00	2.900763124499999890e+01	2.879612692199999913e+01	7.953494723000000377e+00
3.618498760000000036e+00	3.177253350000000154e+01	2.790007829299999997e+01	3.618498760000000036e+00	3.268992322900000147e+01	2.949085253999999878e+01	7.710401508000000348e+00
3.746093349000000128e+00	3.261831132900000085e+01	2.798149899499999904e+01	3.746093349000000128e+00	3.246871557099999706e+01	2.688162785100000107e+01	7.469514608999999972e+00
3.878187146000000141e+00	3.347130707200000188e+01	2.804281559900000076e+01	3.878187146000000141e+00	3.137494779600000072e+01	2.908931671799999918e+01	7.230908294999999875e+00
4.014938800999999557e+00	3.433036804300000000e+01	2.808319693400000006e+01	4.014938800999999557e+00	3.557616239200000052e+01	3.158803931299999945e+01	6.994676215000000141e+00
4.156512558000000190e+00	3.519423590400000279e+01	2.810189564799999928e+01	4.156512558000000190e+00	3.802332444200000339e+01	2.762360299199999858e+01	6.760931249999999615e+00
4.303078454000000441e+00	3.606155553699999672e+01	2.809826234200000172e+01	4.303078454000000441e+00	3.821010372599999982e+01	2.722654504100000139e+01	6.529804799999999965e+00
4.454812518999999860e+00	3.693088595500000082e+01	2.807175850000000139e+01	4.454812518999999860e+00	3.770607043599999741e+01	2.466470553699999968e+01	6.301445544999999981e+00
4.611896992000000139e+00	3.780071303599999766e+01	2.802196788699999885e+01	4.611896992000000139e+00	3.465922316200000353e+01	2.543314112799999904e+01	6.076017729000000145e+00
4.774520539000000063e+00	3.866946385399999997e+01	2.794860615600000031e+01	4.774520539000000063e+00	3.525708387499999930e+01	2.963548314699999864e+01	5.853699010999999786e+00
4.942878474999999661e+00	3.953552229200000312e+01	2.785152839899999933e+01	4.942878474999999661e+00	3.881831652799999688e+01	3.240082901400000281e+01	5.634677959000000236e+00
5.117173006999999885e+00	4.039724562199999980e+01	2.773073448199999902e+01	5.117173006999999885e+00	4.452459732799999870e+01	3.028511860600000105e+01	5.419151247000000282e+00
5.297613468999999853e+00	4.125298167100000057e+01	2.758637203500000012e+01	5.297613468999999853e+00	4.526677989099999877e+01	2.466385310400000108e+01	5.207320654000000104e+00
5.484416576000000099e+00	4.210108620799999812e+01	2.741873703099999915e+01	5.484416576000000099e+00	4.148864529099999743e+01	2.241906290900000087e+01	4.999389934999999952e+00
5.677806688000000435e+00	4.293994018000000068e+01	2.722827197699999857e+01	5.677806688000000435e+00	3.875935103999999853e+01	2.454765469599999861e+01	4.795561645000000262e+00
5.878016072000000314e+00	4.376796640300000263e+01	2.701556177599999842e+01	5.878016072000000314e+00	3.908067830699999945e+01	2.803077200499999933e+01	4.596034009000000253e+00
6.085285189999999567e+00	4.458364538899999729e+01	2.678132741800000005e+01	6.085285189999999567e+00	4.147695574400000140e+01	3.014852070399999917e+01	4.400997913000000317e+00
6.299862978000000169e+00	4.538552998299999786e+01	2.652641766800000056e+01	6.299862978000000169e+00	4.365210477099999764e+01	3.168052806900000107e+01	4.210634065999999898e+00
6.522007154999999834e+00	4.617225853499999744e+01	2.625179900899999907e+01	6.522007154999999834e+00	4.891292834600000106e+01	3.319047438900000202e+01	4.025110427999999629e+00
6.751984522999999960e+00	4.694256640999999775e+01	2.595854410900000175e+01	6.751984522999999960e+00	5.407436141400000196e+01	2.958191518599999981e+01	3.844579919000000068e+00
6.990071294999999907e+00	4.769529564300000146e+01	2.564781911300000061e+01	6.990071294999999907e+00	5.391189723699999803e+01	2.312583690800000014e+01	3.669178472000000024e+00
7.236553423000000151e+00	4.842940266000000094e+01	2.532087007699999859e+01	7.236553423000000151e+00	5.114087453100000147e+01	2.159856965699999876e+01	3.499023444000000094e+00
7.491726940999999584e+00	4.914396399999999687e+01	2.497900887500000167e+01	7.491726940999999584e+00	5.085058509499999957e+01	2.222373084899999895e+01	3.334212400999999826e+00
7.755898323000000261e+00	4.983818005300000209e+01	2.462359887099999867e+01	7.755898323000000261e+00	5.150366289800000175e+01	2.135328356600000177e+01	3.174822289000000186e+00
8.029384849999999574e+00	5.051137685999999860e+01	2.425604066600000053e+01	8.029384849999999574e+00	5.082796753099999876e+01	2.105297390500000176e+01	3.020908964000000196e+00
8.312514990000000381e+00	5.116300608899999958e+01	2.387775819000000155e+01	8.312514990000000381e+00	5.041380880399999853e+01	2.160670980600000135e+01	2.872507082999999906e+00
8.605628792999999277e+00	5.179264331499999940e+01	2.349018536999999895e+01	8.605628792999999277e+00	5.223094222999999658e+01	2.074861338299999858e+01	2.729630331000000076e+00
8.909078300999999200e+00	5.239998477500000007e+01	2.309475358599999950e+01	8.909078300999999200e+00	5.252495533399999772e+01	2.028640934599999923e+01	2.592271928000000170e+00
9.223227968999999860e+00	5.298484278400000136e+01	2.269288007000000107e+01	9.223227968999999860e+00	5.187535894399999847e+01	2.039269605499999827e+01	2.460405418000000122e+00
9.548455103000000221e+00	5.354714001600000017e+01	2.228595738799999992e+01	9.548455103000000221e+00	5.180092680900000346e+01	1.977737498500000157e+01	2.333985671000000206e+00
9.885150314000000549e+00	5.408690284800000114e+01	2.187534407500000100e+01	9.885150314000000549e+00	5.241508200500000214e+01	2.027805278800000011e+01	2.212950070000000213e+00
1.023371798600000027e+01	5.460425398400000319e+01	2.146235649799999834e+01	1.023371798600000027e+01	5.391682727599999936e+01	1.925682690600000058e+01	2.097219850000000108e+00
1.059457676399999926e+01	5.509940454699999890e+01	2.104826193699999948e+01	1.059457676399999926e+01	5.298950516499999708e+01	1.839085590699999884e+01	1.986701537000000073e+00
1.096816005300000008e+01	5.557264583700000316e+01	2.063427290199999931e+01	1.096816005300000008e+01	5.184533273200000281e+01	1.866546223299999951e+01	1.881288456999999914e+00
1.135491654099999970e+01	5.602434090700000269e+01	2.022154262400000135e+01	1.135491654099999970e+01	5.166586134300000310e+01	1.989423663000000175e+01	1.780862286000000072e+00
1.175531073900000045e+01	5.645491613400000119e+01	1.981116168499999830e+01	1.175531073900000045e+01	5.250200072799999873e+01	2.075191857900000159e+01	1.685294598000000033e+00
1.216982353600000089e+01	5.686485290299999917e+01	1.940415569500000004e+01	1.216982353600000089e+01	5.384801814499999750e+01	2.144774903300000091e+01	1.594448402000000042e+00
1.259895277799999924e+01	5.725467952099999991e+01	1.900148394400000029e+01	1.259895277799999924e+01	5.486252762800000227e+01	2.166720034000000084e+01	1.508179630000000104e+00
1.304321386700000041e+01	5.762496346100000011e+01	1.860403893200000169e+01	1.304321386700000041e+01	5.658699514300000288e+01	2.164643754100000095e+01	1.426338563999999920e+00
1.350314037899999953e+01	5.797630400199999912e+01	1.821264667899999878e+01	1.350314037899999953e+01	5.835711109599999702e+01	2.022010104599999991e+01	1.348771187000000094e+00
1.397928470299999937e+01	5.830932532900000353e+01	1.782806770799999896e+01	1.397928470299999937e+01	5.838921972100000346e+01	1.885857057400000159e+01	1.275320454000000048e+00
1.447221870699999968e+01	5.862467012799999821e+01	1.745099862500000043e+01	1.447221870699999968e+01	5.789797506400000060e+01	1.830560728300000051e+01	1.205827452999999938e+00
1.498253442699999916e+01	5.892299369799999909e+01	1.708207417199999867e+01	1.498253442699999916e+01	5.856008822100000089e+01	1.832941915399999999e+01	1.140132482999999919e+00
1.551084477000000028e+01	5.920495860300000146e+01	1.672186969899999909e+01	1.551084477000000028e+01	5.920601843200000047e+01	1.762781853499999940e+01	1.078076014000000082e+00
1.605778425800000164e+01	5.947122984899999665e+01	1.637090393100000085e+01	1.605778425800000164e+01	5.920889682499999651e+01	1.749782791000000159e+01	1.019499557000000056e+00
1.662400978899999870e+01	5.972247059099999689e+01	1.602964199599999873e+01	1.662400978899999870e+01	5.995876408099999821e+01	1.704045307699999867e+01	9.642464240000000464e-01
1.721020142200000080e+01	5.995933834699999920e+01	1.569849861299999993e+01	1.721020142200000080e+01	6.029688950199999908e+01	1.614091399699999840e+01	9.121623989999999571e-01
1.781706319499999935e+01	6.018248168699999923e+01	1.537784139799999927e+01	1.781706319499999935e+01	5.981209443099999845e+01	1.560799324899999974e+01	8.630963040000000364e-01
1.844532397600000095e+01	6.039253739800000176e+01	1.506799422299999947e+01	1.844532397600000095e+01	5.990009704999999940e+01	1.577324066699999960e+01	8.169004920000000336e-01
1.909573832899999957e+01	6.059012805900000131e+01	1.476924059899999975e+01	1.909573832899999957e+01	6.025833727199999856e+01	1.534052873699999964e+01	7.734312410000000471e-01
1.976908742799999885e+01	6.077586002299999990e+01	1.448182701900000069e+01	1.976908742799999885e+01	6.039416355600000230e+01	1.582527044300000085e+01	7.325490909999999856e-01
2.046617999400000087e+01	6.095032175899999771e+01	1.420596625700000004e+01	2.046617999400000087e+01	6.126777824300000219e+01	1.547793740900000081e+01	6.941190910000000214e-01
2.118785326100000077e+01	6.111408252100000027e+01	1.394184057500000051e+01	2.118785326100000077e+01	6.179826583799999895e+01	1.460451317300000085e+01	6.580110030000000387e-01
2.193497398899999951e+01	6.126769131700000059e+01	1.368960482800000023e+01	2.193497398899999951e+01	6.180826331800000162e+01	1.350044315799999950e+01	6.240994330000000367e-01
2.270843949900000069e+01	6.141167614300000110e+01	1.344938944999999997e+01	2.270843949900000069e+01	6.116238986599999805e+01	1.306922287699999963e+01	5.922639219999999982e-01
2.350917875500000065e+01	6.154654344899999785e+01	1.322130330699999945e+01	2.350917875500000065e+01	6.056556969700000082e+01	1.310712522200000052e+01	5.623889899999999775e-01
2.433815347499999859e+01	6.167277780700000278e+01	1.300543640799999956e+01	2.433815347499999859e+01	6.053221824599999934e+01	1.380088387900000058e+01	5.343641380000000440e-01
2.519635929300000043e+01	6.179084177099999664e+01	1.280186247800000032e+01	2.519635929300000043e+01	6.123699017700000269e+01	1.402212679099999981e+01	5.080838199999999638e-01
2.608482694799999990e+01	6.190117586800000282e+01	1.261064137900000048e+01	2.608482694799999990e+01	6.184766607099999902e+01	1.388138624900000018e+01	4.834473850000000072e-01
2.700462352399999943e+01	6.200419874199999981e+01	1.243182138599999931e+01	2.700462352399999943e+01	6.244456250999999725e+01	1.356605260899999976e+01	4.603589960000000203e-01
2.795685373499999926e+01	6.210030738700000086e+01	1.226544132199999915e+01	2.795685373499999926e+01	6.271023255699999766e+01	1.303075434800000032e+01	4.387275279999999777e-01
2.894266124700000020e+01	6.218987748600000032e+01	1.211153254999999973e+01	2.894266124700000020e+01	6.287471606500000121e+01	1.256715849699999943e+01	4.184664450000000202e-01
2.996323005500000036e+01	6.227326380499999914e+01	1.197012083199999921e+01	2.996323005500000036e+01	6.262400809100000032e+01	1.183459281899999915e+01	3.994936729999999936e-01
3.101978590099999877e+01	6.235080065900000079e+01	1.184122805400000011e+01	3.101978590099999877e+01	6.209416793900000187e+01	1.196512262200000087e+01	3.817314569999999962e-01
3.211359775300000052e+01	6.242280241200000290e+01	1.172487383200000011e+01	3.211359775300000052e+01	6.179384548299999835e+01	1.222199534099999951e+01	3.651062059999999887e-01
3.324597932300000025e+01	6.248956400600000194e+01	1.162107700099999974e+01	3.324597932300000025e+01	6.219731844100000018e+01	1.255676154600000061e+01	3.495483440000000108e-01
3.441829064499999902e+01	6.255136151800000022e+01	1.152985699199999914e+01	3.441829064499999902e+01	6.278353993500000030e+01	1.242322396500000004e+01	3.349921439999999917e-01
3.563193971199999766e+01	6.260845271499999853e+01	1.145123510600000039e+01	3.563193971199999766e+01	6.267840676600000194e+01	1.185232900499999964e+01	3.213755750000000244e-01
3.688838416699999811e+01	6.266107761899999673e+01	1.138523570000000085e+01	3.688838416699999811e+01	6.237897900699999809e+01	1.169562154299999968e+01	3.086401300000000125e-01
3.818913304800000219e+01	6.270945906800000103e+01	1.133188727599999979e+01	3.818913304800000219e+01	6.210230527099999875e+01	1.194939984300000013e+01	2.967306760000000265e-01
3.953574860700000215e+01	6.275380325399999748e+01	1.129122349600000064e+01	3.953574860700000215e+01	6.185459469700000312e+01	1.253620348499999970e+01	2.855952880000000027e-01
4.092984818499999733e+01	6.279430025599999965e+01	1.126328411999999979e+01	4.092984818499999733e+01	6.224485872000000342e+01	1.315178727400000014e+01	2.751850940000000190e-01
4.237310614900000161e+01	6.283112454399999791e+01	1.124811587499999987e+01	4.237310614900000161e+01	6.279576395099999786e+01	1.337285850299999979e+01	2.654541260000000125e-01
4.386725590999999724e+01	6.286443545699999902e+01	1.124577327099999913e+01	4.386725590999999724e+01	6.341439464700000173e+01	1.328414058199999914e+01	2.563591689999999979e-01
4.541409200399999690e+01	6.289437765499999955e+01	1.125631934799999989e+01	4.541409200399999690e+01	6.396384014899999926e+01	1.313361080299999983e+01	2.478596150000000053e-01
4.701547224000000114e+01	6.292108153699999917e+01	1.127982639200000037e+01	4.701547224000000114e+01	6.411935987100000034e+01	1.277874571999999986e+01	2.399173259999999863e-01
4.867331994199999912e+01	6.294466362299999673e+01	1.131637658800000068e+01	4.867331994199999912e+01	6.417269429399999581e+01	1.250519509099999915e+01	2.324965009999999943e-01
5.038962625100000281e+01	6.296522689799999739e+01	1.136606265100000002e+01	5.038962625100000281e+01	6.393629741800000232e+01	1.236051522200000008e+01	2.255635430000000052e-01
5.216645251900000346e+01	6.298286112099999912e+01	1.142898841100000062e+01	5.216645251900000346e+01	6.370136158900000112e+01	1.263740858000000067e+01	2.190869390000000083e-01
5.400593278499999883e+01	6.299764308999999685e+01	1.150526937699999941e+01	5.400593278499999883e+01	6.380067523999999679e+01	1.311092984499999936e+01	2.130371379999999870e-01
5.591027634099999943e+01	6.300963686099999705e+01	1.159503327000000006e+01	5.591027634099999943e+01	6.420413448399999368e+01	1.347650206600000011e+01	2.073864420000000042e-01
5.788177037700000227e+01	6.301889393399999761e+01	1.169842053700000051e+01	5.788177037700000227e+01	6.470930235599999492e+01	1.365544644300000066e+01	2.021088930000000117e-01
5.992278273800000221e+01	6.302545338299999855e+01	1.181558485000000047e+01	5.992278273800000221e+01	6.531292313100000513e+01	1.349141896399999929e+01	1.971801760000000125e-01
6.203576476100000292e+01	6.302934194200000206e+01	1.194669358500000023e+01	6.203576476100000292e+01	6.544129781499999865e+01	1.321998524900000049e+01	1.925775180000000031e-01
6.422325422199999423e+01	6.303057404799999830e+01	1.209192829600000074e+01	6.422325422199999423e+01	6.544100443099999609e+01	1.303874341400000070e+01	1.882795949999999940e-01
6.648787838399999828e+01	6.302915183000000354e+01	1.225148517599999920e+01	6.648787838399999828e+01	6.556242931100000249e+01	1.304548988200000004e+01	1.842664479999999994e-01
6.883235715099999652e+01	6.302506504499999807e+01	1.242557552000000065e+01	6.883235715099999652e+01	6.556756386899999711e+01	1.313460151800000020e+01	1.805193959999999986e-01
7.125950633600000117e+01	6.301829097000000246e+01	1.261442617300000002e+01	7.125950633600000117e+01	6.577802113100000270e+01	1.319630660700000035e+01	1.770209590000000055e-01
7.377224104200000454e+01	6.300879422999999946e+01	1.281827999399999918e+01	7.377224104200000454e+01	6.604378460799999573e+01	1.315598743400000004e+01	1.737547869999999939e-01
7.637357916400000590e+01	6.299652657899999753e+01	1.303739630699999985e+01	7.637357916400000590e+01	6.613286372000000313e+01	1.293405013399999959e+01	1.707055819999999946e-01
7.906664501299999870e+01	6.298142661600000025e+01	1.327205136499999938e+01	7.906664501299999870e+01	6.596050155000000359e+01	1.288468107099999926e+01	1.678590430000000133e-01
8.185467307099999346e+01	6.296341944200000285e+01	1.352253881999999940e+01	8.185467307099999346e+01	6.592727861100000553e+01	1.299600695400000028e+01	1.652017940000000129e-01
8.474101186900000471e+01	6.294241626099999820e+01	1.378917019400000044e+01	8.474101186900000471e+01	6.604101031899999441e+01	1.313328126599999912e+01	1.627213299999999974e-01
8.772912801600000421e+01	6.291831390600000162e+01	1.407227536999999984e+01	8.772912801600000421e+01	6.606574097200000040e+01	1.295089567399999986e+01	1.604059640000000120e-01
9.082261035999999876e+01	6.289099429899999905e+01	1.437220308799999913e+01	9.082261035999999876e+01	6.589185695099999407e+01	1.285922615099999966e+01	1.582447700000000068e-01
9.402517429700000662e+01	6.286032384600000000e+01	1.468932145099999964e+01	9.402517429700000662e+01	6.548407897200000605e+01	1.286872643100000069e+01	1.562275379999999991e-01
9.734066623399999685e+01	6.282615274500000169e+01	1.502401845800000046e+01	9.734066623399999685e+01	6.518490133299999911e+01	1.310926029900000067e+01	1.543447259999999877e-01
1.007730682090000016e+02	6.278831422199999679e+01	1.537670253699999989e+01	1.007730682090000016e+02	6.497519764000000464e+01	1.349739465100000047e+01	1.525874210000000009e-01
1.043265026760000040e+02	6.274662367999999901e+01	1.574780310899999947e+01	1.043265026760000040e+02	6.476905230299999516e+01	1.379948865499999933e+01	1.509472920000000107e-01
1.080052374520000029e+02	6.270087775999999735e+01	1.613777116400000011e+01	1.080052374520000029e+02	6.463383834600000455e+01	1.416575479800000004e+01	1.494165610000000033e-01
1.118136908430000034e+02	6.265085330099999794e+01	1.654707986000000020e+01	1.118136908430000034e+02	6.451264400600000215e+01	1.458781699899999929e+01	1.479879590000000023e-01
1.157564369549999981e+02	6.259630620699999781e+01	1.697622513700000013e+01	1.157564369549999981e+02	6.434990557800000488e+01	1.483518202499999994e+01	1.466546970000000005e-01
1.198382111850000058e+02	6.253697019900000242e+01	1.742572636699999933e+01	1.198382111850000058e+02	6.401007393499999409e+01	1.521172545800000009e+01	1.454104350000000045e-01
1.240639159060000054e+02	6.247255545899999873e+01	1.789612701300000097e+01	1.240639159060000054e+02	6.373740787900000271e+01	1.584505314299999945e+01	1.442492519999999945e-01
1.284386263590000112e+02	6.240274713899999881e+01	1.838799532399999848e+01	1.284386263590000112e+02	6.358130656600000208e+01	1.640852793099999829e+01	1.431656179999999945e-01
1.329675967469999875e+02	6.232720375099999899e+01	1.890192504999999912e+01	1.329675967469999875e+02	6.333154501100000289e+01	1.707655939099999998e+01	1.421543710000000016e-01
1.376562665440000046e+02	6.224555540400000098e+01	1.943853619000000066e+01	1.376562665440000046e+02	6.324265471300000030e+01	1.776792262300000047e+01	1.412106890000000003e-01
1.425102670299999943e+02	6.215740189200000287e+01	1.999847576399999838e+01	1.425102670299999943e+02	6.309735318799999959e+01	1.864228538800000123e+01	1.403300700000000012e-01
1.475354280560000007e+02	6.206231062100000173e+01	2.058241861699999831e+01	1.475354280560000007e+02	6.315051647599999995e+01	1.956698071799999994e+01	1.395083129999999949e-01
1.527377850389999878e+02	6.195981434699999824e+01	2.119106825800000138e+01	1.527377850389999878e+02	6.357622471599999869e+01	2.047087139899999997e+01	1.387414929999999935e-01
1.581235862199999929e+02	6.184940873200000055e+01	2.182515772600000048e+01	1.581235862199999929e+02	6.400486537099999396e+01	2.088578939299999959e+01	1.380259470000000099e-01
