1.000000000000000021e-02	8.000449999999999879e-04	2.249515850000000095e-01	1.000000000000000021e-02	2.805783379999999827e-01	-5.407981349999999576e-01	2.249515849999999872e+01
1.035261699999999972e-02	8.574610000000000088e-04	2.328835579999999905e-01	1.035261699999999972e-02	2.570780200000000182e-01	-5.509339380000000119e-01	2.249513796400000132e+01
1.071766900000000085e-02	9.189979999999999720e-04	2.410952040000000074e-01	1.071766900000000085e-02	2.322811150000000102e-01	-5.605712950000000250e-01	2.249511595399999919e+01
1.109559300000000082e-02	9.849500000000000616e-04	2.495963800000000066e-01	1.109559300000000082e-02	2.061444960000000104e-01	-5.696194669999999904e-01	2.249509236400000134e+01
1.148684300000000005e-02	1.055635999999999988e-03	2.583972939999999996e-01	1.148684300000000005e-02	1.786277539999999997e-01	-5.779797549999999839e-01	2.249506708199999849e+01
1.189188899999999924e-02	1.131393999999999976e-03	2.675085119999999761e-01	1.189188899999999924e-02	1.496939549999999897e-01	-5.855451670000000330e-01	2.249503998499999824e+01
1.231121699999999930e-02	1.212589000000000028e-03	2.769409720000000075e-01	1.231121699999999930e-02	1.193104819999999955e-01	-5.922001220000000510e-01	2.249501094400000056e+01
1.274533299999999932e-02	1.299610999999999995e-03	2.867059980000000174e-01	1.274533299999999932e-02	8.744996500000000450e-02	-5.978202019999999672e-01	2.249497981900000099e+01
1.319475500000000072e-02	1.392877999999999955e-03	2.968153119999999978e-01	1.319475500000000072e-02	5.409130699999999820e-02	-6.022719699999999898e-01	2.249494645900000123e+01
1.366002499999999925e-02	1.492838000000000021e-03	3.072810500000000000e-01	1.366002499999999925e-02	1.922080199999999864e-02	-6.054128600000000526e-01	2.249491070699999895e+01
1.414170200000000079e-02	1.599972000000000069e-03	3.181157749999999895e-01	1.414170200000000079e-02	-1.716665599999999889e-02	-6.070911620000000175e-01	2.249487238800000100e+01
1.464036299999999999e-02	1.714793999999999954e-03	3.293324919999999767e-01	1.464036299999999999e-02	-5.506626800000000155e-02	-6.071461070000000460e-01	2.249483131999999941e+01
1.515660800000000023e-02	1.837855999999999908e-03	3.409446640000000084e-01	1.515660800000000023e-02	-9.446193599999999635e-02	-6.054080870000000392e-01	2.249478730299999896e+01
1.569105599999999837e-02	1.969748999999999806e-03	3.529662279999999930e-01	1.569105599999999837e-02	-1.353247860000000025e-01	-6.016990030000000100e-01	2.249474012900000019e+01
1.624435000000000115e-02	2.111107000000000088e-03	3.654116130000000240e-01	1.624435000000000115e-02	-1.776116120000000020e-01	-5.958327829999999770e-01	2.249468956899999839e+01
1.681715400000000082e-02	2.262609000000000061e-03	3.782957539999999841e-01	1.681715400000000082e-02	-2.212632509999999941e-01	-5.876160780000000416e-01	2.249463538099999838e+01
1.741015699999999902e-02	2.424982999999999913e-03	3.916341119999999787e-01	1.741015699999999902e-02	-2.662029029999999907e-01	-5.768491479999999783e-01	2.249457730399999988e+01
1.802406900000000020e-02	2.599009000000000215e-03	4.054426930000000207e-01	1.802406900000000020e-02	-3.123343989999999848e-01	-5.633269789999999499e-01	2.249451506000000123e+01
1.865962900000000049e-02	2.785522999999999819e-03	4.197380660000000208e-01	1.865962900000000049e-02	-3.595404520000000104e-01	-5.468406260000000518e-01	2.249444834899999890e+01
1.931760000000000074e-02	2.985422000000000162e-03	4.345373820000000276e-01	1.931760000000000074e-02	-4.076808849999999929e-01	-5.271788139999999956e-01	2.249437684999999831e+01
1.999877300000000094e-02	3.199665999999999882e-03	4.498583970000000209e-01	1.999877300000000094e-02	-4.565908719999999810e-01	-5.041298239999999486e-01	2.249430022099999960e+01
2.070396399999999831e-02	3.429282999999999984e-03	4.657194900000000137e-01	2.070396399999999831e-02	-5.060792069999999754e-01	-4.774836619999999754e-01	2.249421809300000064e+01
2.143402200000000049e-02	3.675377999999999978e-03	4.821396860000000117e-01	2.143402200000000049e-02	-5.559266170000000118e-01	-4.470345499999999750e-01	2.249413007200000081e+01
2.218982300000000088e-02	3.939131000000000229e-03	4.991386809999999730e-01	2.218982300000000088e-02	-6.058841579999999505e-01	-4.125837549999999965e-01	2.249403573400000056e+01
2.297227500000000033e-02	4.221810999999999793e-03	5.167368599999999645e-01	2.297227500000000033e-02	-6.556716930000000554e-01	-3.739427770000000040e-01	2.249393462700000157e+01
2.378231800000000021e-02	4.524776000000000319e-03	5.349553280000000077e-01	2.378231800000000021e-02	-7.049765070000000300e-01	-3.309369320000000170e-01	2.249382626499999915e+01
2.462092399999999889e-02	4.849479999999999763e-03	5.538159280000000129e-01	2.462092399999999889e-02	-7.534520609999999508e-01	-2.834093610000000263e-01	2.249371012699999994e+01
2.548910100000000012e-02	5.197483000000000138e-03	5.733412730000000401e-01	2.548910100000000012e-02	-8.007169339999999913e-01	-2.312255019999999994e-01	2.249358565600000048e+01
2.638789100000000012e-02	5.570457000000000013e-03	5.935547669999999831e-01	2.638789100000000012e-02	-8.463539839999999481e-01	-1.742780959999999935e-01	2.249345225400000103e+01
2.731837399999999944e-02	5.970193000000000375e-03	6.144806400000000224e-01	2.731837399999999944e-02	-8.899097799999999836e-01	-1.124927829999999990e-01	2.249330927900000177e+01
2.828166799999999939e-02	6.398611000000000229e-03	6.361439669999999769e-01	2.828166799999999939e-02	-9.308943640000000297e-01	-4.583438199999999990e-02	2.249315604499999921e+01
2.927892899999999868e-02	6.857768999999999671e-03	6.585707060000000057e-01	2.927892899999999868e-02	-9.687814460000000460e-01	2.568604199999999921e-02	2.249299181700000005e+01
3.031135500000000163e-02	7.349872000000000349e-03	6.817877249999999556e-01	3.031135500000000163e-02	-1.003009137000000051e+00	1.020031779999999999e-01	2.249281580499999933e+01
3.138018599999999741e-02	7.877283000000000548e-03	7.058228319999999556e-01	3.138018599999999741e-02	-1.032981410999999961e+00	1.829883890000000013e-01	2.249262716400000173e+01
3.248670699999999661e-02	8.442534999999999276e-03	7.307048099999999824e-01	3.248670699999999661e-02	-1.058070542999999919e+00	2.684393629999999864e-01	2.249242498899999987e+01
3.363224499999999811e-02	9.048341999999999150e-03	7.564634510000000089e-01	3.363224499999999811e-02	-1.077620851000000046e+00	3.580682929999999820e-01	2.249220830899999868e+01
3.481817599999999929e-02	9.697611999999999552e-03	7.831295889999999593e-01	3.481817599999999929e-02	-1.090954234000000023e+00	4.514883849999999921e-01	2.249197608200000076e+01
3.604592599999999897e-02	1.039346399999999983e-02	8.107351350000000512e-01	3.604592599999999897e-02	-1.097378149000000080e+00	5.481984979999999785e-01	2.249172719499999928e+01
3.731696799999999897e-02	1.113923799999999922e-02	8.393131179999999691e-01	3.731696799999999897e-02	-1.096196884999999899e+00	6.475657999999999692e-01	2.249146045199999833e+01
3.863282999999999995e-02	1.193851299999999956e-02	8.688977209999999562e-01	3.863282999999999995e-02	-1.086727291000000095e+00	7.488064519999999558e-01	2.249117457299999856e+01
3.999509100000000344e-02	1.279512799999999936e-02	8.995243189999999611e-01	3.999509100000000344e-02	-1.068320428999999905e+00	8.509645710000000030e-01	2.249086818500000007e+01
4.140538800000000130e-02	1.371319300000000026e-02	9.312295219999999762e-01	4.140538800000000130e-02	-1.040391013000000031e+00	9.528901229999999778e-01	2.249053981799999846e+01
4.286541399999999752e-02	1.469711500000000018e-02	9.640512169999999603e-01	4.286541399999999752e-02	-1.002456873999999942e+00	1.053217061000000010e+00	2.249018789599999835e+01
4.437692299999999868e-02	1.575161599999999953e-02	9.980286099999999827e-01	4.437692299999999868e-02	-9.541910420000000448e-01	1.150343952999999919e+00	2.248981072999999853e+01
4.594173099999999954e-02	1.688175499999999829e-02	1.033202272000000033e+00	4.594173099999999954e-02	-8.954891799999999957e-01	1.242420749000000102e+00	2.248940650999999846e+01
4.756171700000000335e-02	1.809295500000000084e-02	1.069614185000000051e+00	4.756171700000000335e-02	-8.265548360000000150e-01	1.327347223999999937e+00	2.248897329600000106e+01
4.923882599999999943e-02	1.939102800000000112e-02	1.107307789000000042e+00	4.923882599999999943e-02	-7.480039880000000085e-01	1.402791056000000092e+00	2.248850901100000144e+01
5.097507300000000269e-02	2.078219900000000120e-02	1.146328031999999997e+00	5.097507300000000269e-02	-6.609880510000000209e-01	1.466236325999999979e+00	2.248801142700000000e+01
5.277254399999999762e-02	2.227314199999999925e-02	1.186721420000000027e+00	5.277254399999999762e-02	-5.673304040000000104e-01	1.515076035999999959e+00	2.248747815700000174e+01
5.463339600000000074e-02	2.387100500000000070e-02	1.228536067000000065e+00	5.463339600000000074e-02	-4.696647780000000050e-01	1.546764083000000012e+00	2.248690664500000125e+01
5.655986500000000083e-02	2.558345199999999958e-02	1.271821752999999999e+00	5.655986500000000083e-02	-3.715543439999999809e-01	1.559041447000000025e+00	2.248629414899999901e+01
5.855426400000000170e-02	2.741869200000000145e-02	1.316629974000000036e+00	5.855426400000000170e-02	-2.775584890000000193e-01	1.550245657000000055e+00	2.248563773400000088e+01
6.061898999999999760e-02	2.938552200000000073e-02	1.363014002999999974e+00	6.061898999999999760e-02	-1.932023260000000076e-01	1.519699222999999932e+00	2.248493425199999862e+01
6.275652099999999567e-02	3.149336700000000128e-02	1.411028944999999979e+00	6.275652099999999567e-02	-1.247968160000000049e-01	1.468149538999999892e+00	2.248418033300000118e+01
6.496942599999999679e-02	3.375232799999999811e-02	1.460731798000000081e+00	6.496942599999999679e-02	-7.906235000000000346e-02	1.398200778999999949e+00	2.248337236500000103e+01
6.726036200000000409e-02	3.617322600000000277e-02	1.512181513999999893e+00	6.726036200000000409e-02	-6.253394499999999356e-02	1.314644139000000100e+00	2.248250647500000099e+01
6.963207899999999950e-02	3.876765699999999704e-02	1.565439060000000104e+00	6.963207899999999950e-02	-8.077623100000000389e-02	1.224570528999999963e+00	2.248157851799999918e+01
7.208742799999999507e-02	4.154804200000000031e-02	1.620567488000000056e+00	7.208742799999999507e-02	-1.375044759999999866e-01	1.137158190999999929e+00	2.248058404900000085e+01
7.462935699999999339e-02	4.452769300000000013e-02	1.677631993999999960e+00	7.462935699999999339e-02	-2.337724640000000131e-01	1.063081079999999901e+00	2.247951830899999948e+01
7.726091799999999787e-02	4.772086799999999962e-02	1.736699989000000111e+00	7.726091799999999787e-02	-3.674160980000000243e-01	1.013578617000000071e+00	2.247837619699999934e+01
7.998527299999999562e-02	5.114284599999999875e-02	1.797841167000000073e+00	7.998527299999999562e-02	-5.329056110000000013e-01	9.993342600000000298e-01	2.247715224899999953e+01
8.280569399999999913e-02	5.480999200000000182e-02	1.861127576999999977e+00	8.280569399999999913e-02	-7.216582200000000169e-01	1.029382154000000105e+00	2.247584061099999886e+01
8.572556700000000252e-02	5.873984000000000150e-02	1.926633690999999926e+00	8.572556700000000252e-02	-9.227317339999999701e-01	1.110258324999999990e+00	2.247443501100000063e+01
8.874840100000000453e-02	6.295117199999999968e-02	1.994436482000000010e+00	8.874840100000000453e-02	-1.123713591000000012e+00	1.245530459000000034e+00	2.247292873199999974e+01
9.187782399999999683e-02	6.746410799999999486e-02	2.064615492000000163e+00	9.187782399999999683e-02	-1.311583262000000083e+00	1.435712265999999904e+00	2.247131457800000121e+01
9.511759699999999818e-02	7.230019899999999555e-02	2.137252913999999837e+00	9.511759699999999818e-02	-1.473367641000000061e+00	1.678447068000000097e+00	2.246958483899999948e+01
9.847161000000000108e-02	7.748253099999999338e-02	2.212433660999999940e+00	9.847161000000000108e-02	-1.596503589999999972e+00	1.968769211999999991e+00	2.246773126000000076e+01
1.019438909999999948e-01	8.303582700000000649e-02	2.290245450000000016e+00	1.019438909999999948e-01	-1.668933731000000087e+00	2.299230065999999795e+00	2.246574499700000160e+01
1.055386100000000049e-01	8.898657100000000042e-02	2.370778876000000146e+00	1.055386100000000049e-01	-1.679070550000000051e+00	2.659693771000000151e+00	2.246361657799999989e+01
1.092600860000000063e-01	9.536312199999999462e-02	2.454127489999999856e+00	1.092600860000000063e-01	-1.615876781000000095e+00	3.036652882999999914e+00	2.246133585899999829e+01
1.131127880000000058e-01	1.021958520000000037e-01	2.540387878999999849e+00	1.131127880000000058e-01	-1.469454373999999897e+00	3.412000688000000004e+00	2.245889197700000040e+01
1.171013419999999972e-01	1.095172870000000048e-01	2.629659744000000021e+00	1.171013419999999972e-01	-1.232730217999999933e+00	3.761398912999999844e+00	2.245627329899999935e+01
1.212305399999999977e-01	1.173622510000000008e-01	2.722045977000000061e+00	1.212305399999999977e-01	-9.050143889999999747e-01	4.052852492000000417e+00	2.245346736799999832e+01
1.255053409999999925e-01	1.257680359999999997e-01	2.817652740000000211e+00	1.255053409999999925e-01	-4.980880489999999772e-01	4.247038779000000375e+00	2.245046084699999867e+01
1.299308779999999997e-01	1.347745650000000128e-01	2.916589541000000008e+00	1.299308779999999997e-01	-4.431000899999999743e-02	4.302248395000000336e+00	2.244723945699999845e+01
1.345124679999999961e-01	1.444245789999999974e-01	3.018969307999999963e+00	1.345124679999999961e-01	3.969635739999999857e-01	4.187255332000000330e+00	2.244378790900000098e+01
1.392556130000000003e-01	1.547638319999999901e-01	3.124908464000000219e+00	1.392556130000000003e-01	7.429179240000000073e-01	3.901923415999999811e+00	2.244008983999999884e+01
1.441660090000000116e-01	1.658412969999999986e-01	3.234526994999999960e+00	1.441660090000000116e-01	9.092236409999999713e-01	3.495600276999999867e+00	2.243612773199999921e+01
1.492495550000000060e-01	1.777093899999999949e-01	3.347948520000000094e+00	1.492495550000000060e-01	8.461728870000000402e-01	3.064713459000000029e+00	2.243188283699999985e+01
1.545123549999999901e-01	1.904242060000000125e-01	3.465300351999999862e+00	1.545123549999999901e-01	5.653526100000000332e-01	2.720879309999999940e+00	2.242733509299999994e+01
1.599607299999999954e-01	2.040457699999999874e-01	3.586713559000000107e+00	1.599607299999999954e-01	1.340044039999999936e-01	2.548452150000000138e+00	2.242246302999999941e+01
1.656012249999999908e-01	2.186383040000000055e-01	3.712323014999999948e+00	1.656012249999999908e-01	-3.572059180000000111e-01	2.581773325999999980e+00	2.241724367699999831e+01
1.714406139999999912e-01	2.342705160000000120e-01	3.842267448999999946e+00	1.714406139999999912e-01	-8.263529059999999982e-01	2.811076621999999858e+00	2.241165245899999903e+01
1.774859089999999973e-01	2.510158989999999868e-01	3.976689485000000079e+00	1.774859089999999973e-01	-1.214979296000000097e+00	3.202404832000000034e+00	2.240566309100000097e+01
1.837443719999999892e-01	2.689530549999999964e-01	4.115735668000000125e+00	1.837443719999999892e-01	-1.486880683000000092e+00	3.715184599000000087e+00	2.239924745800000139e+01
1.902235200000000070e-01	2.881660389999999849e-01	4.259556489999999584e+00	1.902235200000000070e-01	-1.619710213999999926e+00	4.311340071000000052e+00	2.239237549499999957e+01
1.969311340000000077e-01	3.087447209999999997e-01	4.408306396000000404e+00	1.969311340000000077e-01	-1.595428846999999983e+00	4.956726975999999674e+00	2.238501506000000063e+01
2.038752699999999973e-01	3.307851709999999890e-01	4.562143778000000260e+00	2.038752699999999973e-01	-1.391659221999999918e+00	5.616083310999999689e+00	2.237713178999999997e+01
2.110642679999999993e-01	3.543900680000000025e-01	4.721230958999999672e+00	2.110642679999999993e-01	-9.756435629999999914e-01	6.239516062999999946e+00	2.236868895899999998e+01
2.185067629999999927e-01	3.796691360000000182e-01	4.885734153999999663e+00	2.185067629999999927e-01	-3.087158569999999824e-01	6.735420227999999732e+00	2.235964732400000088e+01
2.262116929999999915e-01	4.067395950000000093e-01	5.055823411999999628e+00	2.262116929999999915e-01	6.137959039999999478e-01	6.930821446000000385e+00	2.234996495600000088e+01
2.341883130000000091e-01	4.357266510000000204e-01	5.231672543000000175e+00	2.341883130000000091e-01	1.643644716000000061e+00	6.565885316000000138e+00	2.233959707300000019e+01
2.424462019999999995e-01	4.667640049999999818e-01	5.413459010000000404e+00	2.424462019999999995e-01	2.318904621999999804e+00	5.478812566000000217e+00	2.232849585399999981e+01
2.509952779999999883e-01	4.999943889999999835e-01	5.601363801999999836e+00	2.509952779999999883e-01	2.029196275999999965e+00	4.028277809999999626e+00	2.231661024799999993e+01
2.598458100000000104e-01	5.355701349999999472e-01	5.795571275000000355e+00	2.598458100000000104e-01	7.106257609999999669e-01	3.056052444000000090e+00	2.230388577000000083e+01
2.690084280000000216e-01	5.736537710000000345e-01	5.996268951000000236e+00	2.690084280000000216e-01	-1.018207877000000039e+00	3.063845594000000006e+00	2.229026428699999940e+01
2.784941349999999760e-01	6.144186449999999855e-01	6.203647291000000230e+00	2.784941349999999760e-01	-2.573221041000000042e+00	3.946797298999999981e+00	2.227568379799999931e+01
2.883143249999999824e-01	6.580495819999999663e-01	6.417899416000000024e+00	2.883143249999999824e-01	-3.714663455000000170e+00	5.449299240000000211e+00	2.226007819599999848e+01
2.984807919999999948e-01	7.047435669999999597e-01	6.639220783999999931e+00	2.984807919999999948e-01	-4.345916687999999972e+00	7.453115528999999739e+00	2.224337702400000083e+01
3.090057460000000256e-01	7.547104610000000546e-01	6.867808819999999592e+00	3.090057460000000256e-01	-4.241749337999999980e+00	9.978535156999999600e+00	2.222550522199999889e+01
3.199018279999999992e-01	8.081737450000000544e-01	7.103862479000000008e+00	3.199018279999999992e-01	-2.729314678000000161e+00	1.292297806400000049e+01	2.220638285500000109e+01
3.311821260000000211e-01	8.653712940000000131e-01	7.347581755000000214e+00	3.311821260000000211e-01	1.305222488000000070e+00	1.491008395899999961e+01	2.218592484299999867e+01
3.428601860000000112e-01	9.265561719999999557e-01	7.599167115000000194e+00	3.428601860000000112e-01	6.023511524999999978e+00	1.254801133900000032e+01	2.216404067099999864e+01
3.549500360000000243e-01	9.919974599999999976e-01	7.858818860999999600e+00	3.549500360000000243e-01	6.273575304999999602e+00	8.278353481999999985e+00	2.214063409699999951e+01
3.674661940000000238e-01	1.061981102999999926e+00	8.126736406999999218e+00	3.674661940000000238e-01	4.547398499999999899e+00	6.662101128999999844e+00	2.211560284400000143e+01
3.804236939999999789e-01	1.136810772000000025e+00	8.403117464999999342e+00	3.804236939999999789e-01	3.759650979999999976e+00	6.282309351000000319e+00	2.208883829899999895e+01
3.938380980000000253e-01	1.216808753000000021e+00	8.688157136999999253e+00	3.938380980000000253e-01	3.334822162000000034e+00	5.121999319999999578e+00	2.206022518800000043e+01
4.077255180000000090e-01	1.302316835999999922e+00	8.982046891999999616e+00	4.077255180000000090e-01	1.320489581999999995e+00	3.709070850999999891e+00	2.202964126299999847e+01
4.221026319999999776e-01	1.393697211999999963e+00	9.284973435999999580e+00	4.221026319999999776e-01	-1.649716227999999951e+00	4.045698512999999608e+00	2.199695697599999988e+01
4.369867080000000015e-01	1.491333371000000074e+00	9.597117454999999353e+00	4.369867080000000015e-01	-4.014217229999999859e+00	5.879831038999999926e+00	2.196203516399999955e+01
4.523956230000000245e-01	1.595630987000000056e+00	9.918652223000000490e+00	4.523956230000000245e-01	-5.510575653000000074e+00	8.492134027000000529e+00	2.192473072800000011e+01
4.683478830000000204e-01	1.707018783000000095e+00	1.024974206299999935e+01	4.683478830000000204e-01	-6.085156903999999756e+00	1.170358675900000023e+01	2.188489032600000073e+01
4.848626480000000072e-01	1.825949365000000046e+00	1.059054066700000085e+01	4.848626480000000072e-01	-5.286613484000000085e+00	1.537866618199999991e+01	2.184235207100000054e+01
5.019597519999999813e-01	1.952900011000000102e+00	1.094118924100000001e+01	5.019597519999999813e-01	-2.364659828000000186e+00	1.876651821000000098e+01	2.179694525500000069e+01
5.196597299999999864e-01	2.088373403999999933e+00	1.130181448899999985e+01	5.196597299999999864e-01	3.046250488000000090e+00	1.960259415399999838e+01	2.174849007999999984e+01
5.379838399999999909e-01	2.232898279000000041e+00	1.167252640599999935e+01	5.379838399999999909e-01	6.679678790999999727e+00	1.485177215999999945e+01	2.169679743300000041e+01
5.569540910000000400e-01	2.387029985999999937e+00	1.205341589800000079e+01	5.569540910000000400e-01	3.820162805999999911e+00	1.080597088300000053e+01	2.164166867899999858e+01
5.765932649999999660e-01	2.551350926000000019e+00	1.244455218899999949e+01	5.765932649999999660e-01	-6.175276000000000376e-03	1.120319097800000030e+01	2.158289550800000001e+01
5.969249509999999814e-01	2.726470851000000195e+00	1.284598004399999915e+01	5.969249509999999814e-01	-2.461932285000000054e+00	1.374519598000000009e+01	2.152025982900000045e+01
6.179735680000000286e-01	2.913026986000000207e+00	1.325771677500000045e+01	6.179735680000000286e-01	-3.617643022000000208e+00	1.746153063399999894e+01	2.145353372099999945e+01
6.397643960000000130e-01	3.111683962999999942e+00	1.367974904999999985e+01	6.397643960000000130e-01	-2.946972587999999948e+00	2.246935483900000108e+01	2.138247946399999933e+01
6.623236059999999537e-01	3.323133514999999871e+00	1.411202948799999923e+01	6.623236059999999537e-01	1.848223350999999903e+00	2.736298956399999938e+01	2.130684964199999953e+01
6.856782940000000215e-01	3.548093906000000075e+00	1.455447305899999932e+01	6.856782940000000215e-01	8.580247729999999962e+00	2.681904593799999859e+01	2.122638735099999963e+01
7.098565079999999972e-01	3.787309054000000064e+00	1.500695329100000031e+01	7.098565079999999972e-01	1.184256948500000028e+01	2.437962998300000095e+01	2.114082650900000004e+01
7.348872889999999991e-01	4.041547311000000420e+00	1.546929828899999926e+01	7.348872889999999991e-01	1.456790438600000037e+01	2.164343590700000064e+01	2.104989229799999961e+01
7.608006990000000247e-01	4.311599851000000427e+00	1.594128660700000033e+01	7.608006990000000247e-01	1.521831188400000023e+01	1.811880598799999831e+01	2.095330173199999990e+01
7.876278610000000402e-01	4.598278631000000338e+00	1.642264296500000142e+01	7.876278610000000402e-01	1.456423358700000037e+01	1.540926481300000006e+01	2.085076439699999895e+01
8.154009960000000445e-01	4.902413862999999594e+00	1.691303387299999983e+01	8.154009960000000445e-01	1.282081789299999919e+01	1.364308678599999958e+01	2.074198334500000129e+01
8.441534600000000221e-01	5.224850972999999676e+00	1.741206318000000053e+01	8.441534600000000221e-01	1.103148610000000041e+01	1.291753618299999928e+01	2.062665618699999825e+01
8.739197859999999762e-01	5.566446980000000266e+00	1.791926760899999849e+01	8.739197859999999762e-01	8.480062197000000523e+00	1.321230082299999964e+01	2.050447638900000058e+01
9.047357240000000189e-01	5.928066270000000415e+00	1.843411232100000063e+01	9.047357240000000189e-01	7.013838214999999821e+00	1.588903540599999964e+01	2.037513477899999970e+01
9.366382869999999583e-01	6.310575705999999840e+00	1.895598658999999842e+01	9.366382869999999583e-01	8.500199750000000165e+00	1.855480265099999926e+01	2.023832130099999915e+01
9.696657890000000002e-01	6.714839055999999751e+00	1.948419965600000126e+01	9.696657890000000002e-01	1.141009555199999959e+01	1.800517811399999957e+01	2.009372700400000156e+01
1.003857898999999998e+00	7.141710695000000442e+00	2.001797684699999991e+01	1.003857898999999998e+00	1.045961791699999921e+01	1.584810023100000009e+01	1.994104629799999984e+01
1.039255682999999930e+00	7.592028567999999922e+00	2.055645606799999925e+01	1.039255682999999930e+00	8.879241117999999489e+00	1.693085948899999948e+01	1.977997946600000034e+01
1.075901653999999930e+00	8.066606406000000007e+00	2.109868476300000140e+01	1.075901653999999930e+00	9.215241841999999295e+00	1.900015408200000167e+01	1.961023545200000129e+01
1.113839825999999977e+00	8.566225194999999459e+00	2.164361747799999947e+01	1.113839825999999977e+00	1.135433736100000068e+01	1.871858312999999896e+01	1.943153491500000030e+01
1.153115764999999904e+00	9.091623914999999556e+00	2.219011413899999852e+01	1.153115764999999904e+00	1.073212209799999961e+01	1.800559815000000086e+01	1.924361353200000124e+01
1.193776641999999999e+00	9.643489601000000633e+00	2.273693918800000091e+01	1.193776641999999999e+00	1.022085455799999920e+01	1.790886968399999901e+01	1.904622556200000005e+01
1.235871291999999899e+00	1.022244676899999938e+01	2.328276171299999930e+01	1.235871291999999899e+00	9.689501953000000611e+00	1.864285084799999836e+01	1.883914762299999879e+01
1.279450272999999916e+00	1.082904630800000056e+01	2.382615670199999869e+01	1.279450272999999916e+00	8.950784201999999468e+00	1.898052684600000006e+01	1.862218266800000066e+01
1.324565924999999922e+00	1.146375393599999981e+01	2.436560757399999844e+01	1.324565924999999922e+00	7.774309661000000204e+00	2.021281967799999890e+01	1.839516411099999971e+01
1.371272433999999985e+00	1.212693835900000039e+01	2.489951009800000037e+01	1.371272433999999985e+00	7.079386537000000423e+00	2.236167169499999829e+01	1.815796006200000079e+01
1.419625896000000109e+00	1.281885930700000031e+01	2.542617783500000073e+01	1.419625896000000109e+00	7.079235825999999676e+00	2.522274374499999894e+01	1.791047761100000102e+01
1.469684385999999954e+00	1.353965562600000005e+01	2.594384918200000101e+01	1.469684385999999954e+00	8.182586705000000293e+00	2.819354697500000029e+01	1.765266708100000059e+01
1.521508026000000013e+00	1.428933365500000008e+01	2.645069611399999943e+01	1.521508026000000013e+00	1.028775291900000077e+01	3.065761963499999965e+01	1.738452618699999874e+01
1.575159057000000029e+00	1.506775613399999969e+01	2.694483465700000124e+01	1.575159057000000029e+00	1.291020511199999987e+01	3.259828037799999834e+01	1.710610400599999892e+01
1.630701917999999973e+00	1.587463189800000052e+01	2.742433709999999891e+01	1.630701917999999973e+00	1.627524098900000027e+01	3.434345587600000016e+01	1.681750466000000088e+01
1.688203316999999926e+00	1.670950664000000074e+01	2.788724593199999902e+01	1.688203316999999926e+00	2.112464144100000141e+01	3.486294561199999720e+01	1.651889061900000044e+01
1.747732314999999925e+00	1.757175504199999949e+01	2.833158939400000165e+01	1.747732314999999925e+00	2.571863023999999953e+01	3.207396698200000174e+01	1.621048552099999895e+01
1.809360410999999891e+00	1.846057453999999964e+01	2.875539855099999897e+01	1.809360410999999891e+00	2.672195342899999915e+01	2.771989397200000127e+01	1.589257639300000058e+01
1.873161620000000083e+00	1.937498102200000005e+01	2.915672567100000023e+01	1.873161620000000083e+00	2.551663415599999851e+01	2.618381873599999921e+01	1.556551519900000002e+01
1.939212571999999968e+00	2.031380670700000124e+01	2.953366369900000166e+01	1.939212571999999968e+00	2.541104427899999862e+01	2.598268013499999896e+01	1.522971959000000020e+01
2.007592595999999840e+00	2.127570043500000097e+01	2.988436651299999980e+01	2.007592595999999840e+00	2.635318467999999825e+01	2.607786385500000037e+01	1.488567280800000070e+01
2.078383818999999910e+00	2.225913055699999887e+01	3.020706964900000102e+01	2.078383818999999910e+00	2.855147616700000057e+01	2.252550012200000040e+01	1.453392264700000069e+01
2.151671263999999972e+00	2.326239055099999931e+01	3.050011109700000134e+01	2.151671263999999972e+00	2.528470882099999884e+01	1.918301662500000049e+01	1.417507944299999956e+01
2.227542951999999854e+00	2.428360744500000123e+01	3.076195176699999934e+01	2.227542951999999854e+00	2.086038368099999829e+01	1.833186211900000018e+01	1.380981306800000041e+01
2.306090009000000052e+00	2.532075304399999993e+01	3.099119519199999928e+01	2.306090009000000052e+00	1.608718896699999945e+01	2.111013011000000006e+01	1.343884890700000057e+01
2.387406771999999844e+00	2.637165788100000086e+01	3.118660602099999934e+01	2.387406771999999844e+00	1.326631517400000071e+01	2.661729332199999831e+01	1.306296287199999995e+01
2.471590905999999865e+00	2.743402775299999874e+01	3.134712687700000089e+01	2.471590905999999865e+00	1.366228491200000050e+01	3.455577347999999915e+01	1.268297548700000021e+01
2.558743520000000160e+00	2.850546259400000082e+01	3.147189316600000097e+01	2.558743520000000160e+00	2.034076003199999860e+01	4.059026525800000229e+01	1.229974513600000030e+01
2.648969287999999978e+00	2.958347740199999976e+01	3.156024546000000086e+01	2.648969287999999978e+00	2.864794492500000089e+01	4.040682943800000260e+01	1.191416057900000069e+01
2.742376573000000040e+00	3.066552482699999871e+01	3.161173914400000129e+01	2.742376573000000040e+00	3.060784769700000041e+01	3.696620360899999724e+01	1.152713287199999925e+01
2.839077563000000026e+00	3.174901901300000162e+01	3.162615105700000129e+01	2.839077563000000026e+00	3.157953282300000097e+01	3.831058053800000351e+01	1.113958683899999969e+01
2.939188398999999841e+00	3.283136021400000004e+01	3.160348297199999834e+01	2.939188398999999841e+00	3.736939899299999723e+01	3.976360826100000168e+01	1.075245227099999923e+01
3.042829316999999811e+00	3.390995969099999741e+01	3.154396179800000155e+01	3.042829316999999811e+00	4.333551036899999787e+01	3.463213510399999961e+01	1.036665501399999911e+01
3.150124796000000060e+00	3.498226438799999727e+01	3.144803651599999839e+01	3.150124796000000060e+00	4.241367170899999905e+01	2.892346964200000059e+01	9.983108147999999460e+00
3.261203699999999817e+00	3.604578088000000236e+01	3.131637192699999872e+01	3.261203699999999817e+00	4.115940234800000042e+01	2.745465849100000000e+01	9.602703419999999213e+00
3.376199440999999801e+00	3.709809813700000092e+01	3.114983937299999894e+01	3.376199440999999801e+00	4.125796162200000339e+01	2.493878465099999886e+01	9.226303100999999174e+00
3.495250132999999870e+00	3.813690865499999916e+01	3.094950469200000143e+01	3.495250132999999870e+00	3.752409712200000058e+01	2.225357118399999834e+01	8.854732428000000155e+00
3.618498760000000036e+00	3.916002758500000169e+01	3.071661370600000041e+01	3.618498760000000036e+00	3.319697730899999755e+01	2.521826815800000077e+01	8.488772760999999889e+00
3.746093349000000128e+00	4.016540954700000299e+01	3.045257561300000049e+01	3.746093349000000128e+00	3.372794240000000343e+01	3.127805317500000015e+01	8.129155571000000080e+00
3.878187146000000141e+00	4.115116289099999847e+01	3.015894469699999902e+01	3.878187146000000141e+00	3.901985048899999953e+01	3.332343250299999937e+01	7.776557335999999765e+00
4.014938800999999557e+00	4.211556123900000159e+01	2.983740077699999915e+01	4.014938800999999557e+00	4.168665460500000108e+01	3.195296387000000138e+01	7.431595414000000233e+00
4.156512558000000190e+00	4.305705222999999648e+01	2.948972885099999885e+01	4.156512558000000190e+00	4.360995125800000238e+01	3.202286524800000223e+01	7.094824913000000066e+00
4.303078454000000441e+00	4.397426345499999911e+01	2.911779834100000031e+01	4.303078454000000441e+00	4.703638398300000034e+01	3.002200436000000039e+01	6.766736571000000033e+00
4.454812518999999860e+00	4.486600565900000248e+01	2.872354239199999881e+01	4.454812518999999860e+00	4.720142967700000014e+01	2.664030140799999913e+01	6.447755606000000306e+00
4.611896992000000139e+00	4.573127331100000248e+01	2.830893757200000138e+01	4.611896992000000139e+00	4.595583934100000079e+01	2.525707496400000096e+01	6.138241512999999649e+00
4.774520539000000063e+00	4.656924275699999782e+01	2.787598433699999845e+01	4.774520539000000063e+00	4.479106449500000053e+01	2.571446131500000121e+01	5.838488725999999573e+00
4.942878474999999661e+00	4.737926814499999750e+01	2.742668854800000133e+01	4.942878474999999661e+00	4.477239462099999656e+01	2.710031594699999857e+01	5.548728071000000206e+00
5.117173006999999885e+00	4.816087540400000222e+01	2.696304428699999889e+01	5.117173006999999885e+00	4.648101326300000125e+01	2.896881588200000124e+01	5.269128921000000076e+00
5.297613468999999853e+00	4.891375454399999967e+01	2.648701815200000098e+01	5.297613468999999853e+00	4.992280997499999984e+01	2.913541043700000088e+01	4.999801950000000161e+00
5.484416576000000099e+00	4.963775055400000014e+01	2.600053518300000022e+01	5.484416576000000099e+00	5.257367450200000292e+01	2.687364582700000071e+01	4.740802385000000285e+00
5.677806688000000435e+00	5.033285321200000340e+01	2.550546648099999913e+01	5.677806688000000435e+00	5.323882484500000345e+01	2.407376021099999974e+01	4.492133650000000422e+00
5.878016072000000314e+00	5.099918605799999938e+01	2.500361858400000159e+01	5.878016072000000314e+00	5.258434731999999912e+01	2.252244128399999923e+01	4.253751313000000422e+00
6.085285189999999567e+00	5.163699481900000166e+01	2.449672457200000153e+01	6.085285189999999567e+00	5.250143686199999848e+01	2.212561552100000029e+01	4.025567217999999947e+00
6.299862978000000169e+00	5.224663551799999794e+01	2.398643687399999891e+01	6.299862978000000169e+00	5.312648557699999685e+01	2.127069983299999834e+01	3.807453741999999863e+00
6.522007154999999834e+00	5.282856250599999726e+01	2.347432169200000018e+01	6.522007154999999834e+00	5.294865886699999891e+01	1.973301633299999835e+01	3.599248074000000130e+00
6.751984522999999960e+00	5.338331658900000321e+01	2.296185496100000023e+01	6.751984522999999960e+00	5.174153622699999744e+01	1.923463766600000113e+01	3.400756456999999955e+00
6.990071294999999907e+00	5.391151344200000040e+01	2.245041971699999905e+01	6.990071294999999907e+00	5.123498317500000354e+01	1.998002341200000131e+01	3.211758330999999966e+00
7.236553423000000151e+00	5.441383243700000349e+01	2.194130474500000005e+01	7.236553423000000151e+00	5.220090150800000117e+01	2.070080994099999927e+01	3.032010332000000030e+00
7.491726940999999584e+00	5.489100600199999747e+01	2.143570438000000067e+01	7.491726940999999584e+00	5.321850024599999784e+01	1.998918796499999928e+01	2.861250088999999885e+00
7.755898323000000261e+00	5.534380959500000330e+01	2.093471932099999933e+01	7.755898323000000261e+00	5.322327135300000123e+01	1.904030783800000037e+01	2.699199815000000058e+00
8.029384849999999574e+00	5.577305236099999775e+01	2.043935830499999895e+01	8.029384849999999574e+00	5.261171843700000039e+01	1.911261194400000107e+01	2.545569640000000078e+00
8.312514990000000381e+00	5.617956850899999921e+01	1.995054053300000163e+01	8.312514990000000381e+00	5.308554311000000325e+01	1.969052827799999861e+01	2.400060697999999881e+00
8.605628792999999277e+00	5.656420943199999840e+01	1.946909869499999957e+01	8.605628792999999277e+00	5.425764144499999730e+01	2.044677571500000113e+01	2.262367940999999938e+00
8.909078300999999200e+00	5.692783658300000127e+01	1.899578249200000002e+01	8.909078300999999200e+00	5.522533972499999777e+01	1.906391358999999852e+01	2.132182685000000077e+00
9.223227968999999860e+00	5.727131507800000065e+01	1.853126253699999992e+01	9.223227968999999860e+00	5.545443940700000240e+01	1.850831801900000073e+01	2.009194894000000176e+00
9.548455103000000221e+00	5.759550804100000221e+01	1.807613453400000125e+01	9.548455103000000221e+00	5.579021699999999839e+01	1.830279462200000040e+01	1.893095200999999950e+00
9.885150314000000549e+00	5.790127162400000316e+01	1.763092365600000022e+01	9.885150314000000549e+00	5.607434209400000213e+01	1.833627330199999861e+01	1.783576687999999910e+00
1.023371798600000027e+01	5.818945069800000169e+01	1.719608902799999939e+01	1.023371798600000027e+01	5.620752306600000026e+01	1.764131813599999887e+01	1.680336417999999998e+00
1.059457676399999926e+01	5.846087515600000017e+01	1.677202826599999952e+01	1.059457676399999926e+01	5.645240130199999840e+01	1.802588724700000000e+01	1.583076761000000054e+00
1.096816005300000008e+01	5.871635679500000293e+01	1.635908199400000029e+01	1.096816005300000008e+01	5.764078998699999801e+01	1.836758401499999849e+01	1.491506497999999903e+00
1.135491654099999970e+01	5.895668672099999696e+01	1.595753830900000025e+01	1.135491654099999970e+01	5.915270878900000184e+01	1.774862761400000011e+01	1.405341752000000000e+00
1.175531073900000045e+01	5.918263324400000158e+01	1.556763714200000059e+01	1.175531073900000045e+01	6.021815316400000029e+01	1.621425236700000028e+01	1.324306731000000070e+00
1.216982353600000089e+01	5.939494020499999749e+01	1.518957448599999971e+01	1.216982353600000089e+01	6.016039964899999859e+01	1.447495640800000061e+01	1.248134325000000100e+00
1.259895277799999924e+01	5.959432569999999885e+01	1.482350646799999971e+01	1.259895277799999924e+01	5.935993210499999861e+01	1.350513539099999960e+01	1.176566554999999958e+00
1.304321386700000041e+01	5.978148114799999746e+01	1.446955324700000034e+01	1.304321386700000041e+01	5.873775649299999913e+01	1.337067769499999947e+01	1.109354901999999976e+00
1.350314037899999953e+01	5.995707067499999710e+01	1.412780272100000012e+01	1.350314037899999953e+01	5.865450753700000064e+01	1.344193879100000011e+01	1.046260522999999942e+00
1.397928470299999937e+01	6.012173075900000185e+01	1.379831403200000040e+01	1.397928470299999937e+01	5.888623389400000008e+01	1.322835315100000031e+01	9.870543680000000153e-01
1.447221870699999968e+01	6.027607011999999997e+01	1.348112088000000064e+01	1.447221870699999968e+01	5.876547132700000020e+01	1.281678567700000038e+01	9.315172160000000368e-01
1.498253442699999916e+01	6.042066980399999920e+01	1.317623462100000076e+01	1.498253442699999916e+01	5.882209611300000063e+01	1.278887349999999934e+01	8.794396359999999691e-01
1.551084477000000028e+01	6.055608343600000154e+01	1.288364716999999970e+01	1.551084477000000028e+01	5.892785042799999928e+01	1.255443662699999940e+01	8.306218880000000304e-01
1.605778425800000164e+01	6.068283763099999817e+01	1.260333370300000055e+01	1.605778425800000164e+01	5.897490803400000203e+01	1.239117004300000069e+01	7.848737719999999696e-01
1.662400978899999870e+01	6.080143250199999727e+01	1.233525517200000010e+01	1.662400978899999870e+01	5.895258575500000120e+01	1.187180050199999926e+01	7.420144309999999743e-01
1.721020142200000080e+01	6.091234228500000114e+01	1.207936062299999946e+01	1.721020142200000080e+01	5.848233160800000263e+01	1.184070655000000016e+01	7.018721239999999861e-01
1.781706319499999935e+01	6.101601603000000296e+01	1.183558934999999934e+01	1.781706319499999935e+01	5.849632768400000060e+01	1.203663830900000065e+01	6.642839630000000328e-01
1.844532397600000095e+01	6.111287835200000274e+01	1.160387286899999992e+01	1.844532397600000095e+01	5.864196571899999810e+01	1.226663594599999918e+01	6.290956389999999843e-01
1.909573832899999957e+01	6.120333023300000264e+01	1.138413674000000064e+01	1.909573832899999957e+01	5.902774490699999888e+01	1.215699741799999956e+01	5.961611190000000171e-01
1.976908742799999885e+01	6.128774983999999648e+01	1.117630223399999956e+01	1.976908742799999885e+01	5.934121751400000022e+01	1.166862579600000061e+01	5.653423440000000522e-01
2.046617999400000087e+01	6.136649338099999795e+01	1.098028786499999931e+01	2.046617999400000087e+01	5.887231144199999733e+01	1.113167522100000006e+01	5.365089069999999793e-01
2.118785326100000077e+01	6.143989595499999723e+01	1.079601078500000000e+01	2.118785326100000077e+01	5.817359138100000138e+01	1.113835839400000083e+01	5.095377359999999634e-01
2.193497398899999951e+01	6.150827240499999959e+01	1.062338806300000016e+01	2.193497398899999951e+01	5.760132490800000227e+01	1.187211873599999912e+01	4.843127720000000025e-01
2.270843949900000069e+01	6.157191816899999992e+01	1.046233784900000074e+01	2.270843949900000069e+01	5.772534983500000294e+01	1.278163590499999991e+01	4.607246500000000133e-01
2.350917875500000065e+01	6.163111011200000178e+01	1.031278043600000061e+01	2.350917875500000065e+01	5.829914386600000142e+01	1.345479724199999971e+01	4.386703820000000253e-01
2.433815347499999859e+01	6.168610734300000331e+01	1.017463923000000037e+01	2.433815347499999859e+01	5.897570909299999897e+01	1.372877319800000073e+01	4.180530470000000109e-01
2.519635929300000043e+01	6.173715200299999850e+01	1.004784162600000030e+01	2.519635929300000043e+01	5.955124894000000069e+01	1.378707560399999998e+01	3.987814869999999901e-01
2.608482694799999990e+01	6.178447003899999856e+01	9.932319813999999525e+00	2.608482694799999990e+01	6.002689946999999648e+01	1.370684406300000013e+01	3.807700099999999921e-01
2.700462352399999943e+01	6.182827192900000313e+01	9.828011511999999783e+00	2.700462352399999943e+01	6.022649236200000189e+01	1.352030880100000054e+01	3.639381050000000117e-01
2.795685373499999926e+01	6.186875339800000262e+01	9.734860626999999766e+00	2.795685373499999926e+01	6.006538120199999753e+01	1.352687805400000087e+01	3.482101639999999887e-01
2.894266124700000020e+01	6.190609608500000149e+01	9.652817865999999469e+00	2.894266124700000020e+01	5.994572521199999926e+01	1.427278723899999946e+01	3.335152140000000043e-01
2.996323005500000036e+01	6.194046817800000326e+01	9.581841296000000341e+00	2.996323005500000036e+01	6.061479297599999683e+01	1.543320753000000067e+01	3.197866610000000276e-01
3.101978590099999877e+01	6.197202501999999669e+01	9.521896848000000801e+00	3.101978590099999877e+01	6.215104818300000034e+01	1.605017173099999894e+01	3.069620430000000177e-01
3.211359775300000052e+01	6.200090967300000244e+01	9.472958790999999934e+00	3.211359775300000052e+01	6.385359095500000137e+01	1.574256497900000085e+01	2.949827939999999926e-01
3.324597932300000025e+01	6.202725344800000329e+01	9.435010160999999229e+00	3.324597932300000025e+01	6.506996833600000230e+01	1.474034260700000054e+01	2.837940210000000074e-01
3.441829064499999902e+01	6.205117639299999865e+01	9.408043165000000485e+00	3.441829064499999902e+01	6.551789962499999831e+01	1.345083470400000003e+01	2.733442879999999908e-01
3.563193971199999766e+01	6.207278775399999660e+01	9.392059551999999201e+00	3.563193971199999766e+01	6.528103477999999882e+01	1.256261136000000000e+01	2.635854129999999906e-01
3.688838416699999811e+01	6.209218639400000228e+01	9.387070962999999324e+00	3.688838416699999811e+01	6.496450229699999568e+01	1.229900745499999992e+01	2.544722730000000266e-01
3.818913304800000219e+01	6.210946116699999919e+01	9.393099256999999369e+00	3.818913304800000219e+01	6.515039741200000378e+01	1.242142147899999927e+01	2.459626209999999924e-01
3.953574860700000215e+01	6.212469127300000338e+01	9.410176828999999188e+00	3.953574860700000215e+01	6.567385867000000133e+01	1.203562562199999952e+01	2.380169129999999966e-01
4.092984818499999733e+01	6.213794656099999969e+01	9.438346901999999261e+00	4.092984818499999733e+01	6.580103347099999667e+01	1.127279814599999952e+01	2.305981410000000065e-01
4.237310614900000161e+01	6.214928780599999669e+01	9.477663814999999659e+00	4.237310614900000161e+01	6.532047837099999299e+01	1.071977297900000003e+01	2.236716790000000121e-01
4.386725590999999724e+01	6.215876694100000321e+01	9.528193300999999948e+00	4.386725590999999724e+01	6.477184308500000043e+01	1.087332553000000068e+01	2.172051359999999931e-01
4.541409200399999690e+01	6.216642726500000293e+01	9.590012758000000304e+00	4.541409200399999690e+01	6.481354441300000246e+01	1.133030081699999947e+01	2.111682149999999925e-01
4.701547224000000114e+01	6.217230360300000314e+01	9.663211518000000666e+00	4.701547224000000114e+01	6.528121476399999779e+01	1.141732794300000009e+01	2.055325839999999904e-01
4.867331994199999912e+01	6.217642243600000285e+01	9.747891106999999167e+00	4.867331994199999912e+01	6.556171266299999445e+01	1.109350159499999933e+01	2.002717529999999968e-01
5.038962625100000281e+01	6.217880200100000110e+01	9.844165515000000255e+00	5.038962625100000281e+01	6.551915141099999573e+01	1.081206786199999925e+01	1.953609550000000028e-01
5.216645251900000346e+01	6.217945234100000107e+01	9.952161458000000849e+00	5.216645251900000346e+01	6.544646277699999359e+01	1.067944695599999960e+01	1.907770410000000083e-01
5.400593278499999883e+01	6.217837533299999819e+01	1.007201864600000007e+01	5.400593278499999883e+01	6.528006060500000274e+01	1.053341206800000052e+01	1.864983739999999945e-01
5.591027634099999943e+01	6.217556466999999998e+01	1.020389006099999918e+01	5.591027634099999943e+01	6.491118035600000269e+01	1.064508260700000086e+01	1.825047330000000023e-01
5.788177037700000227e+01	6.217100580999999693e+01	1.034794223299999949e+01	5.788177037700000227e+01	6.484067026399999634e+01	1.121656985000000084e+01	1.787772240000000123e-01
5.992278273800000221e+01	6.216467588700000135e+01	1.050435552299999920e+01	5.992278273800000221e+01	6.536219819199999392e+01	1.160163908600000049e+01	1.752981929999999910e-01
6.203576476100000292e+01	6.215654358399999779e+01	1.067332442300000039e+01	6.203576476100000292e+01	6.585110362700000053e+01	1.133510160700000036e+01	1.720511459999999881e-01
6.422325422199999423e+01	6.214656896099999983e+01	1.085505785800000034e+01	6.422325422199999423e+01	6.576576435100000140e+01	1.107556991999999951e+01	1.690206760000000086e-01
6.648787838399999828e+01	6.213470325000000116e+01	1.104977949699999940e+01	6.648787838399999828e+01	6.569813878899999793e+01	1.114059203899999950e+01	1.661923909999999949e-01
6.883235715099999652e+01	6.212088860600000118e+01	1.125772808700000027e+01	6.883235715099999652e+01	6.586631325499999434e+01	1.123669285599999945e+01	1.635528490000000001e-01
7.125950633600000117e+01	6.210505780900000161e+01	1.147915778099999962e+01	7.125950633600000117e+01	6.588744566600000496e+01	1.117978878199999926e+01	1.610894930000000003e-01
7.377224104200000454e+01	6.208713392800000008e+01	1.171433850000000021e+01	7.377224104200000454e+01	6.600368144399999437e+01	1.113964744099999926e+01	1.587906010000000034e-01
7.637357916400000590e+01	6.206702993500000076e+01	1.196355629299999990e+01	7.637357916400000590e+01	6.595531260900000348e+01	1.103983048499999953e+01	1.566452220000000006e-01
7.906664501299999870e+01	6.204464826600000293e+01	1.222711372200000035e+01	7.906664501299999870e+01	6.575840394099999742e+01	1.107597843399999960e+01	1.546431329999999882e-01
8.185467307099999346e+01	6.201988033899999664e+01	1.250533025999999914e+01	8.185467307099999346e+01	6.579880886600000167e+01	1.126841613400000064e+01	1.527747869999999952e-01
8.474101186900000471e+01	6.199260600800000276e+01	1.279854270400000082e+01	8.474101186900000471e+01	6.590343139700000563e+01	1.124257606399999965e+01	1.510312709999999947e-01
8.772912801600000421e+01	6.196269296799999893e+01	1.310710560999999963e+01	8.772912801600000421e+01	6.588065726400000699e+01	1.100864660599999922e+01	1.494042620000000099e-01
9.082261035999999876e+01	6.192999608899999942e+01	1.343139174400000080e+01	9.082261035999999876e+01	6.542816397999999367e+01	1.086272415300000027e+01	1.478859909999999944e-01
9.402517429700000662e+01	6.189435669899999937e+01	1.377179255200000085e+01	9.402517429700000662e+01	6.497929774600000030e+01	1.116833119200000013e+01	1.464692049999999912e-01
9.734066623399999685e+01	6.185560178800000131e+01	1.412871865199999988e+01	9.734066623399999685e+01	6.495182799799999884e+01	1.159326433500000064e+01	1.451471330000000115e-01
1.007730682090000016e+02	6.181354314200000033e+01	1.450260034599999948e+01	1.007730682090000016e+02	6.507196579899999733e+01	1.147601489000000008e+01	1.439134539999999962e-01
1.043265026760000040e+02	6.176797640099999853e+01	1.489388815400000077e+01	1.043265026760000040e+02	6.456807246900000052e+01	1.113960741900000073e+01	1.427622679999999977e-01
1.080052374520000029e+02	6.171868003299999828e+01	1.530305337299999913e+01	1.080052374520000029e+02	6.357100088199999988e+01	1.133612593700000026e+01	1.416880670000000009e-01
1.118136908430000034e+02	6.166541422299999908e+01	1.573058865600000011e+01	1.118136908430000034e+02	6.279762111299999816e+01	1.210924860899999977e+01	1.406857119999999906e-01
1.157564369549999981e+02	6.160791965699999650e+01	1.617700861399999823e+01	1.157564369549999981e+02	6.246283784500000280e+01	1.299751106299999925e+01	1.397504019999999958e-01
1.198382111850000058e+02	6.154591621699999848e+01	1.664285045200000113e+01	1.198382111850000058e+02	6.221389114499999806e+01	1.375099061799999944e+01	1.388776610000000133e-01
1.240639159060000054e+02	6.147910155600000337e+01	1.712867462199999835e+01	1.240639159060000054e+02	6.207686373899999666e+01	1.450714425600000013e+01	1.380633079999999957e-01
1.284386263590000112e+02	6.140714956200000074e+01	1.763506550600000011e+01	1.284386263590000112e+02	6.187295986299999839e+01	1.520175218199999989e+01	1.373034419999999978e-01
1.329675967469999875e+02	6.132970868999999681e+01	1.816263212799999849e+01	1.329675967469999875e+02	6.162553042999999775e+01	1.585987146299999928e+01	1.365944229999999926e-01
1.376562665440000046e+02	6.124640016200000048e+01	1.871200889800000056e+01	1.376562665440000046e+02	6.125013102399999809e+01	1.693045371299999857e+01	1.359328519999999929e-01
1.425102670299999943e+02	6.115681601299999670e+01	1.928385637599999924e+01	1.425102670299999943e+02	6.116054936700000155e+01	1.809634609000000083e+01	1.353155590000000019e-01
1.475354280560000007e+02	6.106051698499999958e+01	1.987886208000000110e+01	1.475354280560000007e+02	6.149478832399999817e+01	1.940663042599999955e+01	1.347395829999999961e-01
1.527377850389999878e+02	6.095703024099999823e+01	2.049774131299999880e+01	1.527377850389999878e+02	6.210290214399999797e+01	2.035914393199999850e+01	1.342021640000000127e-01
1.581235862199999929e+02	6.084584689300000093e+01	2.114123803700000082e+01	1.581235862199999929e+02	6.276802856100000128e+01	2.094636467600000174e+01	1.337007239999999930e-01
