1.000000000000000056e-01	2.524720000000000046e-04	1.436109620000000087e-01	1.000000000000000056e-01	-9.378793400000000335e-02	2.055302750000000123e-01	1.436109620999999947e+00
1.027319859999999974e-01	2.664529999999999915e-04	1.475343669999999996e-01	1.027319859999999974e-01	-9.270454100000000142e-02	2.109208539999999910e-01	1.436109356000000004e+00
1.055386100000000049e-01	2.812070000000000064e-04	1.515649560000000007e-01	1.055386100000000049e-01	-9.156470199999999782e-02	2.164400089999999888e-01	1.436109078000000094e+00
1.084219109999999958e-01	2.967779999999999832e-04	1.557056579999999968e-01	1.084219109999999958e-01	-9.036570300000000555e-02	2.220897119999999947e-01	1.436108783000000111e+00
1.113839830000000058e-01	3.132119999999999956e-04	1.599594809999999867e-01	1.113839830000000058e-01	-8.910473300000000541e-02	2.278718680000000052e-01	1.436108472999999996e+00
1.144269779999999986e-01	3.305569999999999863e-04	1.643295150000000093e-01	1.144269779999999986e-01	-8.777887700000000515e-02	2.337882980000000055e-01	1.436108144999999947e+00
1.175531070000000039e-01	3.488620000000000219e-04	1.688189340000000038e-01	1.175531070000000039e-01	-8.638511999999999580e-02	2.398407330000000004e-01	1.436107798999999963e+00
1.207646420000000054e-01	3.681800000000000155e-04	1.734310000000000018e-01	1.207646420000000054e-01	-8.492035100000000503e-02	2.460307949999999966e-01	1.436107433000000100e+00
1.240639159999999963e-01	3.885690000000000129e-04	1.781690639999999881e-01	1.240639159999999963e-01	-8.338135900000000211e-02	2.523599870000000078e-01	1.436107047999999997e+00
1.274533250000000062e-01	4.100870000000000058e-04	1.830365670000000111e-01	1.274533250000000062e-01	-8.176484100000000477e-02	2.588296749999999813e-01	1.436106641000000073e+00
1.309353329999999871e-01	4.327970000000000103e-04	1.880370450000000138e-01	1.309353329999999871e-01	-8.006740900000000605e-02	2.654410759999999980e-01	1.436106211000000021e+00
1.345124679999999961e-01	4.567649999999999814e-04	1.931741299999999995e-01	1.345124679999999961e-01	-7.828559100000000159e-02	2.721952340000000081e-01	1.436105758000000066e+00
1.381873309999999966e-01	4.820599999999999755e-04	1.984515550000000017e-01	1.381873309999999966e-01	-7.641584199999999771e-02	2.790930090000000030e-01	1.436105278999999957e+00
1.419625899999999996e-01	5.087559999999999652e-04	2.038731530000000014e-01	1.419625899999999996e-01	-7.445455400000000612e-02	2.861350520000000008e-01	1.436104773999999917e+00
1.458409880000000047e-01	5.369310000000000402e-04	2.094428620000000074e-01	1.458409880000000047e-01	-7.239806799999999598e-02	2.933217880000000277e-01	1.436104241000000004e+00
1.498253439999999992e-01	5.666659999999999579e-04	2.151647279999999995e-01	1.498253439999999992e-01	-7.024268499999999915e-02	3.006533909999999921e-01	1.436103678000000050e+00
1.539185519999999863e-01	5.980480000000000041e-04	2.210429080000000102e-01	1.539185519999999863e-01	-6.798468700000000198e-02	3.081297669999999989e-01	1.436103083999999974e+00
1.581235860000000104e-01	6.311679999999999851e-04	2.270816710000000127e-01	1.581235860000000104e-01	-6.562035700000000416e-02	3.157505250000000041e-01	1.436102455999999972e+00
1.624435009999999902e-01	6.661230000000000189e-04	2.332854030000000023e-01	1.624435009999999902e-01	-6.314599899999999433e-02	3.235149560000000202e-01	1.436101794000000043e+00
1.668814349999999946e-01	7.030139999999999610e-04	2.396586119999999931e-01	1.668814349999999946e-01	-6.055796799999999674e-02	3.314220099999999891e-01	1.436101094999999939e+00
1.714406139999999912e-01	7.419479999999999782e-04	2.462059269999999911e-01	1.714406139999999912e-01	-5.785269800000000101e-02	3.394702689999999912e-01	1.436100358000000021e+00
1.761243479999999861e-01	7.830390000000000223e-04	2.529321019999999920e-01	1.761243479999999861e-01	-5.502674400000000243e-02	3.476579220000000081e-01	1.436099578999999959e+00
1.809360409999999919e-01	8.264049999999999998e-04	2.598420240000000048e-01	1.809360409999999919e-01	-5.207681499999999852e-02	3.559827449999999893e-01	1.436098756999999893e+00
1.858791890000000002e-01	8.721729999999999587e-04	2.669407109999999972e-01	1.858791890000000002e-01	-4.899982800000000221e-02	3.644420760000000037e-01	1.436097889000000016e+00
1.909573830000000083e-01	9.204769999999999489e-04	2.742333200000000026e-01	1.909573830000000083e-01	-4.579295399999999683e-02	3.730327900000000030e-01	1.436096972999999943e+00
1.961743129999999891e-01	9.714559999999999905e-04	2.817251470000000091e-01	1.961743129999999891e-01	-4.245368100000000006e-02	3.817512889999999937e-01	1.436096006000000092e+00
2.015337690000000015e-01	1.025258000000000029e-03	2.894216339999999832e-01	2.015337690000000015e-01	-3.897987700000000305e-02	3.905934779999999940e-01	1.436094984999999991e+00
2.070396439999999949e-01	1.082040000000000042e-03	2.973283709999999802e-01	2.070396439999999949e-01	-3.536986200000000191e-02	3.995547580000000099e-01	1.436093907999999919e+00
2.126959390000000005e-01	1.141967000000000025e-03	3.054510999999999754e-01	2.126959390000000005e-01	-3.162249200000000204e-02	4.086300179999999838e-01	1.436092769999999907e+00
2.185067629999999927e-01	1.205214000000000025e-03	3.137957200000000002e-01	2.185067629999999927e-01	-2.773724400000000118e-02	4.178136390000000144e-01	1.436091569000000012e+00
2.244763379999999975e-01	1.271963000000000087e-03	3.223682920000000007e-01	2.244763379999999975e-01	-2.371430899999999939e-02	4.270995000000000208e-01	1.436090300999999902e+00
2.306090010000000079e-01	1.342410000000000044e-03	3.311750410000000033e-01	2.306090010000000079e-01	-1.955470000000000125e-02	4.364809980000000089e-01	1.436088962999999996e+00
2.369092070000000105e-01	1.416757999999999950e-03	3.402223630000000276e-01	2.369092070000000105e-01	-1.526035899999999938e-02	4.459510799999999997e-01	1.436087550000000101e+00
2.433815350000000099e-01	1.495224000000000076e-03	3.495168289999999733e-01	2.433815350000000099e-01	-1.083427099999999949e-02	4.555022859999999785e-01	1.436086058000000110e+00
2.500306849999999748e-01	1.578035999999999892e-03	3.590651870000000079e-01	2.500306849999999748e-01	-6.280589999999999958e-03	4.651268170000000257e-01	1.436084482999999912e+00
2.568614900000000256e-01	1.665435000000000049e-03	3.688743720000000059e-01	2.568614900000000256e-01	-1.604760999999999905e-03	4.748166059999999744e-01	1.436082819999999982e+00
2.638789100000000221e-01	1.757674999999999993e-03	3.789515070000000208e-01	2.638789100000000221e-01	3.186352999999999842e-03	4.845634260000000193e-01	1.436081063999999907e+00
2.710880460000000269e-01	1.855022999999999915e-03	3.893039079999999763e-01	2.710880460000000269e-01	8.084347999999999881e-03	4.943590150000000127e-01	1.436079209999999939e+00
2.784941349999999760e-01	1.957762999999999951e-03	3.999390930000000233e-01	2.784941349999999760e-01	1.307915699999999924e-02	5.041952229999999702e-01	1.436077253000000109e+00
2.861025569999999796e-01	2.066193999999999930e-03	4.108647830000000112e-01	2.861025569999999796e-01	1.815894100000000136e-02	5.140641929999999471e-01	1.436075186999999920e+00
2.939188400000000145e-01	2.180629999999999808e-03	4.220889119999999828e-01	2.939188400000000145e-01	2.330999599999999949e-02	5.239585700000000124e-01	1.436073005999999985e+00
3.019486630000000060e-01	2.301403999999999950e-03	4.336196279999999792e-01	3.019486630000000060e-01	2.851667700000000069e-02	5.338717339999999867e-01	1.436070702000000088e+00
3.101978590000000202e-01	2.428867999999999826e-03	4.454653029999999791e-01	3.101978590000000202e-01	3.376135400000000036e-02	5.437980730000000484e-01	1.436068270000000036e+00
3.186724220000000107e-01	2.563390999999999934e-03	4.576345359999999807e-01	3.186724220000000107e-01	3.902440199999999970e-02	5.537332710000000269e-01	1.436065702999999916e+00
3.273785100000000114e-01	2.705364000000000033e-03	4.701361620000000241e-01	3.273785100000000114e-01	4.428424100000000196e-02	5.636746299999999543e-01	1.436062992000000094e+00
3.363224459999999971e-01	2.855200999999999920e-03	4.829792549999999962e-01	3.363224459999999971e-01	4.951742399999999739e-02	5.736214060000000003e-01	1.436060128999999908e+00
3.455107290000000164e-01	3.013337000000000047e-03	4.961731380000000136e-01	3.455107290000000164e-01	5.469879600000000092e-02	5.835751529999999576e-01	1.436057107000000110e+00
3.549500360000000243e-01	3.180230000000000036e-03	5.097273879999999480e-01	3.549500360000000243e-01	5.980172100000000213e-02	5.935400720000000296e-01	1.436053915000000014e+00
3.646472219999999931e-01	3.356366999999999857e-03	5.236518430000000057e-01	3.646472219999999931e-01	6.479838999999999738e-02	6.035233399999999637e-01	1.436050545999999928e+00
3.746093349999999877e-01	3.542258999999999859e-03	5.379566070000000311e-01	3.746093349999999877e-01	6.966022099999999440e-02	6.135353999999999530e-01	1.436046987999999969e+00
3.848436109999999744e-01	3.738445999999999870e-03	5.526520630000000267e-01	3.848436109999999744e-01	7.435834299999999342e-02	6.235902100000000337e-01	1.436043232000000058e+00
3.953574859999999802e-01	3.945498000000000408e-03	5.677488739999999590e-01	3.953574859999999802e-01	7.886416999999999733e-02	6.337053969999999481e-01	1.436039266000000092e+00
4.061585990000000090e-01	4.164018000000000233e-03	5.832579949999999736e-01	4.061585990000000090e-01	8.315005899999999839e-02	6.439023069999999516e-01	1.436035077999999965e+00
4.172547970000000106e-01	4.394638999999999664e-03	5.991906790000000038e-01	4.172547970000000106e-01	8.719003300000000012e-02	6.542059249999999659e-01	1.436030656000000016e+00
4.286541409999999885e-01	4.638032000000000266e-03	6.155584859999999603e-01	4.286541409999999885e-01	9.096055699999999744e-02	6.646446120000000235e-01	1.436025987999999920e+00
4.403649139999999962e-01	4.894904000000000269e-03	6.323732899999999768e-01	4.403649139999999962e-01	9.444132099999999475e-02	6.752496510000000063e-01	1.436021058999999989e+00
4.523956230000000245e-01	5.166002000000000267e-03	6.496472880000000449e-01	4.523956230000000245e-01	9.761600700000000463e-02	6.860545620000000344e-01	1.436015854999999952e+00
4.647550100000000239e-01	5.452112000000000278e-03	6.673930099999999532e-01	4.647550100000000239e-01	1.004729760000000055e-01	6.970941640000000161e-01	1.436010360999999902e+00
4.774520540000000146e-01	5.754066999999999862e-03	6.856233269999999491e-01	4.774520540000000146e-01	1.030058150000000006e-01	7.084033720000000312e-01	1.436004559999999985e+00
4.904959790000000264e-01	6.072743000000000238e-03	7.043514589999999576e-01	4.904959790000000264e-01	1.052136679999999963e-01	7.200157200000000257e-01	1.435998437000000072e+00
5.038962630000000109e-01	6.409065000000000248e-03	7.235909879999999905e-01	5.038962630000000109e-01	1.071012689999999989e-01	7.319616190000000078e-01	1.435991972000000061e+00
5.176626399999999517e-01	6.764011000000000329e-03	7.433558620000000339e-01	5.176626399999999517e-01	1.086785720000000011e-01	7.442663849999999748e-01	1.435985147000000017e+00
5.318051129999999960e-01	7.138613000000000250e-03	7.636604120000000107e-01	5.318051129999999960e-01	1.099598819999999949e-01	7.569480699999999729e-01	1.435977942999999923e+00
5.463339560000000095e-01	7.533955999999999639e-03	7.845193560000000010e-01	5.463339560000000095e-01	1.109623649999999934e-01	7.700151979999999563e-01	1.435970339000000040e+00
5.612597259999999588e-01	7.951190999999999814e-03	8.059478129999999574e-01	5.612597259999999588e-01	1.117038310000000034e-01	7.834644880000000144e-01	1.435962310999999936e+00
5.765932649999999660e-01	8.391528000000000528e-03	8.279613120000000048e-01	5.765932649999999660e-01	1.121996660000000035e-01	7.972787470000000098e-01	1.435953838999999954e+00
5.923457149999999949e-01	8.856245999999999910e-03	8.505758060000000453e-01	5.923457149999999949e-01	1.124588049999999950e-01	8.114251209999999714e-01	1.435944896000000082e+00
6.085285190000000455e-01	9.346695000000000350e-03	8.738076780000000321e-01	6.085285190000000455e-01	1.124786730000000012e-01	8.258539860000000399e-01	1.435935458000000109e+00
6.251534349999999796e-01	9.864298999999999984e-03	8.976737569999999611e-01	6.251534349999999796e-01	1.122390439999999961e-01	8.404988159999999819e-01	1.435925496999999940e+00
6.422325420000000173e-01	1.041056100000000047e-02	9.221913309999999475e-01	6.422325420000000173e-01	1.116948610000000064e-01	8.552774690000000124e-01	1.435914984999999922e+00
6.597782479999999561e-01	1.098706600000000019e-02	9.473781540000000279e-01	6.597782479999999561e-01	1.107681590000000049e-01	8.700954100000000135e-01	1.435903892000000015e+00
6.778032999999999975e-01	1.159548999999999996e-02	9.732524620000000404e-01	6.778032999999999975e-01	1.093394460000000068e-01	8.848514440000000425e-01	1.435892184999999932e+00
6.963207940000000207e-01	1.223759800000000057e-02	9.998329849999999519e-01	6.963207940000000207e-01	1.072391210000000067e-01	8.994466070000000091e-01	1.435879831999999912e+00
7.153441830000000223e-01	1.291525500000000048e-02	1.027138961999999989e+00	7.153441830000000223e-01	1.042398350000000029e-01	9.137967340000000549e-01	1.435866797999999944e+00
7.348872889999999991e-01	1.363042799999999999e-02	1.055190150999999910e+00	7.348872889999999991e-01	1.000511220000000062e-01	9.278490870000000168e-01	1.435853043999999912e+00
7.549643099999999718e-01	1.438519400000000045e-02	1.084006846999999940e+00	7.549643099999999718e-01	9.431794400000000078e-02	9.416029540000000475e-01	1.435838532000000001e+00
7.755898319999999790e-01	1.518174400000000049e-02	1.113609891000000074e+00	7.755898319999999790e-01	8.662511200000000411e-02	9.551334910000000011e-01	1.435823220000000067e+00
7.967788409999999599e-01	1.602239100000000041e-02	1.144020688999999980e+00	7.967788409999999599e-01	7.650951100000000227e-02	9.686171350000000180e-01	1.435807064000000022e+00
8.185467309999999719e-01	1.690957499999999961e-02	1.175261225000000076e+00	8.185467309999999719e-01	6.348160099999999861e-02	9.823558620000000241e-01	1.435790018000000057e+00
8.409093159999999623e-01	1.784587099999999926e-02	1.207354076999999970e+00	8.409093159999999623e-01	4.705655400000000044e-02	9.967965800000000431e-01	1.435772030999999949e+00
8.638828440000000386e-01	1.883399900000000057e-02	1.240322429999999976e+00	8.638828440000000386e-01	2.679368400000000164e-02	1.012541483999999992e+00	1.435753051999999919e+00
8.874840059999999919e-01	1.987682500000000074e-02	1.274190098000000049e+00	8.874840059999999919e-01	2.340646000000000046e-03	1.030345617999999908e+00	1.435733026000000079e+00
9.117299479999999567e-01	2.097737699999999844e-02	1.308981532000000003e+00	9.117299479999999567e-01	-2.652307699999999907e-02	1.051099591000000055e+00	1.435711893999999988e+00
9.366382869999999583e-01	2.213885000000000158e-02	1.344721842000000001e+00	9.366382869999999583e-01	-5.985004099999999966e-02	1.075798234999999936e+00	1.435689594999999930e+00
9.622271169999999652e-01	2.336461299999999935e-02	1.381436816999999984e+00	9.622271169999999652e-01	-9.750214699999999735e-02	1.105499498999999997e+00	1.435666061999999910e+00
9.885150310000000440e-01	2.465822299999999995e-02	1.419152932999999894e+00	9.885150310000000440e-01	-1.391450489999999929e-01	1.141281017999999925e+00	1.435641227000000075e+00
1.015521128000000051e+00	2.602343299999999859e-02	1.457897379999999909e+00	1.015521128000000051e+00	-1.842593449999999911e-01	1.184203520000000065e+00	1.435615016000000077e+00
1.043265026999999900e+00	2.746420299999999953e-02	1.497698076999999905e+00	1.043265026999999900e+00	-2.321635999999999977e-01	1.235289877000000036e+00	1.435587351999999983e+00
1.071766884999999947e+00	2.898471000000000034e-02	1.538583690999999920e+00	1.071766884999999947e+00	-2.820402109999999851e-01	1.295526302999999935e+00	1.435558153999999975e+00
1.101047410999999920e+00	3.058936199999999841e-02	1.580583655999999948e+00	1.101047410999999920e+00	-3.329523229999999945e-01	1.365888734000000104e+00	1.435527334999999960e+00
1.131127876999999948e+00	3.228281200000000101e-02	1.623728191000000098e+00	1.131127876999999948e+00	-3.838382739999999793e-01	1.447393896999999985e+00	1.435494805000000040e+00
1.162030136000000047e+00	3.406996500000000067e-02	1.668048326000000081e+00	1.162030136000000047e+00	-4.334683129999999940e-01	1.541171639000000093e+00	1.435460469999999988e+00
1.193776641999999999e+00	3.595600000000000185e-02	1.713575915999999921e+00	1.193776641999999999e+00	-4.803445040000000055e-01	1.648552446000000060e+00	1.435424229000000107e+00
1.226390456999999934e+00	3.794637900000000230e-02	1.760343666000000029e+00	1.226390456999999934e+00	-5.225162920000000488e-01	1.771159648000000031e+00	1.435385978000000007e+00
1.259895277999999896e+00	4.004686699999999988e-02	1.808385152000000051e+00	1.259895277999999896e+00	-5.572678300000000196e-01	1.910984521000000047e+00	1.435345606999999912e+00
1.294315445000000064e+00	4.226354599999999906e-02	1.857734841999999942e+00	1.294315445000000064e+00	-5.806055799999999545e-01	2.070393163999999953e+00	1.435302999999999995e+00
1.329675967000000014e+00	4.460283400000000092e-02	1.908428116999999924e+00	1.329675967000000014e+00	-5.864360760000000283e-01	2.251941131999999790e+00	1.435258036000000015e+00
1.366002533999999935e+00	4.707150300000000065e-02	1.960501298999999920e+00	1.366002533999999935e+00	-5.652935319999999875e-01	2.457700351000000172e+00	1.435210587000000038e+00
1.403321537999999924e+00	4.967669999999999725e-02	2.013991664999999820e+00	1.403321537999999924e+00	-5.025535930000000207e-01	2.687425762000000162e+00	1.435160517999999996e+00
1.441660090999999921e+00	5.242596699999999693e-02	2.068937479000000135e+00	1.441660090999999921e+00	-3.766133560000000102e-01	2.934179633999999925e+00	1.435107686999999910e+00
1.481046048999999920e+00	5.532726100000000258e-02	2.125378008999999846e+00	1.481046048999999920e+00	-1.595618709999999940e-01	3.175265224999999969e+00	1.435051942000000080e+00
1.521508026000000013e+00	5.838898099999999952e-02	2.183353553999999974e+00	1.521508026000000013e+00	1.719040589999999979e-01	3.358140872999999971e+00	1.434993124000000009e+00
1.563075417999999939e+00	6.161998600000000159e-02	2.242905465999999848e+00	1.563075417999999939e+00	6.023668620000000029e-01	3.394213882999999932e+00	1.434931060000000036e+00
1.605778426000000092e+00	6.502962399999999421e-02	2.304076176999999781e+00	1.605778426000000092e+00	1.029602861000000091e+00	3.200768258000000088e+00	1.434865571000000006e+00
1.649648073999999909e+00	6.862775399999999915e-02	2.366909221999999868e+00	1.649648073999999909e+00	1.285761232999999892e+00	2.803077843000000069e+00	1.434796463000000077e+00
1.694716235000000015e+00	7.242477699999999574e-02	2.431449264999999915e+00	1.694716235000000015e+00	1.277694676000000085e+00	2.360295601999999882e+00	1.434723533999999967e+00
1.741015651999999969e+00	7.643166099999999796e-02	2.497742129000000144e+00	1.741015651999999969e+00	1.062777139999999898e+00	2.027812980000000209e+00	1.434646566999999928e+00
1.788579963000000106e+00	8.065997199999999645e-02	2.565834820000000072e+00	1.788579963000000106e+00	7.559398069999999636e-01	1.855742647000000023e+00	1.434565338000000079e+00
1.837443724999999972e+00	8.512190899999999560e-02	2.635775558000000185e+00	1.837443724999999972e+00	4.376674950000000175e-01	1.821537568000000107e+00	1.434479609999999905e+00
1.887642437000000006e+00	8.983033699999999622e-02	2.707613804000000179e+00	1.887642437000000006e+00	1.427432120000000082e-01	1.887563126000000091e+00	1.434389136000000065e+00
1.939212571999999968e+00	9.479882700000000217e-02	2.781400291000000191e+00	1.939212571999999968e+00	-1.198105790000000004e-01	2.026028516999999862e+00	1.434293655999999917e+00
1.992191596000000064e+00	1.000416969999999989e-01	2.857187047000000035e+00	1.992191596000000064e+00	-3.502074410000000082e-01	2.222624133000000057e+00	1.434192901999999936e+00
2.046617998999999966e+00	1.055740520000000016e-01	2.935027427000000078e+00	2.046617998999999966e+00	-5.486935120000000499e-01	2.474285306000000073e+00	1.434086589999999939e+00
2.102531325000000173e+00	1.114118340000000013e-01	3.014976133999999863e+00	2.102531325000000173e+00	-7.093526799999999577e-01	2.786616639000000006e+00	1.433974418000000028e+00
2.159972194999999928e+00	1.175718619999999992e-01	3.097089240999999937e+00	2.159972194999999928e+00	-8.125658959999999542e-01	3.170484388000000209e+00	1.433856068999999955e+00
2.218982340999999803e+00	1.240718789999999960e-01	3.181424219000000164e+00	2.218982340999999803e+00	-8.131992580000000359e-01	3.631726483000000005e+00	1.433731201999999927e+00
2.279604636999999823e+00	1.309305950000000107e-01	3.268039958000000134e+00	2.279604636999999823e+00	-6.310003069999999825e-01	4.138017482000000413e+00	1.433599451999999941e+00
2.341883125999999926e+00	1.381677350000000137e-01	3.356996799000000031e+00	2.341883125999999926e+00	-1.910785720000000021e-01	4.551046091999999987e+00	1.433460433000000034e+00
2.405863055000000195e+00	1.458040840000000005e-01	3.448356561000000209e+00	2.405863055000000195e+00	4.058282229999999879e-01	4.633589491999999588e+00	1.433313735000000033e+00
2.471590905999999865e+00	1.538615479999999869e-01	3.542182581000000052e+00	2.471590905999999865e+00	8.142430680000000143e-01	4.350777317999999561e+00	1.433158930999999914e+00
2.539114434000000031e+00	1.623632120000000068e-01	3.638539747999999907e+00	2.539114434000000031e+00	8.493216770000000526e-01	4.012821620999999617e+00	1.432995575000000077e+00
2.608482695000000184e+00	1.713334179999999873e-01	3.737494535000000173e+00	2.608482695000000184e+00	6.554695630000000328e-01	3.872967297000000197e+00	1.432823205000000044e+00
2.679746086999999832e+00	1.807978440000000131e-01	3.839115024999999903e+00	2.679746086999999832e+00	4.268692590000000009e-01	3.976197292000000161e+00	1.432641339999999985e+00
2.752956386000000144e+00	1.907835840000000061e-01	3.943470921999999934e+00	2.752956386000000144e+00	3.027479269999999723e-01	4.290837734000000125e+00	1.432449472000000057e+00
2.828166780000000102e+00	2.013192269999999895e-01	4.050633557000000273e+00	2.828166780000000102e+00	4.326256629999999936e-01	4.750218273999999852e+00	1.432247059999999905e+00
2.905431912000000061e+00	2.124349170000000009e-01	4.160675894999999791e+00	2.905431912000000061e+00	9.986152990000000118e-01	5.117796942000000016e+00	1.432033522000000003e+00
2.984807916999999922e+00	2.241624100000000064e-01	4.273672555000000095e+00	2.984807916999999922e+00	1.844446008000000026e+00	4.844610001999999582e+00	1.431808235000000096e+00
3.066352462999999862e+00	2.365351390000000054e-01	4.389699842999999824e+00	3.066352462999999862e+00	2.096241806000000096e+00	3.900902896999999925e+00	1.431570537000000032e+00
3.150124796000000060e+00	2.495882969999999867e-01	4.508835805999999558e+00	3.150124796000000060e+00	1.561626656999999918e+00	3.189451161000000035e+00	1.431319741000000034e+00
3.236185777000000208e+00	2.633589530000000067e-01	4.631160280999999657e+00	3.236185777000000208e+00	8.232658229999999522e-01	3.001305069999999908e+00	1.431055136999999977e+00
3.324597932000000089e+00	2.778861959999999742e-01	4.756754914000000056e+00	3.324597932000000089e+00	1.549899979999999899e-01	3.149755183999999986e+00	1.430775995000000078e+00
3.415425496000000116e+00	2.932112769999999924e-01	4.885703137000000140e+00	3.415425496000000116e+00	-4.125500819999999846e-01	3.504489362999999802e+00	1.430481544000000049e+00
3.508734456000000002e+00	3.093777140000000259e-01	5.018090122000000264e+00	3.508734456000000002e+00	-8.807506830000000342e-01	4.038087926000000216e+00	1.430170959000000019e+00
3.604592604000000033e+00	3.264313460000000111e-01	5.154002743999999581e+00	3.604592604000000033e+00	-1.192086116999999890e+00	4.770662390000000030e+00	1.429843344000000016e+00
3.703069584000000081e+00	3.444203820000000249e-01	5.293529614999999744e+00	3.703069584000000081e+00	-1.182316318999999893e+00	5.652734166000000116e+00	1.429497744000000070e+00
3.804236942000000177e+00	3.633954870000000170e-01	5.436761169000000393e+00	3.804236942000000177e+00	-7.572413569999999483e-01	6.370969173999999846e+00	1.429133162000000068e+00
3.908168177999999937e+00	3.834099870000000077e-01	5.583789752999999578e+00	3.908168177999999937e+00	-3.106113180000000251e-01	6.668565131000000257e+00	1.428748584999999904e+00
4.014938800999999557e+00	4.045201259999999799e-01	5.734709601999999684e+00	4.014938800999999557e+00	-1.830712549999999883e-01	6.946990311999999612e+00	1.428342967999999935e+00
4.124626382999999841e+00	4.267852710000000216e-01	5.889616700000000371e+00	4.124626382999999841e+00	-3.421220299999999659e-02	7.655462648000000314e+00	1.427915197999999997e+00
4.237310615000000169e+00	4.502679660000000195e-01	6.048608626000000044e+00	4.237310615000000169e+00	9.249301009999999490e-01	8.634664088999999265e+00	1.427464062999999950e+00
4.353073365000000194e+00	4.750338920000000131e-01	6.211784557999999734e+00	4.353073365000000194e+00	2.846974356000000039e+00	8.376910353999999614e+00	1.426988254000000067e+00
4.471998736999999835e+00	5.011519589999999802e-01	6.379245459999999923e+00	4.471998736999999835e+00	3.423631963000000056e+00	6.685580498000000205e+00	1.426486418000000089e+00
4.594173135000000130e+00	5.286946620000000374e-01	6.551094219000000329e+00	4.594173135000000130e+00	2.711456810000000051e+00	5.792319296999999700e+00	1.425957190999999957e+00
4.719685319999999962e+00	5.577385270000000395e-01	6.727435482999999827e+00	4.719685319999999962e+00	2.093705491999999779e+00	5.762976498999999642e+00	1.425399158000000055e+00
4.848626481000000155e+00	5.883642709999999942e-01	6.908375267000000264e+00	4.848626481000000155e+00	1.958032707000000094e+00	5.917496144000000236e+00	1.424810778000000111e+00
4.981090296999999723e+00	6.206566060000000551e-01	7.094020798999999933e+00	4.981090296999999723e+00	1.956158306999999930e+00	5.682443948000000411e+00	1.424190362999999904e+00
5.117173006999999885e+00	6.547042010000000412e-01	7.284480837000000264e+00	5.117173006999999885e+00	1.453224559999999999e+00	5.329755076999999730e+00	1.423536165000000020e+00
5.256973477999999922e+00	6.906002449999999460e-01	7.479865969999999642e+00	5.256973477999999922e+00	6.451753529999999515e-01	5.443874109000000239e+00	1.422846435000000076e+00
5.400593278999999747e+00	7.284431719999999721e-01	7.680288221999999720e+00	5.400593278999999747e+00	-1.205183100000000070e-02	6.064678851000000037e+00	1.422119353000000030e+00
5.548136752999999644e+00	7.683366390000000434e-01	7.885860304999999570e+00	5.548136752999999644e+00	-1.687082759999999904e-01	6.919013439000000432e+00	1.421352908000000026e+00
5.699711094000000422e+00	8.103889819999999800e-01	8.096695674999999426e+00	5.699711094000000422e+00	4.527490299999999829e-02	7.371806596999999961e+00	1.420544926000000041e+00
5.855426426000000184e+00	8.547135409999999656e-01	8.312909297999999225e+00	5.855426426000000184e+00	-1.954736360000000062e-01	7.613490543000000166e+00	1.419693236999999941e+00
6.015395879999999806e+00	9.014299220000000501e-01	8.534617470000000594e+00	6.015395879999999806e+00	-5.797635859999999974e-01	8.619008083000000653e+00	1.418795644000000022e+00
6.179735678000000121e+00	9.506642400000000492e-01	8.761936497000000656e+00	6.179735678000000121e+00	5.036033359999999570e-01	1.012084706499999953e+01	1.417849718999999897e+00
6.348565215999999900e+00	1.002548036000000087e+00	8.994982538000000361e+00	6.348565215999999900e+00	2.207472666000000139e+00	9.082473517000000385e+00	1.416852820999999985e+00
6.522007154999999834e+00	1.057218658000000033e+00	9.233872929000000340e+00	6.522007154999999834e+00	1.305147086000000067e+00	7.927725455000000032e+00	1.415802329999999998e+00
6.700187503999999628e+00	1.114821209999999896e+00	9.478725657000000027e+00	6.700187503999999628e+00	1.333352379999999948e-01	8.458775276000000787e+00	1.414695582000000007e+00
6.883235714999999644e+00	1.175508196000000005e+00	9.729657281999999796e+00	6.883235714999999644e+00	2.321547100000000141e-02	9.630218687999999361e+00	1.413529578999999980e+00
7.071284778999999965e+00	1.239437885000000072e+00	9.986783783999999997e+00	7.071284778999999965e+00	2.703238620000000259e-01	9.997223202000000697e+00	1.412301172000000049e+00
7.264471318000000011e+00	1.306776313000000078e+00	1.025022206200000063e+01	7.264471318000000011e+00	-1.775703540000000136e-01	1.093786753000000012e+01	1.411007300000000075e+00
7.462935685999999791e+00	1.377698926000000101e+00	1.052008719100000000e+01	7.462935685999999791e+00	1.340742748999999900e+00	1.276896805199999996e+01	1.409644627000000039e+00
7.666822074999999792e+00	1.452387762999999943e+00	1.079649157000000059e+01	7.666822074999999792e+00	3.099981382000000174e+00	1.094237538900000040e+01	1.408209486000000066e+00
7.876278611000000041e+00	1.531032544000000106e+00	1.107954797300000038e+01	7.876278611000000041e+00	1.663058221000000003e+00	1.017851881600000041e+01	1.406698329999999997e+00
8.091457472000000095e+00	1.613833991999999995e+00	1.136936668499999925e+01	8.091457472000000095e+00	1.208407921999999912e+00	1.122880950100000064e+01	1.405107389000000095e+00
8.312514990000000381e+00	1.701000062999999951e+00	1.166605343800000050e+01	8.312514990000000381e+00	1.440978721000000018e+00	1.116068382299999939e+01	1.403432468999999960e+00
8.539611769000000407e+00	1.792747072000000053e+00	1.196971371300000087e+01	8.539611769000000407e+00	3.825955079999999731e-01	1.176883025000000060e+01	1.401669542000000046e+00
8.772912802000000454e+00	1.889303699999999919e+00	1.228044840999999998e+01	8.772912802000000454e+00	1.022166343000000088e+00	1.334936557199999996e+01	1.399814255999999979e+00
9.012587587000000511e+00	1.990905367999999953e+00	1.259835275600000060e+01	9.012587587000000511e+00	1.033381177000000095e+00	1.277484135199999926e+01	1.397861894000000049e+00
9.258810254000000128e+00	2.097798388000000180e+00	1.292352089499999934e+01	9.258810254000000128e+00	-4.047622610000000121e-01	1.489328421899999988e+01	1.395807943000000106e+00
9.511759690999999961e+00	2.210241036999999853e+00	1.325603823700000028e+01	9.511759690999999961e+00	2.617778448999999785e+00	1.735878548000000166e+01	1.393647303000000059e+00
9.771619673000000006e+00	2.328498117000000089e+00	1.359598605200000065e+01	9.771619673000000006e+00	3.677025653999999921e+00	1.675802069199999877e+01	1.391374869999999930e+00
1.003857899399999987e+01	2.452849442999999852e+00	1.394343980100000024e+01	1.003857899399999987e+01	6.634950285999999586e+00	1.646637463100000076e+01	1.388985413999999974e+00
1.031283160699999968e+01	2.583581904999999956e+00	1.429846445499999952e+01	1.031283160699999968e+01	5.352082067999999637e+00	1.391786804800000077e+01	1.386473182000000026e+00
1.059457676399999926e+01	2.720995226999999961e+00	1.466112153399999940e+01	1.059457676399999926e+01	5.485341187000000396e+00	1.553799764699999919e+01	1.383832678000000094e+00
1.088401916099999944e+01	2.865400038000000205e+00	1.503145816900000042e+01	1.088401916099999944e+01	6.008446121999999612e+00	1.361492350900000048e+01	1.381057672000000069e+00
1.118136908399999996e+01	3.017116269000000184e+00	1.540951697600000081e+01	1.118136908399999996e+01	5.255383973999999903e+00	1.412482792199999970e+01	1.378142235000000104e+00
1.148684256700000006e+01	3.176477929999999894e+00	1.579532467299999965e+01	1.148684256700000006e+01	4.472108099999999808e+00	1.304753017400000026e+01	1.375079756000000097e+00
1.180066154400000045e+01	3.343826046999999857e+00	1.618890079499999857e+01	1.180066154400000045e+01	2.936201050000000201e+00	1.527195059099999952e+01	1.371863834000000004e+00
1.212305401300000085e+01	3.519516970000000189e+00	1.659024749299999968e+01	1.212305401300000085e+01	3.860123289000000124e+00	1.576287933899999949e+01	1.368487468000000096e+00
1.245425420099999947e+01	3.703913254000000155e+00	1.699935753899999824e+01	1.245425420099999947e+01	4.474231352000000328e+00	1.867087644600000118e+01	1.364943838999999937e+00
1.279450273199999977e+01	3.897392074999999956e+00	1.741620347099999933e+01	1.279450273199999977e+01	6.677781427000000214e+00	1.640706532000000095e+01	1.361225506999999890e+00
1.314404680700000050e+01	4.100337601999999748e+00	1.784074728599999915e+01	1.314404680700000050e+01	7.658321327000000345e+00	1.646278464399999919e+01	1.357325300999999929e+00
1.350314037899999953e+01	4.313145299000000321e+00	1.827292699799999909e+01	1.350314037899999953e+01	5.549480342999999927e+00	1.424249295199999921e+01	1.353235356999999972e+00
1.387204433800000025e+01	4.536220758999999880e+00	1.871266824699999987e+01	1.387204433800000025e+01	5.058171895000000085e+00	1.493192070099999924e+01	1.348948127999999969e+00
1.425102670300000085e+01	4.769974721999999723e+00	1.915987122700000000e+01	1.425102670300000085e+01	2.477811441000000059e+00	1.589014278299999994e+01	1.344455500000000026e+00
1.464036281499999959e+01	5.014831513999999935e+00	1.961441720699999891e+01	1.464036281499999959e+01	2.190934731000000024e+00	1.707766563099999857e+01	1.339749394000000038e+00
1.504033553600000062e+01	5.271216874000000274e+00	2.007616594199999938e+01	1.504033553600000062e+01	1.108276953999999925e+00	2.178332314700000083e+01	1.334821679999999899e+00
1.545123545799999931e+01	5.539565793000000404e+00	2.054494837200000035e+01	1.545123545799999931e+01	2.168672067000000148e+00	2.418563278999999966e+01	1.329663795000000093e+00
1.587336110999999939e+01	5.820319738000000243e+00	2.102057477500000005e+01	1.587336110999999939e+01	9.591548426999999322e+00	2.457631203500000083e+01	1.324267408000000090e+00
1.630701917700000081e+01	6.113919615000000363e+00	2.150282696000000016e+01	1.630701917700000081e+01	1.245611143400000032e+01	2.351089672999999891e+01	1.318624006000000071e+00
1.675252472400000059e+01	6.420811817999999782e+00	2.199145559500000147e+01	1.675252472400000059e+01	9.578565168000000796e+00	2.056656403099999864e+01	1.312724854999999913e+00
1.721020142200000080e+01	6.741444918000000008e+00	2.248618506900000114e+01	1.721020142200000080e+01	8.750734233999999390e+00	1.890049997299999873e+01	1.306561411999999978e+00
1.768038178500000157e+01	7.076263585000000411e+00	2.298670912800000110e+01	1.768038178500000157e+01	9.476906616999999144e+00	2.047605356500000084e+01	1.300125156000000004e+00
1.816340741100000145e+01	7.425709900000000196e+00	2.349268682599999991e+01	1.816340741100000145e+01	9.499671364999999312e+00	2.255213463500000159e+01	1.293407470000000004e+00
1.865962923200000034e+01	7.790223129000000135e+00	2.400374412900000110e+01	1.865962923200000034e+01	8.787623419000000879e+00	2.175732735300000087e+01	1.286399843999999959e+00
1.916940776499999899e+01	8.170235382999999629e+00	2.451947421799999915e+01	1.916940776499999899e+01	8.143627149000000287e+00	2.020660186199999941e+01	1.279093988000000071e+00
1.969311337899999970e+01	8.566168079000000546e+00	2.503943516000000002e+01	1.969311337899999970e+01	7.642352240000000130e+00	2.075893293600000078e+01	1.271481795999999997e+00
2.023112655899999979e+01	8.978430115000000100e+00	2.556314820900000129e+01	2.023112655899999979e+01	7.955597426999999833e+00	2.366243796399999866e+01	1.263555350000000077e+00
2.078383818600000055e+01	9.407415791000000027e+00	2.609009753799999842e+01	2.078383818600000055e+01	9.761174897000000072e+00	2.707760706499999870e+01	1.255306999000000090e+00
2.135164981899999859e+01	9.853501786000000706e+00	2.661973032399999894e+01	2.135164981899999859e+01	1.316732919799999912e+01	2.832126794399999881e+01	1.246729434999999997e+00
2.193497398899999951e+01	1.031704371100000017e+01	2.715145665500000050e+01	2.193497398899999951e+01	1.422341533300000016e+01	2.611593841799999893e+01	1.237815767000000067e+00
2.253423449599999984e+01	1.079837266100000015e+01	2.768464944999999844e+01	2.253423449599999984e+01	1.251715028499999960e+01	2.508691604799999908e+01	1.228559570000000045e+00
2.314986671899999848e+01	1.129779176799999973e+01	2.821864465299999836e+01	2.314986671899999848e+01	1.148516500700000087e+01	2.633233103199999903e+01	1.218954950999999953e+00
2.378231793000000138e+01	1.181557269300000002e+01	2.875274177800000075e+01	2.378231793000000138e+01	1.240982237699999935e+01	2.725613483400000092e+01	1.208996611000000110e+00
2.443204762199999891e+01	1.235195199099999996e+01	2.928620481400000131e+01	2.443204762199999891e+01	1.343455103500000014e+01	2.790060186699999889e+01	1.198679916999999984e+00
2.509952784100000045e+01	1.290712735700000025e+01	2.981826347599999849e+01	2.509952784100000045e+01	1.458175372900000077e+01	2.713961912299999923e+01	1.188000971999999988e+00
2.578524352899999883e+01	1.348125379300000048e+01	3.034811486499999944e+01	2.578524352899999883e+01	1.475105948200000050e+01	2.702216117700000098e+01	1.176956689999999917e+00
2.648969287599999944e+01	1.407443975400000014e+01	3.087492562099999915e+01	2.648969287599999944e+01	1.484896415100000056e+01	2.685723587000000023e+01	1.165544869000000094e+00
2.721338768400000063e+01	1.468674357199999925e+01	3.139783461300000056e+01	2.721338768400000063e+01	1.494546397300000073e+01	2.664452178399999838e+01	1.153764279000000004e+00
2.795685373499999926e+01	1.531817037399999926e+01	3.191595574000000113e+01	2.795685373499999926e+01	1.446127486900000036e+01	2.751351744300000135e+01	1.141614719999999972e+00
2.872063117800000143e+01	1.596866885200000041e+01	3.242838015200000257e+01	2.872063117800000143e+01	1.540740034499999922e+01	2.804500316300000051e+01	1.129097057000000071e+00
2.950527491700000127e+01	1.663812619200000142e+01	3.293417905500000131e+01	2.950527491700000127e+01	1.632643655600000088e+01	2.712914401700000155e+01	1.116213257999999930e+00
3.031135501600000026e+01	1.732636327100000173e+01	3.343241066499999903e+01	3.031135501600000026e+01	1.417555157900000040e+01	2.554486636100000041e+01	1.102966550000000101e+00
3.113945711299999886e+01	1.803313667800000175e+01	3.392212700500000011e+01	3.113945711299999886e+01	1.039596052399999948e+01	2.796276859099999967e+01	1.089361542000000016e+00
3.199018284799999989e+01	1.875813756899999873e+01	3.440237072499999726e+01	3.199018284799999989e+01	1.024711729500000068e+01	3.352674877100000117e+01	1.075404003999999913e+00
3.286415029399999810e+01	1.950097821800000020e+01	3.487218375999999864e+01	3.286415029399999810e+01	1.262869308500000010e+01	3.706333505300000297e+01	1.061101030999999972e+00
3.376199441100000342e+01	2.026120322799999940e+01	3.533062243199999841e+01	3.376199441100000342e+01	1.831796317699999932e+01	4.344675723799999645e+01	1.046461354999999926e+00
3.468436750800000112e+01	2.103828390400000004e+01	3.577674368200000288e+01	3.468436750800000112e+01	2.730062165900000082e+01	3.483154267599999798e+01	1.031494769999999894e+00
3.563193971199999766e+01	2.183161112499999845e+01	3.620963425099999711e+01	3.563193971199999766e+01	2.415865711900000079e+01	3.231020789400000126e+01	1.016212829000000095e+00
3.660539946000000100e+01	2.264050909099999842e+01	3.662839462099999821e+01	3.660539946000000100e+01	2.147102913699999860e+01	2.915843687599999967e+01	1.000628190000000028e+00
3.760545399699999791e+01	2.346422078799999866e+01	3.703216788099999945e+01	3.760545399699999791e+01	1.990598788300000166e+01	3.418077747699999946e+01	9.847552400000000317e-01
3.863282988699999976e+01	2.430191930000000156e+01	3.742012284599999816e+01	3.863282988699999976e+01	1.983416939099999965e+01	3.522785812800000116e+01	9.686094170000000281e-01
3.968827354599999779e+01	2.515271017099999895e+01	3.779148281599999848e+01	3.968827354599999779e+01	2.551362232800000029e+01	3.481792896999999698e+01	9.522077789999999764e-01
4.077255178299999727e+01	2.601562298099999992e+01	3.814551839599999994e+01	4.077255178299999727e+01	2.662522538600000033e+01	3.510811274200000298e+01	9.355685809999999547e-01
4.188645235399999933e+01	2.688962719399999912e+01	3.848155389899999790e+01	4.188645235399999933e+01	2.369925496500000150e+01	3.379136362599999899e+01	9.187112240000000485e-01
4.303078453700000239e+01	2.777363236900000132e+01	3.879898060299999685e+01	4.303078453700000239e+01	2.216263717900000074e+01	3.270481331500000266e+01	9.016563610000000173e-01
4.420637972000000104e+01	2.866648929799999834e+01	3.909725922500000195e+01	4.420637972000000104e+01	2.232336761899999900e+01	3.342242806299999813e+01	8.844257199999999708e-01
4.541409200399999690e+01	2.956699710599999875e+01	3.937592351800000046e+01	4.541409200399999690e+01	2.276702877500000000e+01	3.509549165300000340e+01	8.670419639999999983e-01
4.665479882199999651e+01	3.047390993699999839e+01	3.963458592900000355e+01	4.665479882199999651e+01	2.397392791300000070e+01	3.782331856900000133e+01	8.495285999999999671e-01
4.792940158300000064e+01	3.138594298099999946e+01	3.987294239100000226e+01	4.792940158300000064e+01	2.670337765900000093e+01	3.848838753300000093e+01	8.319098729999999664e-01
4.923882631699999735e+01	3.230177904600000005e+01	4.009077600700000232e+01	4.923882631699999735e+01	2.742277469500000109e+01	3.892894932299999766e+01	8.142106340000000442e-01
5.058402435699999700e+01	3.322007599999999883e+01	4.028795984399999952e+01	5.058402435699999700e+01	2.926853739199999893e+01	3.943321324099999714e+01	7.964561999999999475e-01
5.196597302499999671e+01	3.413947444800000142e+01	4.046445821199999671e+01	5.196597302499999671e+01	3.078665418299999956e+01	3.958251598799999726e+01	7.786721939999999842e-01
5.338567634199999645e+01	3.505860350599999720e+01	4.062032723400000123e+01	5.338567634199999645e+01	3.273395617900000332e+01	3.700427811800000200e+01	7.608843800000000268e-01
5.484416576099999929e+01	3.597608711800000236e+01	4.075571961100000351e+01	5.484416576099999929e+01	2.951523001900000054e+01	3.594608999700000140e+01	7.431185989999999908e-01
5.634250091300000207e+01	3.689056034699999742e+01	4.087088448499999771e+01	5.634250091300000207e+01	2.918167209199999945e+01	3.957634881100000257e+01	7.254006090000000295e-01
5.788177037700000227e+01	3.780066906799999771e+01	4.096615411100000159e+01	5.788177037700000227e+01	3.169473398999999958e+01	3.890892665700000208e+01	7.077557209999999488e-01
5.946309247399999975e+01	3.870507457800000140e+01	4.104196357000000006e+01	5.946309247399999975e+01	3.049289826300000072e+01	4.098375926300000316e+01	6.902090330000000273e-01
6.108761607499999968e+01	3.960247431999999890e+01	4.109882496600000223e+01	6.108761607499999968e+01	3.249082264100000117e+01	3.910444727699999845e+01	6.727848880000000253e-01
6.275652144000000021e+01	4.049159323100000307e+01	4.113734728000000018e+01	6.275652144000000021e+01	3.320319789999999927e+01	4.207321212499999774e+01	6.555071300000000489e-01
6.447102107300000284e+01	4.137119767899999800e+01	4.115821016200000315e+01	6.447102107300000284e+01	3.127350707400000118e+01	4.254495218899999998e+01	6.383986090000000058e-01
6.623236060300000361e+01	4.224010551399999969e+01	4.116217534100000108e+01	6.623236060300000361e+01	3.212676942499999910e+01	4.219990288099999987e+01	6.214813270000000278e-01
6.804181968899999333e+01	4.309718281300000342e+01	4.115007759000000220e+01	6.804181968899999333e+01	3.414204419400000035e+01	4.290743818600000026e+01	6.047762650000000351e-01
6.990071295200000634e+01	4.394135213300000231e+01	4.112281630999999749e+01	6.990071295200000634e+01	3.575782015299999728e+01	4.382811415700000168e+01	5.883032459999999464e-01
7.181039092499999299e+01	4.477159757199999746e+01	4.108135157600000298e+01	7.181039092499999299e+01	3.665455940199999674e+01	4.471454148600000167e+01	5.720808790000000421e-01
7.377224104200000454e+01	4.558696776800000094e+01	4.102669869300000016e+01	7.377224104200000454e+01	3.722460426800000022e+01	4.615890427800000140e+01	5.561265069999999922e-01
7.578768863599999861e+01	4.638657908199999724e+01	4.095992120700000072e+01	7.578768863599999861e+01	3.901821600800000311e+01	4.868128047199999742e+01	5.404561340000000325e-01
7.785819798500000388e+01	4.716961609300000191e+01	4.088212251800000274e+01	7.785819798500000388e+01	4.364892213299999923e+01	4.859960195600000077e+01	5.250843659999999691e-01
7.998527336799999432e+01	4.793532962599999792e+01	4.079444439099999897e+01	7.998527336799999432e+01	4.304569851400000147e+01	4.577251383000000118e+01	5.100244419999999668e-01
8.217046016099999406e+01	4.868304956099999714e+01	4.069806033100000064e+01	8.217046016099999406e+01	4.512527338299999968e+01	4.934543592899999709e+01	4.952882120000000055e-01
8.441534595999999624e+01	4.941216846799999729e+01	4.059415814700000169e+01	8.441534595999999624e+01	4.591916662599999910e+01	4.666043300199999777e+01	4.808860010000000074e-01
8.672156173400000512e+01	5.012215687999999858e+01	4.048395245799999742e+01	8.672156173400000512e+01	5.030479811400000045e+01	4.575940965299999874e+01	4.668268380000000217e-01
8.909078300900000613e+01	5.081254625700000105e+01	4.036866376100000053e+01	8.909078300900000613e+01	4.909984320899999943e+01	4.633845936899999884e+01	4.531182959999999760e-01
9.152473108799999579e+01	5.148294108200000352e+01	4.024951721699999752e+01	9.152473108799999579e+01	4.729156798000000350e+01	4.591402183099999945e+01	4.397665720000000222e-01
9.402517429700000662e+01	5.213301031900000027e+01	4.012774089500000230e+01	9.402517429700000662e+01	4.722920718900000026e+01	4.696049804900000169e+01	4.267765649999999966e-01
9.659392927400000417e+01	5.276248477099999690e+01	4.000455774000000275e+01	9.659392927400000417e+01	4.910730540200000149e+01	4.808877536699999666e+01	4.141518829999999984e-01
9.923286228800000686e+01	5.337115453999999914e+01	3.988118083500000211e+01	9.923286228800000686e+01	5.125557696599999957e+01	4.714207392600000190e+01	4.018948960000000015e-01
1.019438905939999955e+02	5.395886466799999681e+01	3.975881171500000022e+01	1.019438905939999955e+02	5.111683332599999829e+01	4.691693102499999668e+01	3.900068110000000088e-01
1.047289838239999966e+02	5.452551761800000207e+01	3.963863714099999669e+01	1.047289838239999966e+02	5.273842025799999789e+01	4.898931801799999874e+01	3.784877469999999855e-01
1.075901654219999983e+02	5.507106066400000088e+01	3.952181659400000058e+01	1.075901654219999983e+02	5.436496831800000251e+01	4.680041289599999743e+01	3.673367029999999867e-01
