1.000000000000000056e-01	3.250813790000000036e-01	2.626048460000000029e-01	1.000000000000000056e-01	2.575118419999999908e-01	3.054065559999999957e-01	2.626048463000000055e+00
1.027319859999999974e-01	3.266570650000000242e-01	2.695095399999999919e-01	1.027319859999999974e-01	2.597740370000000132e-01	3.133958920000000092e-01	2.623423820000000184e+00
1.055386100000000049e-01	3.283178079999999888e-01	2.765796389999999882e-01	1.055386100000000049e-01	2.621608400000000061e-01	3.215720249999999836e-01	2.620648861999999912e+00
1.084219109999999958e-01	3.300680300000000122e-01	2.838176370000000115e-01	1.084219109999999958e-01	2.646789909999999746e-01	3.299371830000000227e-01	2.617714764000000027e+00
1.113839830000000058e-01	3.319123600000000174e-01	2.912259159999999736e-01	1.113839830000000058e-01	2.673355700000000224e-01	3.384933829999999810e-01	2.614612165000000044e+00
1.144269779999999986e-01	3.338556349999999839e-01	2.988067309999999921e-01	1.144269779999999986e-01	2.701380110000000112e-01	3.472423980000000077e-01	2.611331138999999801e+00
1.175531070000000039e-01	3.359029110000000262e-01	3.065621829999999881e-01	1.175531070000000039e-01	2.730941120000000000e-01	3.561857210000000107e-01	2.607861159000000040e+00
1.207646420000000054e-01	3.380594630000000045e-01	3.144942020000000005e-01	1.207646420000000054e-01	2.762120450000000171e-01	3.653245259999999828e-01	2.604191056999999976e+00
1.240639159999999963e-01	3.403307939999999920e-01	3.226045160000000078e-01	1.240639159999999963e-01	2.795003710000000252e-01	3.746596220000000255e-01	2.600308993000000068e+00
1.274533250000000062e-01	3.427226329999999987e-01	3.308946300000000229e-01	1.274533250000000062e-01	2.829680439999999741e-01	3.841914049999999858e-01	2.596202407999999906e+00
1.309353329999999871e-01	3.452409390000000244e-01	3.393657880000000016e-01	1.309353329999999871e-01	2.866244210000000181e-01	3.939198050000000118e-01	2.591857987000000030e+00
1.345124679999999961e-01	3.478918999999999762e-01	3.480189450000000240e-01	1.345124679999999961e-01	2.904792629999999876e-01	4.038442219999999749e-01	2.587261611999999822e+00
1.381873309999999966e-01	3.506819310000000023e-01	3.568547300000000089e-01	1.381873309999999966e-01	2.945427420000000240e-01	4.139634660000000022e-01	2.582398319999999803e+00
1.419625899999999996e-01	3.536176719999999940e-01	3.658734049999999849e-01	1.419625899999999996e-01	2.988254329999999737e-01	4.242756799999999884e-01	2.577252257000000046e+00
1.458409880000000047e-01	3.567059770000000074e-01	3.750748199999999755e-01	1.458409880000000047e-01	3.033383130000000261e-01	4.347782620000000264e-01	2.571806625999999873e+00
1.498253439999999992e-01	3.599539070000000174e-01	3.844583719999999927e-01	1.498253439999999992e-01	3.080927450000000012e-01	4.454677770000000092e-01	2.566043644000000068e+00
1.539185519999999863e-01	3.633687150000000088e-01	3.940229499999999829e-01	1.539185519999999863e-01	3.131004589999999976e-01	4.563398619999999850e-01	2.559944489999999906e+00
1.581235860000000104e-01	3.669578270000000142e-01	4.037668790000000230e-01	1.581235860000000104e-01	3.183735280000000167e-01	4.673891210000000185e-01	2.553489261000000177e+00
1.624435009999999902e-01	3.707288189999999872e-01	4.136878660000000152e-01	1.624435009999999902e-01	3.239243299999999826e-01	4.786090100000000014e-01	2.546656919000000130e+00
1.668814349999999946e-01	3.746893849999999859e-01	4.237829309999999738e-01	1.668814349999999946e-01	3.297654970000000185e-01	4.899917149999999944e-01	2.539425252000000022e+00
1.714406139999999912e-01	3.788473010000000252e-01	4.340483439999999749e-01	1.714406139999999912e-01	3.359098540000000077e-01	5.015280210000000460e-01	2.531770829000000056e+00
1.761243479999999861e-01	3.832103789999999899e-01	4.444795500000000010e-01	1.761243479999999861e-01	3.423703399999999952e-01	5.132071630000000217e-01	2.523668962999999987e+00
1.809360409999999919e-01	3.877864120000000248e-01	4.550710940000000093e-01	1.809360409999999919e-01	3.491599109999999895e-01	5.250166769999999872e-01	2.515093685000000079e+00
1.858791890000000002e-01	3.925831040000000161e-01	4.658165409999999729e-01	1.858791890000000002e-01	3.562914130000000013e-01	5.369422350000000455e-01	2.506017715000000035e+00
1.909573830000000083e-01	3.976079940000000201e-01	4.767083910000000091e-01	1.909573830000000083e-01	3.637774389999999802e-01	5.489674770000000370e-01	2.496412458000000001e+00
1.961743129999999891e-01	4.028683590000000092e-01	4.877379949999999798e-01	1.961743129999999891e-01	3.716301470000000218e-01	5.610738280000000522e-01	2.486248005999999844e+00
2.015337690000000015e-01	4.083711030000000131e-01	4.988954649999999824e-01	2.015337690000000015e-01	3.798610450000000083e-01	5.732403200000000254e-01	2.475493158999999999e+00
2.070396439999999949e-01	4.141226290000000199e-01	5.101695889999999789e-01	2.070396439999999949e-01	3.884807339999999942e-01	5.854433980000000037e-01	2.464115469999999863e+00
2.126959390000000005e-01	4.201286810000000038e-01	5.215477379999999830e-01	2.126959390000000005e-01	3.974986050000000048e-01	5.976567459999999610e-01	2.452081320000000009e+00
2.185067629999999927e-01	4.263941749999999864e-01	5.330157869999999631e-01	2.185067629999999927e-01	4.069224799999999753e-01	6.098511030000000055e-01	2.439356019999999958e+00
2.244763379999999975e-01	4.329229949999999771e-01	5.445580370000000503e-01	2.244763379999999975e-01	4.167581989999999958e-01	6.219941039999999921e-01	2.425903959000000221e+00
2.306090010000000079e-01	4.397177589999999858e-01	5.561571440000000477e-01	2.306090010000000079e-01	4.270091349999999841e-01	6.340501389999999571e-01	2.411688799000000216e+00
2.369092070000000105e-01	4.467795560000000221e-01	5.677940729999999547e-01	2.369092070000000105e-01	4.376756410000000042e-01	6.459802519999999770e-01	2.396673725999999949e+00
2.433815350000000099e-01	4.541076530000000000e-01	5.794480560000000446e-01	2.433815350000000099e-01	4.487544119999999914e-01	6.577420819999999502e-01	2.380821767000000033e+00
2.500306849999999748e-01	4.616991550000000277e-01	5.910965900000000328e-01	2.500306849999999748e-01	4.602377779999999863e-01	6.692898729999999796e-01	2.364096187999999987e+00
2.568614900000000256e-01	4.695486360000000192e-01	6.027154620000000351e-01	2.568614900000000256e-01	4.721128989999999748e-01	6.805745720000000443e-01	2.346460977000000003e+00
2.638789100000000221e-01	4.776477299999999926e-01	6.142788169999999770e-01	2.638789100000000221e-01	4.843608799999999937e-01	6.915440330000000024e-01	2.327881436000000193e+00
2.710880460000000269e-01	4.859846780000000033e-01	6.257592819999999723e-01	2.710880460000000269e-01	4.969558110000000251e-01	7.021433590000000224e-01	2.308324876999999997e+00
2.784941349999999760e-01	4.945438489999999798e-01	6.371281479999999497e-01	2.784941349999999760e-01	5.098637320000000139e-01	7.123154160000000346e-01	2.287761457999999859e+00
2.861025569999999796e-01	5.033052180000000542e-01	6.483556430000000370e-01	2.861025569999999796e-01	5.230415489999999945e-01	7.220015450000000223e-01	2.266165147000000157e+00
2.939188400000000145e-01	5.122438310000000383e-01	6.594112789999999613e-01	2.939188400000000145e-01	5.364359250000000356e-01	7.311425139999999656e-01	2.243514838999999927e+00
3.019486630000000060e-01	5.213292440000000250e-01	6.702643230000000507e-01	3.019486630000000060e-01	5.499821790000000155e-01	7.396797510000000520e-01	2.219795636000000183e+00
3.101978590000000202e-01	5.305249739999999825e-01	6.808843850000000364e-01	3.101978590000000202e-01	5.636032530000000262e-01	7.475568710000000117e-01	2.195000272000000141e+00
3.186724220000000107e-01	5.397879599999999556e-01	6.912421380000000060e-01	3.186724220000000107e-01	5.772088069999999904e-01	7.547215560000000156e-01	2.169130710000000128e+00
3.273785100000000114e-01	5.490680730000000453e-01	7.013101999999999947e-01	3.273785100000000114e-01	5.906945169999999745e-01	7.611277779999999771e-01	2.142199866999999980e+00
3.363224459999999971e-01	5.583076989999999906e-01	7.110641709999999671e-01	3.363224459999999971e-01	6.039416819999999797e-01	7.667383859999999940e-01	2.114233467000000033e+00
3.455107290000000164e-01	5.674414340000000223e-01	7.204838439999999844e-01	3.455107290000000164e-01	6.168172419999999878e-01	7.715280230000000072e-01	2.085271983999999801e+00
3.549500360000000243e-01	5.763959360000000531e-01	7.295545799999999526e-01	3.549500360000000243e-01	6.291743250000000343e-01	7.754863370000000256e-01	2.055372606999999796e+00
3.646472219999999931e-01	5.850899689999999875e-01	7.382688419999999807e-01	3.646472219999999931e-01	6.408534500000000467e-01	7.786213939999999667e-01	2.024611176000000068e+00
3.746093349999999877e-01	5.934347159999999732e-01	7.466278689999999996e-01	3.746093349999999877e-01	6.516844849999999800e-01	7.809631679999999854e-01	1.993083992999999943e+00
3.848436109999999744e-01	6.013343829999999723e-01	7.546434560000000458e-01	3.848436109999999744e-01	6.614894709999999955e-01	7.825669469999999572e-01	1.960909403000000051e+00
3.953574859999999802e-01	6.086871700000000551e-01	7.623397760000000245e-01	3.953574859999999802e-01	6.700863440000000004e-01	7.835164359999999828e-01	1.928229015999999962e+00
4.061585990000000090e-01	6.153866380000000413e-01	7.697552029999999990e-01	4.061585990000000090e-01	6.772935789999999789e-01	7.839263260000000066e-01	1.895208436999999968e+00
4.172547970000000106e-01	6.213235150000000484e-01	7.769440189999999857e-01	4.172547970000000106e-01	6.829356730000000208e-01	7.839440500000000034e-01	1.862037358000000031e+00
4.286541409999999885e-01	6.263879460000000288e-01	7.839779310000000168e-01	4.286541409999999885e-01	6.868493310000000074e-01	7.837504800000000271e-01	1.828928864999999959e+00
4.403649139999999962e-01	6.304721829999999638e-01	7.909472779999999759e-01	4.403649139999999962e-01	6.888901060000000021e-01	7.835593159999999502e-01	1.796117841000000048e+00
4.523956230000000245e-01	6.334736739999999866e-01	7.979617949999999738e-01	4.523956230000000245e-01	6.889391980000000304e-01	7.836150029999999767e-01	1.763858343999999967e+00
4.647550100000000239e-01	6.352984839999999966e-01	8.051508469999999473e-01	4.647550100000000239e-01	6.869100129999999860e-01	7.841890839999999807e-01	1.732419941000000074e+00
4.774520540000000146e-01	6.358649360000000472e-01	8.126630059999999656e-01	4.774520540000000146e-01	6.827540789999999582e-01	7.855750209999999845e-01	1.702082963000000060e+00
4.904959790000000264e-01	6.351073310000000527e-01	8.206649029999999456e-01	4.904959790000000264e-01	6.764659069999999774e-01	7.880816430000000539e-01	1.673132784000000095e+00
5.038962630000000109e-01	6.329795929999999515e-01	8.293393100000000517e-01	5.038962630000000109e-01	6.680864399999999481e-01	7.920255109999999599e-01	1.645853266000000037e+00
5.176626399999999517e-01	6.294586549999999781e-01	8.388824559999999986e-01	5.176626399999999517e-01	6.577048399999999573e-01	7.977225879999999547e-01	1.620519602999999975e+00
5.318051129999999960e-01	6.245473990000000031e-01	8.495006250000000092e-01	5.318051129999999960e-01	6.454584700000000064e-01	8.054796800000000312e-01	1.597390858000000025e+00
5.463339560000000095e-01	6.182769940000000242e-01	8.614061379999999879e-01	5.463339560000000095e-01	6.315311260000000537e-01	8.155861349999999899e-01	1.576702542999999901e+00
5.612597259999999588e-01	6.107084999999999875e-01	8.748128619999999689e-01	5.612597259999999588e-01	6.161496910000000549e-01	8.283062460000000238e-01	1.558659604999999893e+00
5.765932649999999660e-01	6.019336520000000412e-01	8.899314390000000463e-01	5.765932649999999660e-01	5.995795409999999936e-01	8.438726960000000332e-01	1.543430166999999908e+00
5.923457149999999949e-01	5.920747880000000185e-01	9.069644110000000259e-01	5.923457149999999949e-01	5.821191319999999836e-01	8.624812889999999843e-01	1.531140326999999912e+00
6.085285190000000455e-01	5.812839829999999486e-01	9.261014429999999686e-01	6.085285190000000455e-01	5.640942230000000057e-01	8.842869759999999468e-01	1.521870239999999930e+00
6.251534349999999796e-01	5.697414480000000392e-01	9.475147999999999904e-01	6.251534349999999796e-01	5.458521910000000421e-01	9.094010890000000513e-01	1.515651593000000075e+00
6.422325420000000173e-01	5.576533580000000434e-01	9.713551889999999522e-01	6.422325420000000173e-01	5.277568280000000112e-01	9.378894530000000396e-01	1.512466474000000005e+00
6.597782479999999561e-01	5.452492610000000406e-01	9.977480109999999902e-01	6.597782479999999561e-01	5.101838570000000184e-01	9.697709639999999576e-01	1.512247507000000102e+00
6.778032999999999975e-01	5.327792350000000177e-01	1.026789994999999900e+00	6.778032999999999975e-01	4.935172540000000163e-01	1.005016064999999958e+00	1.514879014999999995e+00
6.963207940000000207e-01	5.205109270000000121e-01	1.058546111000000067e+00	6.963207940000000207e-01	4.781462519999999938e-01	1.043544515000000006e+00	1.520198909000000098e+00
7.153441830000000223e-01	5.087265539999999975e-01	1.093046568999999968e+00	7.153441830000000223e-01	4.644626279999999885e-01	1.085221793000000101e+00	1.528000918000000041e+00
7.348872889999999991e-01	4.977198460000000213e-01	1.130283681999999956e+00	7.348872889999999991e-01	4.528575850000000069e-01	1.129853543000000071e+00	1.538036782999999907e+00
7.549643099999999718e-01	4.877927910000000034e-01	1.170208332000000073e+00	7.549643099999999718e-01	4.437171750000000192e-01	1.177177571999999950e+00	1.550018082000000019e+00
7.755898319999999790e-01	4.792518900000000137e-01	1.212725760000000097e+00	7.755898319999999790e-01	4.374147600000000136e-01	1.226853173000000075e+00	1.563617403000000072e+00
7.967788409999999599e-01	4.724034480000000036e-01	1.257690511999999927e+00	7.967788409999999599e-01	4.342985699999999949e-01	1.278448027999999903e+00	1.578468763000000052e+00
8.185467309999999719e-01	4.675472050000000213e-01	1.304900468000000036e+00	8.185467309999999719e-01	4.346718760000000126e-01	1.331423734999999997e+00	1.594167345000000013e+00
8.409093159999999623e-01	4.649674329999999856e-01	1.354090153000000019e+00	8.409093159999999623e-01	4.387630160000000057e-01	1.385122296999999891e+00	1.610268940000000093e+00
8.638828440000000386e-01	4.649204250000000260e-01	1.404923914000000051e+00	8.638828440000000386e-01	4.466825919999999894e-01	1.438757773999999934e+00	1.626289864999999946e+00
8.874840059999999919e-01	4.676172350000000200e-01	1.456990135000000075e+00	8.874840059999999919e-01	4.583662350000000107e-01	1.491419776999999947e+00	1.641708611000000095e+00
9.117299479999999567e-01	4.732006939999999773e-01	1.509798417000000059e+00	9.117299479999999567e-01	4.735040440000000128e-01	1.542098238999999982e+00	1.655971067999999935e+00
9.366382869999999583e-01	4.817162139999999759e-01	1.562782625999999953e+00	9.366382869999999583e-01	4.914629520000000085e-01	1.589740919999999891e+00	1.668501755999999947e+00
9.622271169999999652e-01	4.930770910000000229e-01	1.615313655000000015e+00	9.622271169999999652e-01	5.112161090000000296e-01	1.633354626999999892e+00	1.678723895000000077e+00
9.885150310000000440e-01	5.070269099999999973e-01	1.666726407000000076e+00	9.885150310000000440e-01	5.313028279999999492e-01	1.672155341999999933e+00	1.686091111000000087e+00
1.015521128000000051e+00	5.231044580000000499e-01	1.716365329000000051e+00	1.015521128000000051e+00	5.498500570000000032e-01	1.705759119000000101e+00	1.690132565000000087e+00
1.043265026999999900e+00	5.406198819999999960e-01	1.763650933000000087e+00	1.043265026999999900e+00	5.646852919999999498e-01	1.734384849000000006e+00	1.690510932000000022e+00
1.071766884999999947e+00	5.586537040000000287e-01	1.808165663000000034e+00	1.071766884999999947e+00	5.735544620000000426e-01	1.759018219999999966e+00	1.687088571000000092e+00
1.101047410999999920e+00	5.760911250000000372e-01	1.849750809999999968e+00	1.101047410999999920e+00	5.744250829999999475e-01	1.781475900000000001e+00	1.679991970999999973e+00
1.131127876999999948e+00	5.917008009999999985e-01	1.888598301000000035e+00	1.131127876999999948e+00	5.658150020000000113e-01	1.804324027000000052e+00	1.669659408000000012e+00
1.162030136000000047e+00	6.042586810000000197e-01	1.925314839999999972e+00	1.162030136000000047e+00	5.470619089999999574e-01	1.830648542000000045e+00	1.656854481999999962e+00
1.193776641999999999e+00	6.127046080000000394e-01	1.960934908999999893e+00	1.193776641999999999e+00	5.184589090000000233e-01	1.863730311000000084e+00	1.642631326999999919e+00
1.226390456999999934e+00	6.163062080000000220e-01	1.996866645999999967e+00	1.226390456999999934e+00	4.812284589999999973e-01	1.906715702999999928e+00	1.628247051000000001e+00
1.259895277999999896e+00	6.147973979999999949e-01	2.034769942000000054e+00	1.259895277999999896e+00	4.373683820000000000e-01	1.962370924000000016e+00	1.615031008999999962e+00
1.294315445000000064e+00	6.084622069999999772e-01	2.076383970000000190e+00	1.294315445000000064e+00	3.894477720000000254e-01	2.032968397999999954e+00	1.604233323999999961e+00
1.329675967000000014e+00	5.981485060000000242e-01	2.123333730000000141e+00	1.329675967000000014e+00	3.404399140000000101e-01	2.120299434000000094e+00	1.596880580000000105e+00
1.366002533999999935e+00	5.852142989999999934e-01	2.176946287999999896e+00	1.366002533999999935e+00	2.936594359999999959e-01	2.225764070999999955e+00	1.593661969000000012e+00
1.403321537999999924e+00	5.714228120000000022e-01	2.238097075999999852e+00	1.403321537999999924e+00	2.528402410000000211e-01	2.350465406000000090e+00	1.594856928000000007e+00
1.441660090999999921e+00	5.588050970000000284e-01	2.307091191000000041e+00	1.441660090999999921e+00	2.223636489999999966e-01	2.495223544999999987e+00	1.600301766000000070e+00
1.481046048999999920e+00	5.494995529999999739e-01	2.383572797999999882e+00	1.481046048999999920e+00	2.076220749999999893e-01	2.660407016000000180e+00	1.609384664000000020e+00
1.521508026000000013e+00	5.455611940000000271e-01	2.466455251999999820e+00	1.521508026000000013e+00	2.154625619999999964e-01	2.845443792000000194e+00	1.621059639999999913e+00
1.563075417999999939e+00	5.487182449999999934e-01	2.553879809000000112e+00	1.563075417999999939e+00	2.545540800000000159e-01	3.047824991999999789e+00	1.633881372999999915e+00
1.605778426000000092e+00	5.600518610000000397e-01	2.643242150999999929e+00	1.605778426000000092e+00	3.352984889999999774e-01	3.261409015999999994e+00	1.646081493999999923e+00
1.649648073999999909e+00	5.796021380000000445e-01	2.731365164000000068e+00	1.649648073999999909e+00	4.685188949999999908e-01	3.474051365999999863e+00	1.655725974000000100e+00
1.694716235000000015e+00	6.059741539999999871e-01	2.814918628000000034e+00	1.694716235000000015e+00	6.618019560000000245e-01	3.665379859999999823e+00	1.660997027000000070e+00
1.741015651999999969e+00	6.361231999999999998e-01	2.891145063999999820e+00	1.741015651999999969e+00	9.128977780000000486e-01	3.807135848000000156e+00	1.660608311999999920e+00
1.788579963000000106e+00	6.655758109999999617e-01	2.958801194999999939e+00	1.788579963000000106e+00	1.202484794999999940e+00	3.869732699000000054e+00	1.654273923999999951e+00
1.837443724999999972e+00	6.892748239999999527e-01	3.018994382999999893e+00	1.837443724999999972e+00	1.493311582000000026e+00	3.835710729000000097e+00	1.643040461000000008e+00
1.887642437000000006e+00	7.029496619999999751e-01	3.075447722999999911e+00	1.887642437000000006e+00	1.742178597999999967e+00	3.711776374999999906e+00	1.629253327999999890e+00
1.939212571999999968e+00	7.045413900000000451e-01	3.133877309999999916e+00	1.939212571999999968e+00	1.918992202999999952e+00	3.526574028000000194e+00	1.616056616999999918e+00
1.992191596000000064e+00	6.950761039999999724e-01	3.200602287999999795e+00	1.992191596000000064e+00	2.016288997999999832e+00	3.313884505999999952e+00	1.606573532000000082e+00
2.046617998999999966e+00	6.786520280000000183e-01	3.280896310999999788e+00	2.046617998999999966e+00	2.041813240999999834e+00	3.096730664999999938e+00	1.603081919999999938e+00
2.102531325000000173e+00	6.616450499999999568e-01	3.377597114999999928e+00	2.102531325000000173e+00	2.003855026000000095e+00	2.884773811000000077e+00	1.606443183999999968e+00
2.159972194999999928e+00	6.514366550000000311e-01	3.490189605999999944e+00	2.159972194999999928e+00	1.902525043000000027e+00	2.683310273000000024e+00	1.615849322000000088e+00
2.218982340999999803e+00	6.548103870000000493e-01	3.614355515999999824e+00	2.218982340999999803e+00	1.732520913999999967e+00	2.504083214000000002e+00	1.628834735999999950e+00
2.279604636999999823e+00	6.759340249999999939e-01	3.742137527000000130e+00	2.279604636999999823e+00	1.493599056999999952e+00	2.367978627999999919e+00	1.641573044999999897e+00
2.341883125999999926e+00	7.140208070000000351e-01	3.863317536999999913e+00	2.341883125999999926e+00	1.197973650000000001e+00	2.296903174000000103e+00	1.649662825999999916e+00
2.405863055000000195e+00	7.616560799999999576e-01	3.968743375999999934e+00	2.405863055000000195e+00	8.668282069999999617e-01	2.303387035000000083e+00	1.649613167999999908e+00
2.471590905999999865e+00	8.058226490000000020e-01	4.055180298999999877e+00	2.471590905999999865e+00	5.202696300000000385e-01	2.388167345999999913e+00	1.640716628999999926e+00
2.539114434000000031e+00	8.329815879999999950e-01	4.128899856000000312e+00	2.539114434000000031e+00	1.702209570000000061e-01	2.546000465000000101e+00	1.626118068000000028e+00
2.608482695000000184e+00	8.361904070000000244e-01	4.204437109999999755e+00	2.608482695000000184e+00	-1.804740509999999964e-01	2.773519685000000123e+00	1.611832471999999905e+00
2.679746086999999832e+00	8.195191040000000537e-01	4.298251375999999624e+00	2.679746086999999832e+00	-5.352074869999999818e-01	3.075643460000000218e+00	1.603977106999999958e+00
2.752956386000000144e+00	7.970048079999999535e-01	4.421113206000000240e+00	2.752956386000000144e+00	-8.991339250000000005e-01	3.471659841000000135e+00	1.605951053000000073e+00
2.828166780000000102e+00	7.873912770000000005e-01	4.572859388000000358e+00	2.828166780000000102e+00	-1.271027571999999939e+00	4.004517917000000260e+00	1.616898769999999930e+00
2.905431912000000061e+00	8.066417280000000023e-01	4.740546432999999560e+00	2.905431912000000061e+00	-1.620339857999999911e+00	4.756652760999999785e+00	1.631615049999999956e+00
2.984807916999999922e+00	8.589120230000000245e-01	4.901193077000000287e+00	2.984807916999999922e+00	-1.813738080999999891e+00	5.860152236000000237e+00	1.642046394000000076e+00
3.066352462999999862e+00	9.291910770000000319e-01	5.032371846000000204e+00	3.066352462999999862e+00	-1.432600802000000062e+00	7.373374188999999745e+00	1.641158968000000051e+00
3.150124796000000060e+00	9.870329230000000065e-01	5.129343687999999624e+00	3.150124796000000060e+00	1.481021040000000122e-01	8.623303700999999322e+00	1.628298566000000003e+00
3.236185777000000208e+00	1.006652437000000067e+00	5.214238081999999608e+00	3.236185777000000208e+00	2.107878486999999801e+00	8.264605316999999118e+00	1.611229527999999966e+00
3.324597932000000089e+00	9.883600289999999733e-01	5.323115657999999861e+00	3.324597932000000089e+00	2.827220480999999896e+00	7.095885318999999747e+00	1.601130653000000015e+00
3.415425496000000116e+00	9.606930070000000432e-01	5.480471046999999984e+00	3.415425496000000116e+00	2.752172966999999915e+00	6.384091536999999761e+00	1.604623217000000102e+00
3.508734456000000002e+00	9.633138959999999473e-01	5.681195276999999599e+00	3.508734456000000002e+00	2.621660911999999843e+00	6.130722644000000443e+00	1.619157946999999931e+00
3.604592604000000033e+00	1.020872114000000108e+00	5.888213220999999997e+00	3.604592604000000033e+00	2.655643277999999885e+00	5.991534082000000261e+00	1.633530850000000090e+00
3.703069584000000081e+00	1.116723077000000064e+00	6.052945797999999655e+00	3.703069584000000081e+00	2.710743158000000097e+00	5.710888660000000172e+00	1.634575225000000076e+00
3.804236942000000177e+00	1.193763917000000063e+00	6.160844573000000324e+00	3.804236942000000177e+00	2.525410339000000004e+00	5.355895718000000194e+00	1.619469204000000051e+00
3.908168177999999937e+00	1.206327579000000094e+00	6.258003521000000013e+00	3.908168177999999937e+00	2.094904577999999962e+00	5.192440727000000145e+00	1.601262595999999983e+00
4.014938800999999557e+00	1.172132136999999963e+00	6.410452927999999773e+00	4.014938800999999557e+00	1.625973442999999907e+00	5.335132061000000370e+00	1.596650222000000063e+00
4.124626382999999841e+00	1.159769484999999989e+00	6.638631454000000431e+00	4.124626382999999841e+00	1.315389302000000038e+00	5.729266120000000129e+00	1.609510980999999896e+00
4.237310615000000169e+00	1.227593015000000065e+00	6.890433326000000136e+00	4.237310615000000169e+00	1.306152003000000006e+00	6.200504956999999706e+00	1.626133637999999992e+00
4.353073365000000194e+00	1.354681282999999903e+00	7.078610617999999910e+00	4.353073365000000194e+00	1.551279022999999979e+00	6.437179518999999850e+00	1.626117923000000021e+00
4.471998736999999835e+00	1.439858188000000094e+00	7.185595485000000338e+00	4.471998736999999835e+00	1.651606869000000088e+00	6.326464944999999673e+00	1.606797296999999958e+00
4.594173135000000130e+00	1.426765985000000070e+00	7.308101088999999995e+00	4.594173135000000130e+00	1.376541870000000056e+00	6.240006814000000013e+00	1.590732625000000011e+00
4.719685319999999962e+00	1.389145166999999903e+00	7.537071358999999582e+00	4.719685319999999962e+00	9.590303169999999655e-01	6.464788794000000394e+00	1.596943620000000008e+00
4.848626481000000155e+00	1.446215677999999949e+00	7.835778781000000137e+00	4.848626481000000155e+00	6.909656360000000497e-01	6.949066605999999702e+00	1.616082164999999904e+00
4.981090296999999723e+00	1.604271291999999960e+00	8.063579529000000079e+00	4.981090296999999723e+00	6.674372079999999485e-01	7.419786667000000335e+00	1.618838256000000086e+00
5.117173006999999885e+00	1.709285504999999983e+00	8.173641196000000164e+00	5.117173006999999885e+00	6.055406399999999634e-01	7.692451926999999579e+00	1.597296239000000062e+00
5.256973477999999922e+00	1.679845079999999991e+00	8.321303433000000638e+00	5.256973477999999922e+00	2.399633150000000104e-01	8.085001310999999191e+00	1.582907631000000093e+00
5.400593278999999747e+00	1.659221776999999953e+00	8.621324924999999695e+00	5.400593278999999747e+00	-1.620113599999999932e-01	9.023452000000000695e+00	1.596366265999999978e+00
5.548136752999999644e+00	1.799894882000000029e+00	8.947098602000000511e+00	5.548136752999999644e+00	9.633726200000000683e-02	1.049043256400000068e+01	1.612631230999999943e+00
5.699711094000000422e+00	1.982695901999999899e+00	9.107709888000000475e+00	5.699711094000000422e+00	1.349771341000000069e+00	1.144727533000000008e+01	1.597924831000000045e+00
5.855426426000000184e+00	1.989751048000000022e+00	9.226791905000000682e+00	5.855426426000000184e+00	2.291591571000000105e+00	1.155261345499999948e+01	1.575767711999999987e+00
6.015395879999999806e+00	1.947924192000000110e+00	9.536570400000000447e+00	6.015395879999999806e+00	3.149050712000000196e+00	1.211400255699999917e+01	1.585360397000000088e+00
6.179735678000000121e+00	2.108594716999999896e+00	9.908665607999999736e+00	6.179735678000000121e+00	5.348193778999999815e+00	1.184709302499999950e+01	1.603412528000000004e+00
6.348565215999999900e+00	2.319310159000000038e+00	1.006549498899999939e+01	6.348565215999999900e+00	5.908433567000000330e+00	9.309929715999999189e+00	1.585475559999999895e+00
6.522007154999999834e+00	2.296747233000000055e+00	1.021225756499999981e+01	6.522007154999999834e+00	4.349439827000000314e+00	8.230408983000000234e+00	1.565815143000000020e+00
6.700187503999999628e+00	2.300071286000000104e+00	1.061187268399999972e+01	6.700187503999999628e+00	3.203044522999999977e+00	8.646670685000000134e+00	1.583817269999999944e+00
6.883235714999999644e+00	2.565717160000000163e+00	1.094435814200000046e+01	6.883235714999999644e+00	2.912774583000000028e+00	9.205193015000000756e+00	1.590001940000000058e+00
7.071284778999999965e+00	2.685682733000000155e+00	1.103706985700000054e+01	7.071284778999999965e+00	2.508992376000000135e+00	9.376068623000000102e+00	1.560829495999999983e+00
7.264471318000000011e+00	2.617357387000000202e+00	1.136467085499999996e+01	7.264471318000000011e+00	1.790663780999999899e+00	1.018245360100000063e+01	1.564418160000000002e+00
7.462935685999999791e+00	2.851818825000000057e+00	1.181020581900000010e+01	7.462935685999999791e+00	2.048847695000000080e+00	1.158056136299999928e+01	1.582514752000000025e+00
7.666822074999999792e+00	3.072108781999999927e+00	1.191982982100000044e+01	7.666822074999999792e+00	2.897283932000000117e+00	1.180172703200000051e+01	1.554728896000000082e+00
7.876278611000000041e+00	2.991749748999999792e+00	1.221953035900000017e+01	7.876278611000000041e+00	2.679605797999999872e+00	1.210543764900000063e+01	1.551434498999999967e+00
8.091457472000000095e+00	3.244308707000000069e+00	1.271194217699999918e+01	8.091457472000000095e+00	3.373948375999999971e+00	1.314612382700000026e+01	1.571032439999999974e+00
8.312514990000000381e+00	3.477079139999999846e+00	1.280848599199999960e+01	8.312514990000000381e+00	4.186076124000000398e+00	1.264176039100000004e+01	1.540867717000000026e+00
8.539611769000000407e+00	3.400435703999999948e+00	1.318697560400000057e+01	8.539611769000000407e+00	3.689143234999999965e+00	1.294628898100000036e+01	1.544212542999999993e+00
8.772912802000000454e+00	3.766811550999999980e+00	1.364236989900000019e+01	8.772912802000000454e+00	4.652704222999999750e+00	1.371289685500000033e+01	1.555055910000000097e+00
9.012587587000000511e+00	3.873083147000000004e+00	1.372035079800000013e+01	9.012587587000000511e+00	4.891907433000000083e+00	1.302297068100000033e+01	1.522354226000000033e+00
9.258810254000000128e+00	3.924692508000000135e+00	1.428557207000000062e+01	9.258810254000000128e+00	4.859900331999999601e+00	1.377288571799999950e+01	1.542916603999999969e+00
9.511759690999999961e+00	4.354483587999999905e+00	1.450419517499999955e+01	9.511759690999999961e+00	5.911182668000000362e+00	1.322611054799999941e+01	1.524869808000000049e+00
9.771619673000000006e+00	4.266693447999999833e+00	1.481328165999999946e+01	9.771619673000000006e+00	5.110974496999999950e+00	1.295393886499999958e+01	1.515949470000000021e+00
1.003857899399999987e+01	4.702085753999999618e+00	1.533388070300000017e+01	1.003857899399999987e+01	5.524788749999999915e+00	1.333698259600000036e+01	1.527495148000000080e+00
1.031283160699999968e+01	4.763518889000000200e+00	1.542729746200000029e+01	1.031283160699999968e+01	4.858377013000000133e+00	1.290987412299999981e+01	1.495932256999999987e+00
1.059457676399999926e+01	5.029891479999999859e+00	1.609038119899999941e+01	1.059457676399999926e+01	4.850473921999999938e+00	1.408829600500000012e+01	1.518737516000000065e+00
1.088401916099999944e+01	5.296998636999999732e+00	1.613961527600000068e+01	1.088401916099999944e+01	5.195008207999999961e+00	1.355102914100000078e+01	1.482872736000000025e+00
1.118136908399999996e+01	5.433196320000000412e+00	1.681516203700000034e+01	1.118136908399999996e+01	4.741940290999999696e+00	1.400912654899999943e+01	1.503855378999999992e+00
1.148684256700000006e+01	5.825706586999999992e+00	1.688776181500000106e+01	1.148684256700000006e+01	4.281236584000000178e+00	1.364323912499999913e+01	1.470183100000000076e+00
1.180066154400000045e+01	5.930138866000000064e+00	1.756549362599999853e+01	1.180066154400000045e+01	3.137586022999999891e+00	1.507139550800000016e+01	1.488517703999999942e+00
1.212305401300000085e+01	6.347916878999999568e+00	1.763264911399999946e+01	1.212305401300000085e+01	3.257347923999999839e+00	1.584636963400000020e+01	1.454472535999999927e+00
1.245425420099999947e+01	6.529505585999999973e+00	1.835396500199999892e+01	1.245425420099999947e+01	3.054842777000000176e+00	1.819819972799999874e+01	1.473710485000000014e+00
1.279450273199999977e+01	6.852618779000000160e+00	1.838602580799999942e+01	1.279450273199999977e+01	4.638047879000000151e+00	1.842678896500000008e+01	1.437025430999999909e+00
1.314404680700000050e+01	7.250428756999999891e+00	1.912737474800000115e+01	1.314404680700000050e+01	5.778570885999999796e+00	1.975639554400000009e+01	1.455212007999999946e+00
1.350314037899999953e+01	7.350362121999999943e+00	1.923053430599999913e+01	1.350314037899999953e+01	5.986861722999999635e+00	1.861510788800000071e+01	1.424152735000000058e+00
1.387204433800000025e+01	8.022342689000000249e+00	1.976866422299999826e+01	1.387204433800000025e+01	6.958488073999999912e+00	1.894541628800000055e+01	1.425072163000000058e+00
1.425102670300000085e+01	8.007977709000000388e+00	2.024036318399999956e+01	1.425102670300000085e+01	5.467406354999999607e+00	1.900597773499999832e+01	1.420274033999999963e+00
1.464036281499999959e+01	8.593244471000000217e+00	2.034883559500000061e+01	1.464036281499999959e+01	5.552833318000000240e+00	1.955053955200000004e+01	1.389913340999999969e+00
1.504033553600000062e+01	9.031221818000000567e+00	2.110953088699999824e+01	1.504033553600000062e+01	5.826872200999999585e+00	2.213280371700000160e+01	1.403527922000000094e+00
1.545123545799999931e+01	9.099488914000000150e+00	2.133767407499999891e+01	1.545123545799999931e+01	5.828237203999999672e+00	2.244399064699999968e+01	1.380968798999999914e+00
1.587336110999999939e+01	9.804990914999999418e+00	2.154971905900000095e+01	1.587336110999999939e+01	7.884970538000000140e+00	2.304180997499999961e+01	1.357602772999999985e+00
1.630701917700000081e+01	1.027460716999999946e+01	2.229530463900000115e+01	1.630701917700000081e+01	8.675571400999999128e+00	2.487594595999999925e+01	1.367221341999999895e+00
1.675252472400000059e+01	1.036977425899999972e+01	2.263235746599999842e+01	1.675252472400000059e+01	8.421305964000000088e+00	2.514977387100000072e+01	1.350981887000000103e+00
1.721020142200000080e+01	1.093171561599999997e+01	2.272015180800000067e+01	1.721020142200000080e+01	1.037590836799999927e+01	2.524466313499999970e+01	1.320156066000000017e+00
1.768038178500000157e+01	1.168417952899999968e+01	2.323196326500000097e+01	1.768038178500000157e+01	1.378752168299999958e+01	2.636868318599999839e+01	1.313996697000000102e+00
1.816340741100000145e+01	1.206545993599999989e+01	2.390522829400000049e+01	1.816340741100000145e+01	1.616902276100000080e+01	2.616103750399999939e+01	1.316120249999999992e+00
1.865962923200000034e+01	1.227916821100000000e+01	2.424800512799999908e+01	1.865962923200000034e+01	1.616360290200000094e+01	2.321166531500000119e+01	1.299490189999999989e+00
1.916940776499999899e+01	1.273986924799999976e+01	2.437396306600000173e+01	1.916940776499999899e+01	1.482676013200000043e+01	2.025837319600000086e+01	1.271503186999999979e+00
1.969311337899999970e+01	1.344341102199999938e+01	2.460326196300000134e+01	1.969311337899999970e+01	1.334368256299999977e+01	1.910042661499999994e+01	1.249333282000000045e+00
2.023112655899999979e+01	1.417810726399999943e+01	2.502410606500000156e+01	2.023112655899999979e+01	1.205801068100000073e+01	2.007362853700000116e+01	1.236911152000000014e+00
2.078383818600000055e+01	1.481405866100000068e+01	2.553804697800000056e+01	2.078383818600000055e+01	1.152653762799999981e+01	2.168321590600000093e+01	1.228745468000000063e+00
2.135164981899999859e+01	1.535650900799999974e+01	2.603100635899999915e+01	2.135164981899999859e+01	1.110593513299999913e+01	2.323106189900000018e+01	1.219156673000000080e+00
2.193497398899999951e+01	1.586919639199999921e+01	2.645731585800000119e+01	2.193497398899999951e+01	1.081664040699999951e+01	2.443316219900000164e+01	1.206170377999999932e+00
2.253423449599999984e+01	1.640445378300000101e+01	2.682585859399999961e+01	2.253423449599999984e+01	1.035025797700000005e+01	2.567619097100000047e+01	1.190449073999999996e+00
2.314986671899999848e+01	1.698669185700000028e+01	2.715911735699999952e+01	2.314986671899999848e+01	1.048631644099999960e+01	2.726232569300000108e+01	1.173186770000000045e+00
2.378231793000000138e+01	1.762342179299999856e+01	2.746811399099999917e+01	2.378231793000000138e+01	1.111842492200000088e+01	2.811366352499999977e+01	1.154980523000000092e+00
2.443204762199999891e+01	1.831332813399999893e+01	2.774347192100000115e+01	2.443204762199999891e+01	1.084522514899999912e+01	2.927845391500000005e+01	1.135536094000000107e+00
2.509952784100000045e+01	1.903823484600000171e+01	2.795651569400000014e+01	2.509952784100000045e+01	1.093837058499999948e+01	3.133269294999999843e+01	1.113826358000000072e+00
2.578524352899999883e+01	1.974191465999999906e+01	2.808086088800000013e+01	2.578524352899999883e+01	1.180654919800000080e+01	3.410656087699999972e+01	1.089028337000000013e+00
2.648969287599999944e+01	2.033115662399999835e+01	2.815189771300000032e+01	2.648969287599999944e+01	1.445731793899999928e+01	3.697023531300000343e+01	1.062749117000000076e+00
2.721338768400000063e+01	2.076892493700000131e+01	2.832243658899999872e+01	2.721338768400000063e+01	1.826850088200000144e+01	3.811460936000000288e+01	1.040753797999999897e+00
2.795685373499999926e+01	2.123910539799999952e+01	2.875636021500000084e+01	2.795685373499999926e+01	2.207170505699999907e+01	3.810577209800000276e+01	1.028597870000000025e+00
2.872063117800000143e+01	2.208258384299999832e+01	2.928147441200000145e+01	2.872063117800000143e+01	2.528600885999999903e+01	3.580947453400000313e+01	1.019527539000000038e+00
2.950527491700000127e+01	2.314893680200000148e+01	2.933875327100000163e+01	2.950527491700000127e+01	2.657275786800000006e+01	3.322765545600000081e+01	9.943562080000000192e-01
3.031135501600000026e+01	2.364732015199999893e+01	2.914452401799999848e+01	3.031135501600000026e+01	2.581939126800000039e+01	3.106389778799999846e+01	9.615051519999999741e-01
3.113945711299999886e+01	2.404705967900000019e+01	2.965371958700000121e+01	3.113945711299999886e+01	2.507657218499999985e+01	3.162570988199999888e+01	9.522876230000000275e-01
3.199018284799999989e+01	2.525470780999999931e+01	2.989305033699999825e+01	3.199018284799999989e+01	2.666966480099999970e+01	3.131645416499999968e+01	9.344444979999999568e-01
3.286415029399999810e+01	2.566898597599999832e+01	2.959909453499999898e+01	3.286415029399999810e+01	2.520808335299999925e+01	2.937906237900000050e+01	9.006499260000000451e-01
3.376199441100000342e+01	2.642757884899999965e+01	3.025466999900000076e+01	3.376199441100000342e+01	2.424415694300000013e+01	3.151387496999999982e+01	8.961161960000000315e-01
3.468436750800000112e+01	2.727598388499999871e+01	2.981372218899999993e+01	3.468436750800000112e+01	2.463379168199999825e+01	3.155517686299999980e+01	8.595723180000000019e-01
3.563193971199999766e+01	2.784273598800000116e+01	3.042766367000000116e+01	3.563193971199999766e+01	2.478073845000000119e+01	3.474691245700000053e+01	8.539435100000000167e-01
3.660539946000000100e+01	2.860974995500000162e+01	2.994673279699999924e+01	3.660539946000000100e+01	2.709143732800000137e+01	3.387969918799999647e+01	8.180960520000000180e-01
3.760545399699999791e+01	2.952827596399999877e+01	3.048522193299999827e+01	3.760545399699999791e+01	2.876668523200000038e+01	3.585245673099999664e+01	8.106595899999999855e-01
3.863282988699999976e+01	2.979433503899999991e+01	3.029179986700000171e+01	3.863282988699999976e+01	2.858151417799999905e+01	3.491577755400000171e+01	7.840947700000000520e-01
3.968827354599999779e+01	3.089685136800000009e+01	3.006250565099999861e+01	3.968827354599999779e+01	3.166416188499999862e+01	3.450218162000000177e+01	7.574656939999999672e-01
4.077255178299999727e+01	3.172035971300000057e+01	3.045834125600000064e+01	4.077255178299999727e+01	3.367743058700000347e+01	3.476211531599999915e+01	7.470305369999999945e-01
4.188645235399999933e+01	3.207903892299999882e+01	3.054151469199999980e+01	4.188645235399999933e+01	3.198983217800000034e+01	3.371370304300000242e+01	7.291501900000000314e-01
4.303078453700000239e+01	3.261238869400000340e+01	3.027282626699999923e+01	4.303078453700000239e+01	3.079911747999999960e+01	3.317375797799999759e+01	7.035155549999999591e-01
4.420637972000000104e+01	3.336777407799999651e+01	3.003040259100000142e+01	4.420637972000000104e+01	3.135777634200000108e+01	3.408603238500000288e+01	6.793228209999999656e-01
4.541409200399999690e+01	3.414692286999999737e+01	2.989860239700000122e+01	4.541409200399999690e+01	3.317992251700000139e+01	3.504821601599999781e+01	6.583551730000000157e-01
4.665479882199999651e+01	3.484970279200000220e+01	2.981357176699999911e+01	4.665479882199999651e+01	3.453125229500000160e+01	3.568276464099999856e+01	6.390247629999999956e-01
4.792940158300000064e+01	3.545767635800000050e+01	2.974468876599999945e+01	4.792940158300000064e+01	3.614990482599999666e+01	3.628074120800000202e+01	6.205937860000000361e-01
4.923882631699999735e+01	3.599769701299999980e+01	2.973787835799999968e+01	4.923882631699999735e+01	3.808768454300000172e+01	3.693489697700000107e+01	6.039518120000000323e-01
5.058402435699999700e+01	3.660147774600000048e+01	2.985076186599999915e+01	5.058402435699999700e+01	4.034591114100000198e+01	3.598456775900000082e+01	5.901223209999999497e-01
5.196597302499999671e+01	3.747229635600000108e+01	2.990775340500000112e+01	5.196597302499999671e+01	4.149152582800000033e+01	3.522322811400000120e+01	5.755257080000000247e-01
5.338567634199999645e+01	3.833124551400000257e+01	2.949357341199999993e+01	5.338567634199999645e+01	4.284181282499999810e+01	3.352685699799999952e+01	5.524622980000000183e-01
5.484416576099999929e+01	3.853788024699999681e+01	2.916727269000000078e+01	5.484416576099999929e+01	4.174784220699999793e+01	3.259217556299999785e+01	5.318208829999999665e-01
5.634250091300000207e+01	3.921502703099999820e+01	2.947807085000000171e+01	5.634250091300000207e+01	4.254169096799999750e+01	3.385054555499999651e+01	5.231942210000000149e-01
5.788177037700000227e+01	3.992241540100000208e+01	2.885499519100000043e+01	5.788177037700000227e+01	4.382182507800000337e+01	3.231748838499999721e+01	4.985161129999999829e-01
5.946309247399999975e+01	4.029215864100000033e+01	2.914732915700000149e+01	5.946309247399999975e+01	4.398231550300000237e+01	3.360261118999999752e+01	4.901751309999999862e-01
6.108761607499999968e+01	4.085003238499999867e+01	2.852003018299999937e+01	6.108761607499999968e+01	4.490402941699999673e+01	3.139520551600000076e+01	4.668708979999999786e-01
6.275652144000000021e+01	4.165085359700000112e+01	2.866134590900000134e+01	6.275652144000000021e+01	4.666232816000000128e+01	3.204401796300000171e+01	4.567070520000000022e-01
6.447102107300000284e+01	4.182915204399999709e+01	2.861860068600000062e+01	6.447102107300000284e+01	4.580607086900000269e+01	3.190072274199999924e+01	4.438986730000000214e-01
6.623236060300000361e+01	4.219593002500000267e+01	2.821047550700000173e+01	6.623236060300000361e+01	4.567015049799999815e+01	3.055185798500000161e+01	4.259319049999999995e-01
6.804181968899999333e+01	4.274831848899999898e+01	2.789073488100000020e+01	6.804181968899999333e+01	4.619432638800000035e+01	2.978414208099999883e+01	4.099057759999999995e-01
6.990071295200000634e+01	4.325399331100000211e+01	2.768579101699999967e+01	6.990071295200000634e+01	4.663481057199999924e+01	2.961513157599999957e+01	3.960730849999999914e-01
7.181039092499999299e+01	4.365244029699999828e+01	2.754492474099999910e+01	7.181039092499999299e+01	4.688194584600000070e+01	2.977707140700000110e+01	3.835785380000000244e-01
7.377224104200000454e+01	4.401283720200000005e+01	2.751948097700000062e+01	7.377224104200000454e+01	4.723436155499999956e+01	3.033887035100000062e+01	3.730330079999999993e-01
7.578768863599999861e+01	4.457519358999999781e+01	2.755872027799999913e+01	7.578768863599999861e+01	4.851527066199999894e+01	3.105283038099999970e+01	3.636305679999999874e-01
7.785819798500000388e+01	4.524371421000000026e+01	2.718659399499999907e+01	7.785819798500000388e+01	5.048977002899999889e+01	3.011556330599999853e+01	3.491808789999999996e-01
7.998527336799999432e+01	4.526234246599999977e+01	2.688609806799999902e+01	7.998527336799999432e+01	4.997383191000000124e+01	2.906351538999999917e+01	3.361381030000000214e-01
8.217046016099999406e+01	4.591635852299999954e+01	2.700575095299999973e+01	8.217046016099999406e+01	5.181096578799999719e+01	2.936074973999999926e+01	3.286552240000000236e-01
8.441534595999999624e+01	4.595058782099999917e+01	2.662663086899999954e+01	8.441534595999999624e+01	5.091929429599999679e+01	2.769408268899999825e+01	3.154240569999999799e-01
8.672156173400000512e+01	4.661545909099999818e+01	2.641878761099999906e+01	8.672156173400000512e+01	5.208074132000000134e+01	2.661480339299999898e+01	3.046392050000000240e-01
8.909078300900000613e+01	4.693373385200000314e+01	2.652449806299999935e+01	8.909078300900000613e+01	5.145979482500000302e+01	2.713502662200000159e+01	2.977243789999999835e-01
9.152473108799999579e+01	4.711023862799999762e+01	2.644552672600000065e+01	9.152473108799999579e+01	5.104167723700000181e+01	2.768943579500000141e+01	2.889440529999999785e-01
9.402517429700000662e+01	4.738142175699999825e+01	2.631021020800000088e+01	9.402517429700000662e+01	5.138210241699999870e+01	2.782170409700000135e+01	2.798209139999999762e-01
9.659392927400000417e+01	4.775799883700000237e+01	2.616078356399999905e+01	9.659392927400000417e+01	5.248322510300000232e+01	2.728877457700000164e+01	2.708325850000000146e-01
9.923286228800000686e+01	4.810794954899999709e+01	2.585378824800000075e+01	9.923286228800000686e+01	5.262938542799999908e+01	2.593955453399999911e+01	2.605365570000000019e-01
1.019438905939999955e+02	4.808971430100000077e+01	2.564526096999999893e+01	1.019438905939999955e+02	5.142342263199999763e+01	2.531074369099999899e+01	2.515625100000000169e-01
1.047289838239999966e+02	4.846181212399999794e+01	2.585277406899999875e+01	1.047289838239999966e+02	5.169263784099999981e+01	2.635589061499999985e+01	2.468540519999999905e-01
1.075901654219999983e+02	4.856978182800000354e+01	2.546278385600000149e+01	1.075901654219999983e+02	5.092762109000000237e+01	2.535646922200000120e+01	2.366646040000000006e-01
