1.000000000000000056e-01	1.656526300000000021e-02	1.794596549999999957e-01	1.000000000000000056e-01	-1.209474070000000068e-01	2.653555599999999903e-01	1.794596547000000042e+00
1.027319859999999974e-01	1.666301499999999977e-02	1.843489110000000042e-01	1.027319859999999974e-01	-1.203110919999999945e-01	2.726764369999999937e-01	1.794464582999999891e+00
1.055386100000000049e-01	1.676593599999999865e-02	1.893706340000000099e-01	1.055386100000000049e-01	-1.196356630000000032e-01	2.802026890000000048e-01	1.794325632000000059e+00
1.084219109999999958e-01	1.687428499999999928e-02	1.945283529999999872e-01	1.084219109999999958e-01	-1.189185199999999998e-01	2.879402890000000159e-01	1.794179342999999927e+00
1.113839830000000058e-01	1.698833300000000129e-02	1.998256880000000013e-01	1.113839830000000058e-01	-1.181568759999999940e-01	2.958953870000000097e-01	1.794025348999999991e+00
1.144269779999999986e-01	1.710836099999999901e-02	2.052663530000000125e-01	1.144269779999999986e-01	-1.173477329999999957e-01	3.040743209999999808e-01	1.793863267999999955e+00
1.175531070000000039e-01	1.723466400000000023e-02	2.108541509999999897e-01	1.175531070000000039e-01	-1.164878720000000062e-01	3.124836129999999934e-01	1.793692701999999972e+00
1.207646420000000054e-01	1.736754899999999949e-02	2.165929839999999884e-01	1.207646420000000054e-01	-1.155738290000000029e-01	3.211299839999999794e-01	1.793513235999999900e+00
1.240639159999999963e-01	1.750733299999999992e-02	2.224868520000000127e-01	1.240639159999999963e-01	-1.146018770000000048e-01	3.300203460000000200e-01	1.793324436000000022e+00
1.274533250000000062e-01	1.765434999999999921e-02	2.285398529999999873e-01	1.274533250000000062e-01	-1.135680040000000002e-01	3.391618160000000048e-01	1.793125854999999991e+00
1.309353329999999871e-01	1.780894200000000122e-02	2.347561870000000050e-01	1.309353329999999871e-01	-1.124678880000000020e-01	3.485617089999999973e-01	1.792917026000000025e+00
1.345124679999999961e-01	1.797146800000000086e-02	2.411401609999999918e-01	1.345124679999999961e-01	-1.112968710000000055e-01	3.582275480000000067e-01	1.792697463000000102e+00
1.381873309999999966e-01	1.814229900000000062e-02	2.476961840000000137e-01	1.381873309999999966e-01	-1.100499300000000041e-01	3.681670599999999904e-01	1.792466665999999931e+00
1.419625899999999996e-01	1.832181700000000066e-02	2.544287760000000231e-01	1.419625899999999996e-01	-1.087216460000000051e-01	3.783881780000000195e-01	1.792224113999999924e+00
1.458409880000000047e-01	1.851042199999999860e-02	2.613425690000000245e-01	1.458409880000000047e-01	-1.073061700000000063e-01	3.888990410000000009e-01	1.791969270000000058e+00
1.498253439999999992e-01	1.870852099999999879e-02	2.684423060000000194e-01	1.498253439999999992e-01	-1.057971840000000024e-01	3.997079880000000141e-01	1.791701578999999933e+00
1.539185519999999863e-01	1.891653999999999905e-02	2.757328450000000042e-01	1.539185519999999863e-01	-1.041878620000000061e-01	4.108235559999999786e-01	1.791420468999999960e+00
1.581235860000000104e-01	1.913491299999999992e-02	2.832191640000000232e-01	1.581235860000000104e-01	-1.024708260000000010e-01	4.222544719999999918e-01	1.791125351999999893e+00
1.624435009999999902e-01	1.936408800000000152e-02	2.909063599999999750e-01	1.624435009999999902e-01	-1.006380959999999963e-01	4.340096460000000267e-01	1.790815623000000079e+00
1.668814349999999946e-01	1.960452500000000112e-02	2.987996520000000267e-01	1.668814349999999946e-01	-9.868103799999999870e-02	4.460981560000000234e-01	1.790490662999999927e+00
1.714406139999999912e-01	1.985669600000000007e-02	3.069043870000000007e-01	1.714406139999999912e-01	-9.659030799999999972e-02	4.585292309999999816e-01	1.790149838000000049e+00
1.761243479999999861e-01	2.012108199999999847e-02	3.152260370000000145e-01	1.761243479999999861e-01	-9.435578799999999600e-02	4.713122350000000238e-01	1.789792500999999980e+00
1.809360409999999919e-01	2.039817400000000155e-02	3.237702080000000038e-01	1.809360409999999919e-01	-9.196651799999999710e-02	4.844566379999999950e-01	1.789417996000000066e+00
1.858791890000000002e-01	2.068847199999999942e-02	3.325426380000000015e-01	1.858791890000000002e-01	-8.941062700000000640e-02	4.979719839999999786e-01	1.789025655000000103e+00
1.909573830000000083e-01	2.099248100000000034e-02	3.415492030000000234e-01	1.909573830000000083e-01	-8.667524599999999746e-02	5.118678580000000089e-01	1.788614804000000058e+00
1.961743129999999891e-01	2.131071500000000091e-02	3.507959179999999844e-01	1.961743129999999891e-01	-8.374642799999999776e-02	5.261538319999999880e-01	1.788184763999999927e+00
2.015337690000000015e-01	2.164369099999999962e-02	3.602889429999999726e-01	2.015337690000000015e-01	-8.060905100000000101e-02	5.408394149999999900e-01	1.787734855999999928e+00
2.070396439999999949e-01	2.199192599999999845e-02	3.700345850000000270e-01	2.070396439999999949e-01	-7.724672100000000430e-02	5.559339810000000215e-01	1.787264399999999975e+00
2.126959390000000005e-01	2.235594000000000123e-02	3.800393020000000233e-01	2.126959390000000005e-01	-7.364165999999999768e-02	5.714466959999999762e-01	1.786772725000000062e+00
2.185067629999999927e-01	2.273624900000000004e-02	3.903097079999999774e-01	2.185067629999999927e-01	-6.977459099999999692e-02	5.873864109999999972e-01	1.786259166000000009e+00
2.244763379999999975e-01	2.313336400000000001e-02	4.008525760000000160e-01	2.244763379999999975e-01	-6.562461699999999620e-02	6.037615610000000022e-01	1.785723076000000020e+00
2.306090010000000079e-01	2.354778899999999953e-02	4.116748470000000104e-01	2.306090010000000079e-01	-6.116908499999999804e-02	6.205800219999999534e-01	1.785163827999999953e+00
2.369092070000000105e-01	2.398001500000000036e-02	4.227836280000000224e-01	2.369092070000000105e-01	-5.638344800000000268e-02	6.378489569999999942e-01	1.784580821000000039e+00
2.433815350000000099e-01	2.443052100000000018e-02	4.341862060000000190e-01	2.433815350000000099e-01	-5.124111700000000269e-02	6.555746289999999643e-01	1.783973489000000079e+00
2.500306849999999748e-01	2.489976400000000131e-02	4.458900490000000105e-01	2.500306849999999748e-01	-4.571330900000000058e-02	6.737621820000000428e-01	1.783341306999999931e+00
2.568614900000000256e-01	2.538818199999999872e-02	4.579028159999999903e-01	2.568614900000000256e-01	-3.976888700000000276e-02	6.924153830000000509e-01	1.782683798999999958e+00
2.638789100000000221e-01	2.589618299999999970e-02	4.702323629999999866e-01	2.638789100000000221e-01	-3.337420199999999865e-02	7.115363260000000523e-01	1.782000548000000073e+00
2.710880460000000269e-01	2.642414599999999905e-02	4.828867539999999736e-01	2.710880460000000269e-01	-2.649292599999999998e-02	7.311250750000000131e-01	1.781291208999999931e+00
2.784941349999999760e-01	2.697241300000000064e-02	4.958742680000000069e-01	2.784941349999999760e-01	-1.908590099999999887e-02	7.511792590000000436e-01	1.780555515000000089e+00
2.861025569999999796e-01	2.754128399999999921e-02	5.092034109999999947e-01	2.861025569999999796e-01	-1.111098800000000046e-02	7.716935919999999838e-01	1.779793291000000055e+00
2.939188400000000145e-01	2.813101700000000122e-02	5.228829289999999963e-01	2.939188400000000145e-01	-2.522938000000000177e-03	7.926593189999999733e-01	1.779004467999999894e+00
3.019486630000000060e-01	2.874181500000000042e-02	5.369218190000000224e-01	3.019486630000000060e-01	6.726712000000000143e-03	8.140635750000000392e-01	1.778189095999999969e+00
3.101978590000000202e-01	2.937383000000000008e-02	5.513293449999999707e-01	3.101978590000000202e-01	1.668970399999999965e-02	8.358886389999999889e-01	1.777347358000000099e+00
3.186724220000000107e-01	3.002715099999999845e-02	5.661150520000000075e-01	3.186724220000000107e-01	2.742106299999999899e-02	8.581110779999999716e-01	1.776479582999999973e+00
3.273785100000000114e-01	3.070180700000000110e-02	5.812887860000000018e-01	3.273785100000000114e-01	3.897903199999999679e-02	8.807007620000000259e-01	1.775586266999999996e+00
3.363224459999999971e-01	3.139775899999999731e-02	5.968607110000000437e-01	3.363224459999999971e-01	5.142489199999999983e-02	9.036197379999999502e-01	1.774668085999999922e+00
3.455107290000000164e-01	3.211490000000000178e-02	6.128413329999999881e-01	3.455107290000000164e-01	6.482265299999999397e-02	9.268209490000000050e-01	1.773725911000000099e+00
3.549500360000000243e-01	3.285305499999999906e-02	6.292415199999999986e-01	3.549500360000000243e-01	7.923854900000000534e-02	9.502467909999999796e-01	1.772760831000000037e+00
3.646472219999999931e-01	3.361197600000000174e-02	6.460725269999999520e-01	3.646472219999999931e-01	9.474030799999999530e-02	9.738274900000000178e-01	1.771774162000000041e+00
3.746093349999999877e-01	3.439135399999999898e-02	6.633460239999999786e-01	3.746093349999999877e-01	1.113961110000000060e-01	9.974793159999999492e-01	1.770767468999999927e+00
3.848436109999999744e-01	3.519081400000000082e-02	6.810741249999999747e-01	3.848436109999999744e-01	1.292731609999999975e-01	1.021102621000000044e+00	1.769742579000000093e+00
3.953574859999999802e-01	3.600992799999999661e-02	6.992694160000000325e-01	3.953574859999999802e-01	1.484357789999999899e-01	1.044579748999999946e+00	1.768701595000000015e+00
4.061585990000000090e-01	3.684822399999999887e-02	7.179449919999999485e-01	4.061585990000000090e-01	1.689428940000000101e-01	1.067772852000000050e+00	1.767646908999999988e+00
4.172547970000000106e-01	3.770520200000000016e-02	7.371144819999999598e-01	4.172547970000000106e-01	1.908448060000000057e-01	1.090521695000000069e+00	1.766581208000000069e+00
4.286541409999999885e-01	3.858034899999999989e-02	7.567920940000000263e-01	4.286541409999999885e-01	2.141790809999999934e-01	1.112641575000000049e+00	1.765507485000000099e+00
4.403649139999999962e-01	3.947316499999999756e-02	7.769926400000000122e-01	4.403649139999999962e-01	2.389654149999999866e-01	1.133921535999999897e+00	1.764429035999999895e+00
4.523956230000000245e-01	4.038319299999999779e-02	7.977315790000000240e-01	4.523956230000000245e-01	2.651993340000000088e-01	1.154123135000000078e+00	1.763349462999999950e+00
4.647550100000000239e-01	4.131005000000000094e-02	8.190250449999999516e-01	4.647550100000000239e-01	2.928446120000000041e-01	1.172980099000000109e+00	1.762272653999999994e+00
4.774520540000000146e-01	4.225347000000000131e-02	8.408898839999999764e-01	4.774520540000000146e-01	3.218243310000000190e-01	1.190199333000000026e+00	1.761202780000000079e+00
4.904959790000000264e-01	4.321335400000000243e-02	8.633436799999999467e-01	4.904959790000000264e-01	3.520106550000000056e-01	1.205463841000000036e+00	1.760144257000000101e+00
5.038962630000000109e-01	4.418981899999999824e-02	8.864047819999999467e-01	5.038962630000000109e-01	3.832134939999999879e-01	1.218438241999999949e+00	1.759101720999999952e+00
5.176626399999999517e-01	4.518326400000000076e-02	9.100923229999999808e-01	5.176626399999999517e-01	4.151685390000000031e-01	1.228777639999999893e+00	1.758079979999999987e+00
5.318051129999999960e-01	4.619443699999999792e-02	9.344262319999999677e-01	5.318051129999999960e-01	4.475254289999999746e-01	1.236140637999999958e+00	1.757083957000000085e+00
5.463339560000000095e-01	4.722450899999999785e-02	9.594272350000000449e-01	5.463339560000000095e-01	4.798372280000000045e-01	1.240207190000000015e+00	1.756118623999999961e+00
5.612597259999999588e-01	4.827515100000000225e-02	9.851168500000000439e-01	5.612597259999999588e-01	5.115528740000000463e-01	1.240701714000000067e+00	1.755188916999999904e+00
5.765932649999999660e-01	4.934862400000000066e-02	1.011517360000000032e+00	5.765932649999999660e-01	5.420146839999999688e-01	1.237421397999999950e+00	1.754299644999999908e+00
5.923457149999999949e-01	5.044785499999999978e-02	1.038651779999999913e+00	5.923457149999999949e-01	5.704633369999999593e-01	1.230268839000000058e+00	1.753455379000000036e+00
6.085285190000000455e-01	5.157652800000000343e-02	1.066543795000000072e+00	6.085285190000000455e-01	5.960527949999999686e-01	1.219287081999999911e+00	1.752660330999999960e+00
6.251534349999999796e-01	5.273916099999999968e-02	1.095217695000000102e+00	6.251534349999999796e-01	6.178772000000000153e-01	1.204693916000000087e+00	1.751918222000000025e+00
6.422325420000000173e-01	5.394117600000000040e-02	1.124698269000000028e+00	6.422325420000000173e-01	6.350107029999999542e-01	1.186911027000000063e+00	1.751232139000000076e+00
6.597782479999999561e-01	5.518895900000000271e-02	1.155010695999999948e+00	6.597782479999999561e-01	6.465594510000000072e-01	1.166582814000000079e+00	1.750604387999999956e+00
6.778032999999999975e-01	5.648989699999999725e-02	1.186180404999999993e+00	6.778032999999999975e-01	6.517226099999999800e-01	1.144579602999999945e+00	1.750036337999999914e+00
6.963207940000000207e-01	5.785239300000000195e-02	1.218232919000000081e+00	6.963207940000000207e-01	6.498568470000000152e-01	1.121981096000000067e+00	1.749528277000000021e+00
7.153441830000000223e-01	5.928584499999999674e-02	1.251193680999999946e+00	7.153441830000000223e-01	6.405366789999999977e-01	1.100038268999999902e+00	1.749079268000000020e+00
7.348872889999999991e-01	6.080058800000000263e-02	1.285087867999999967e+00	7.348872889999999991e-01	6.236022829999999795e-01	1.080115342999999895e+00	1.748687026000000033e+00
7.549643099999999718e-01	6.240778899999999824e-02	1.319940206000000060e+00	7.549643099999999718e-01	5.991872679999999951e-01	1.063617164000000059e+00	1.748347819999999997e+00
7.755898319999999790e-01	6.411928699999999703e-02	1.355774781999999901e+00	7.755898319999999790e-01	5.677216510000000493e-01	1.051910424999999982e+00	1.748056414999999975e+00
7.967788409999999599e-01	6.594737700000000147e-02	1.392614881999999943e+00	7.967788409999999599e-01	5.299093169999999908e-01	1.046248685999999983e+00	1.747806053999999998e+00
8.185467309999999719e-01	6.790453300000000303e-02	1.430482859000000051e+00	8.185467309999999719e-01	4.866836179999999845e-01	1.047710525999999920e+00	1.747588506000000041e+00
8.409093159999999623e-01	7.000306700000000215e-02	1.469400051999999901e+00	8.409093159999999623e-01	4.391483010000000187e-01	1.057157630000000070e+00	1.747394188999999987e+00
8.638828440000000386e-01	7.225473699999999944e-02	1.509386783999999926e+00	8.638828440000000386e-01	3.885128809999999766e-01	1.075215755999999967e+00	1.747212361999999963e+00
8.874840059999999919e-01	7.467031500000000099e-02	1.550462449000000076e+00	8.874840059999999919e-01	3.360314649999999737e-01	1.102277541999999944e+00	1.747031425999999943e+00
9.117299479999999567e-01	7.725911600000000268e-02	1.592645719999999931e+00	9.117299479999999567e-01	2.829523319999999731e-01	1.138522787999999952e+00	1.746839317000000058e+00
9.366382869999999583e-01	8.002855300000000227e-02	1.635954899999999990e+00	9.366382869999999583e-01	2.304829079999999863e-01	1.183949855999999912e+00	1.746623988000000072e+00
9.622271169999999652e-01	8.298371499999999956e-02	1.680408421000000097e+00	9.622271169999999652e-01	1.797719160000000038e-01	1.238411181000000028e+00	1.746374000999999954e+00
9.885150310000000440e-01	8.612704399999999982e-02	1.726025512999999956e+00	9.885150310000000440e-01	1.319080880000000067e-01	1.301646242999999981e+00	1.746079176999999927e+00
1.015521128000000051e+00	8.945815899999999543e-02	1.772827018000000088e+00	1.015521128000000051e+00	8.793300099999999675e-02	1.373306262999999916e+00	1.745731299000000014e+00
1.043265026999999900e+00	9.297388700000000505e-02	1.820836346000000106e+00	1.043265026999999900e+00	4.886445899999999898e-02	1.452965829000000042e+00	1.745324821000000082e+00
1.071766884999999947e+00	9.666857199999999428e-02	1.870080506000000087e+00	1.071766884999999947e+00	1.572588399999999900e-02	1.540117324999999981e+00	1.744857515999999942e+00
1.101047410999999920e+00	1.005347080000000004e-01	1.920591144999999944e+00	1.101047410999999920e+00	-1.042400800000000023e-02	1.634144338000000030e+00	1.744331011999999959e+00
1.131127876999999948e+00	1.045639470000000043e-01	1.972405490999999955e+00	1.131127876999999948e+00	-2.846898999999999957e-02	1.734270463999999956e+00	1.743751110999999909e+00
1.162030136000000047e+00	1.087484860000000053e-01	2.025567067999999971e+00	1.162030136000000047e+00	-3.723179000000000072e-02	1.839480707000000104e+00	1.743127827999999990e+00
1.193776641999999999e+00	1.130827930000000009e-01	2.080126024000000129e+00	1.193776641999999999e+00	-3.550570599999999799e-02	1.948415586000000088e+00	1.742475058999999993e+00
1.226390456999999934e+00	1.175655810000000023e-01	2.136138927999999826e+00	1.226390456999999934e+00	-2.214447799999999869e-02	2.059245245000000057e+00	1.741809809000000042e+00
1.259895277999999896e+00	1.222018609999999950e-01	2.193667882000000180e+00	1.259895277999999896e+00	3.760961000000000165e-03	2.169545782000000145e+00	1.741150967999999910e+00
1.294315445000000064e+00	1.270048510000000019e-01	2.252778852000000054e+00	1.294315445000000064e+00	4.259231599999999812e-02	2.276225425999999885e+00	1.740517630000000038e+00
1.329675967000000014e+00	1.319974100000000095e-01	2.313539208999999985e+00	1.329675967000000014e+00	9.379567699999999397e-02	2.375582505000000122e+00	1.739927068999999937e+00
1.366002533999999935e+00	1.372126780000000046e-01	2.376014564000000107e+00	1.366002533999999935e+00	1.554079479999999902e-01	2.463605827999999942e+00	1.739392500999999980e+00
1.403321537999999924e+00	1.426935669999999934e-01	2.440265150000000105e+00	1.403321537999999924e+00	2.236693919999999947e-01	2.536615036000000156e+00	1.738920899000000020e+00
1.441660090999999921e+00	1.484908040000000040e-01	2.506342167000000121e+00	1.441660090999999921e+00	2.929801459999999969e-01	2.592232352999999989e+00	1.738511166999999968e+00
1.481046048999999920e+00	1.546594020000000014e-01	2.574284664999999972e+00	1.481046048999999920e+00	3.564755199999999902e-01	2.630459221000000181e+00	1.738153021000000020e+00
1.521508026000000013e+00	1.612536159999999885e-01	2.644117677000000111e+00	1.521508026000000013e+00	4.073033629999999738e-01	2.654396665000000155e+00	1.737826966999999945e+00
1.563075417999999939e+00	1.683208140000000130e-01	2.715852368999999822e+00	1.563075417999999939e+00	4.402925670000000236e-01	2.670118383000000151e+00	1.737505649000000041e+00
1.605778426000000092e+00	1.758950300000000078e-01	2.789488840000000192e+00	1.605778426000000092e+00	4.533581500000000153e-01	2.685542047000000210e+00	1.737156756000000080e+00
1.649648073999999909e+00	1.839914099999999941e-01	2.865021967000000114e+00	1.649648073999999909e+00	4.480339520000000131e-01	2.708683434000000112e+00	1.736747378000000008e+00
1.694716235000000015e+00	1.926030200000000137e-01	2.942450082000000133e+00	1.694716235000000015e+00	4.289905840000000081e-01	2.745988393000000194e+00	1.736249420999999904e+00
1.741015651999999969e+00	2.017015889999999867e-01	3.021785592000000076e+00	1.741015651999999969e+00	4.029030479999999859e-01	2.801268406999999794e+00	1.735645276000000070e+00
1.788579963000000106e+00	2.112433940000000010e-01	3.103065679000000188e+00	1.788579963000000106e+00	3.771885039999999800e-01	2.875318789000000042e+00	1.734932595999999938e+00
1.837443724999999972e+00	2.211806629999999996e-01	3.186360486999999964e+00	1.837443724999999972e+00	3.589155050000000235e-01	2.965964785999999798e+00	1.734126843999999945e+00
1.887642437000000006e+00	2.314774679999999918e-01	3.271775737000000017e+00	1.887642437000000006e+00	3.538469410000000259e-01	3.068259523000000044e+00	1.733260320999999937e+00
1.939212571999999968e+00	2.421273110000000117e-01	3.359447134999999918e+00	1.939212571999999968e+00	3.653704660000000048e-01	3.174803873000000110e+00	1.732376936000000089e+00
1.992191596000000064e+00	2.531679589999999980e-01	3.449525303000000154e+00	1.992191596000000064e+00	3.931447459999999894e-01	3.276525443999999787e+00	1.731522867000000021e+00
2.046617998999999966e+00	2.646881220000000257e-01	3.542152519000000055e+00	2.046617998999999966e+00	4.317493749999999908e-01	3.364507974999999984e+00	1.730734567999999918e+00
2.102531325000000173e+00	2.768210799999999971e-01	3.637435731000000061e+00	2.102531325000000173e+00	4.703832299999999855e-01	3.433176163999999808e+00	1.730026891000000067e+00
2.159972194999999928e+00	2.897228359999999836e-01	3.735423459000000168e+00	2.159972194999999928e+00	4.950265349999999898e-01	3.483941945000000207e+00	1.729384974000000019e+00
2.218982340999999803e+00	3.035369509999999993e-01	3.836095922999999797e+00	2.218982340999999803e+00	4.933329459999999944e-01	3.526969527999999965e+00	1.728763609999999895e+00
2.279604636999999823e+00	3.183541400000000077e-01	3.939376718000000110e+00	2.279604636999999823e+00	4.600376620000000139e-01	3.579041963999999965e+00	1.728096465999999998e+00
2.341883125999999926e+00	3.341803340000000233e-01	4.045169330000000230e+00	2.341883125999999926e+00	3.995957880000000073e-01	3.658367657999999967e+00	1.727314776999999912e+00
2.405863055000000195e+00	3.509293620000000224e-01	4.153412699000000430e+00	2.405863055000000195e+00	3.250518039999999997e-01	3.779588677000000008e+00	1.726371204000000104e+00
2.471590905999999865e+00	3.684525370000000244e-01	4.264138840000000208e+00	2.471590905999999865e+00	2.552779969999999787e-01	3.951244668000000182e+00	1.725260774000000108e+00
2.539114434000000031e+00	3.866052260000000240e-01	4.377506936999999709e+00	2.539114434000000031e+00	2.132263040000000054e-01	4.174940288000000166e+00	1.724029006999999947e+00
2.608482695000000184e+00	4.053319140000000154e-01	4.493788949999999893e+00	2.608482695000000184e+00	2.257982289999999892e-01	4.443523558999999956e+00	1.722759732999999960e+00
2.679746086999999832e+00	4.247335130000000070e-01	4.613296567999999986e+00	2.679746086999999832e+00	3.229586460000000159e-01	4.735546914000000385e+00	1.721542421999999961e+00
2.752956386000000144e+00	4.450751829999999853e-01	4.736267205999999952e+00	2.752956386000000144e+00	5.299428840000000029e-01	5.005733584999999763e+00	1.720429436999999950e+00
2.828166780000000102e+00	4.667093829999999777e-01	4.862757398000000286e+00	2.828166780000000102e+00	8.439533099999999566e-01	5.180098487999999612e+00	1.719402628999999960e+00
2.905431912000000061e+00	4.899284930000000204e-01	4.992607801000000123e+00	2.905431912000000061e+00	1.199666773999999991e+00	5.180165760999999591e+00	1.718370264000000036e+00
2.984807916999999922e+00	5.148112830000000084e-01	5.125526881999999951e+00	2.984807916999999922e+00	1.468893623000000037e+00	4.989637574999999714e+00	1.717204933999999961e+00
3.066352462999999862e+00	5.411596819999999752e-01	5.261283001999999875e+00	3.066352462999999862e+00	1.539496858999999995e+00	4.698753640999999703e+00	1.715811559999999902e+00
3.150124796000000060e+00	5.686023310000000164e-01	5.399914275000000430e+00	3.150124796000000060e+00	1.398626061000000087e+00	4.445172820999999885e+00	1.714190587999999904e+00
3.236185777000000208e+00	5.968519880000000555e-01	5.541811853999999649e+00	3.236185777000000208e+00	1.115098554000000020e+00	4.321413858999999746e+00	1.712451705999999962e+00
3.324597932000000089e+00	6.259780830000000185e-01	5.687567800000000062e+00	3.324597932000000089e+00	7.704310610000000281e-01	4.354997497000000273e+00	1.710753576000000109e+00
3.415425496000000116e+00	6.564843599999999890e-01	5.837624098000000039e+00	3.415425496000000116e+00	4.247500100000000112e-01	4.540534015999999617e+00	1.709193804999999955e+00
3.508734456000000002e+00	6.890591150000000553e-01	5.991942833999999607e+00	3.508734456000000002e+00	1.220009910000000031e-01	4.867872375000000140e+00	1.707721945999999935e+00
3.604592604000000033e+00	7.240987989999999597e-01	6.149990032999999912e+00	3.604592604000000033e+00	-9.003401299999999607e-02	5.328778047000000129e+00	1.706153983999999957e+00
3.703069584000000081e+00	7.613573300000000543e-01	6.311159696999999902e+00	3.703069584000000081e+00	-1.397763449999999963e-01	5.898350748999999560e+00	1.704304915999999892e+00
3.804236942000000177e+00	8.001033279999999470e-01	6.475389995999999648e+00	3.804236942000000177e+00	6.071437799999999940e-02	6.481814414999999663e+00	1.702152126000000099e+00
3.908168177999999937e+00	8.398093920000000434e-01	6.643416536000000150e+00	3.908168177999999937e+00	5.098727360000000486e-01	6.868663749000000429e+00	1.699879901000000082e+00
4.014938800999999557e+00	8.808285240000000016e-01	6.816264359999999911e+00	4.014938800999999557e+00	9.589883829999999998e-01	6.891567527000000304e+00	1.697725594000000005e+00
4.124626382999999841e+00	9.243009639999999472e-01	6.994280054999999940e+00	4.124626382999999841e+00	1.103471993000000095e+00	6.719150306000000406e+00	1.695736633000000104e+00
4.237310615000000169e+00	9.711366179999999515e-01	7.176670267000000436e+00	4.237310615000000169e+00	9.535186930000000283e-01	6.675967434000000367e+00	1.693685198000000058e+00
4.353073365000000194e+00	1.020992879000000020e+00	7.362281644000000291e+00	4.353073365000000194e+00	7.266378599999999688e-01	6.903146115000000194e+00	1.691283612000000103e+00
4.471998736999999835e+00	1.072554169000000002e+00	7.551055533000000430e+00	4.471998736999999835e+00	6.248060850000000110e-01	7.361794227999999940e+00	1.688519155999999910e+00
4.594173135000000130e+00	1.125188282000000095e+00	7.744432198000000156e+00	4.594173135000000130e+00	7.686545700000000370e-01	7.910661682999999833e+00	1.685707518999999932e+00
4.719685319999999962e+00	1.180109778000000054e+00	7.943777191999999765e+00	4.719685319999999962e+00	1.147941851999999985e+00	8.377507440000000472e+00	1.683115855000000050e+00
4.848626481000000155e+00	1.239174666999999896e+00	8.148491433000000228e+00	4.848626481000000155e+00	1.673546481999999891e+00	8.693057178000000107e+00	1.680577264999999931e+00
4.981090296999999723e+00	1.302381785999999986e+00	8.356604091999999540e+00	4.981090296999999723e+00	2.366338182999999873e+00	8.813789439000000669e+00	1.677665650000000008e+00
5.117173006999999885e+00	1.367675659000000099e+00	8.567711231000000538e+00	5.117173006999999885e+00	3.158644938000000124e+00	8.445173606999999194e+00	1.674305563000000108e+00
5.256973477999999922e+00	1.434139915000000043e+00	8.784069174000000757e+00	5.256973477999999922e+00	3.437809443999999992e+00	7.493185873999999913e+00	1.670936559000000043e+00
5.400593278999999747e+00	1.504033589999999920e+00	9.007318292000000781e+00	5.400593278999999747e+00	2.866938762999999835e+00	6.689323658000000172e+00	1.667838667000000052e+00
5.548136752999999644e+00	1.579563226000000098e+00	9.235494973999999857e+00	5.548136752999999644e+00	1.955845840999999918e+00	6.525988952999999704e+00	1.664611991999999985e+00
5.699711094000000422e+00	1.658952017000000057e+00	9.466146948000000449e+00	5.699711094000000422e+00	1.155593242999999992e+00	6.896367464999999974e+00	1.660811712999999967e+00
5.855426426000000184e+00	1.739461498000000050e+00	9.701190004000000755e+00	5.855426426000000184e+00	6.467550389999999760e-01	7.587934178000000252e+00	1.656786252000000070e+00
6.015395879999999806e+00	1.823151747999999905e+00	9.943876292000000561e+00	6.015395879999999806e+00	4.977499650000000164e-01	8.407223570999999396e+00	1.653070967999999974e+00
6.179735678000000121e+00	1.913649256000000021e+00	1.019215313599999995e+01	6.179735678000000121e+00	7.241252540000000515e-01	9.169538778999999806e+00	1.649286258999999921e+00
6.348565215999999900e+00	2.008654893000000108e+00	1.044239790099999965e+01	6.348565215999999900e+00	1.286177399000000054e+00	9.594437283999999622e+00	1.644843762999999903e+00
6.522007154999999834e+00	2.104624090999999808e+00	1.069766687499999946e+01	6.522007154999999834e+00	1.714562262999999920e+00	9.396846019999999911e+00	1.640241512000000013e+00
6.700187503999999628e+00	2.205519639999999892e+00	1.096150590000000058e+01	6.700187503999999628e+00	1.431173164999999914e+00	9.093081249000000810e+00	1.635999871999999966e+00
6.883235714999999644e+00	2.314487237999999891e+00	1.122919468399999943e+01	6.883235714999999644e+00	8.034090910000000196e-01	9.377706233999999696e+00	1.631383138999999982e+00
7.071284778999999965e+00	2.425960181000000215e+00	1.149881458499999987e+01	7.071284778999999965e+00	5.124907749999999540e-01	1.017311407500000087e+01	1.626128057999999932e+00
7.264471318000000011e+00	2.539847764000000119e+00	1.177690707800000069e+01	7.264471318000000011e+00	7.213210289999999469e-01	1.085582806200000050e+01	1.621165060000000047e+00
7.462935685999999791e+00	2.663060606000000163e+00	1.206143160399999914e+01	7.462935685999999791e+00	9.163808460000000267e-01	1.123793980499999989e+01	1.616177884000000065e+00
7.666822074999999792e+00	2.790996991000000094e+00	1.234651780000000088e+01	7.666822074999999792e+00	1.090722536999999992e+00	1.158587539100000008e+01	1.610382721999999989e+00
7.876278611000000041e+00	2.920341753000000207e+00	1.263950118600000039e+01	7.876278611000000041e+00	1.107770608999999906e+00	1.166627517999999952e+01	1.604755469999999962e+00
8.091457472000000095e+00	3.059982842000000147e+00	1.293990783799999988e+01	8.091457472000000095e+00	5.577131349999999710e-01	1.207330135599999998e+01	1.599206061999999928e+00
8.312514990000000381e+00	3.204786592000000045e+00	1.324006240399999967e+01	8.312514990000000381e+00	3.812536870000000078e-01	1.335379806699999961e+01	1.592786590000000002e+00
8.539611769000000407e+00	3.351528259000000176e+00	1.354928703200000051e+01	8.539611769000000407e+00	1.208235688999999891e+00	1.426821305900000070e+01	1.586639697000000071e+00
8.772912802000000454e+00	3.510452061000000068e+00	1.386418442000000084e+01	8.772912802000000454e+00	1.643367538999999988e+00	1.458681840899999926e+01	1.580339932000000003e+00
9.012587587000000511e+00	3.671939205999999789e+00	1.417917814399999976e+01	9.012587587000000511e+00	2.203692907999999839e+00	1.517291270900000022e+01	1.573263838999999997e+00
9.258810254000000128e+00	3.839533712999999793e+00	1.450567464899999948e+01	9.258810254000000128e+00	2.682686084000000193e+00	1.528664508600000005e+01	1.566688834999999891e+00
9.511759690999999961e+00	4.018615149999999581e+00	1.483211138100000070e+01	9.511759690999999961e+00	3.169291652000000070e+00	1.595402357899999934e+01	1.559344628000000066e+00
9.771619673000000006e+00	4.197747086999999766e+00	1.516486407700000072e+01	9.771619673000000006e+00	4.397741142000000103e+00	1.549332394900000054e+01	1.551929423000000030e+00
1.003857899399999987e+01	4.391059933000000193e+00	1.550478428399999942e+01	1.003857899399999987e+01	3.843053552000000206e+00	1.480753448299999953e+01	1.544519825999999929e+00
1.031283160699999968e+01	4.586425557000000097e+00	1.584390425199999974e+01	1.031283160699999968e+01	3.538234740000000045e+00	1.529402342100000034e+01	1.536329191999999955e+00
1.059457676399999926e+01	4.792290211000000077e+00	1.619495617700000167e+01	1.059457676399999926e+01	3.317731412000000102e+00	1.567734333199999952e+01	1.528608130000000065e+00
1.088401916099999944e+01	5.005445395999999825e+00	1.654234621799999871e+01	1.088401916099999944e+01	3.762780772999999801e+00	1.644853525099999914e+01	1.519874779000000009e+00
1.118136908399999996e+01	5.225032378999999949e+00	1.690233075400000118e+01	1.118136908399999996e+01	3.660779833999999955e+00	1.596779002299999917e+01	1.511651268000000048e+00
1.148684256700000006e+01	5.455660559000000021e+00	1.725846895900000177e+01	1.148684256700000006e+01	2.906707626999999849e+00	1.715038544300000112e+01	1.502455426999999899e+00
1.180066154400000045e+01	5.690982940999999684e+00	1.762667870900000011e+01	1.180066154400000045e+01	3.507453744999999845e+00	1.813610501899999861e+01	1.493702590000000052e+00
1.212305401300000085e+01	5.938451493999999720e+00	1.799070397499999885e+01	1.212305401300000085e+01	4.327331786000000236e+00	1.904585711200000020e+01	1.484007574000000051e+00
1.245425420099999947e+01	6.191614689999999754e+00	1.836704846199999963e+01	1.245425420099999947e+01	4.877358802999999909e+00	1.862057154200000042e+01	1.474761006999999902e+00
1.279450273199999977e+01	6.455013671999999758e+00	1.873801053400000072e+01	1.279450273199999977e+01	5.205217127000000055e+00	1.943077759899999890e+01	1.464536053000000004e+00
1.314404680700000050e+01	6.728400741999999823e+00	1.912150599399999962e+01	1.314404680700000050e+01	5.677448602000000122e+00	1.903143995900000007e+01	1.454765512999999899e+00
1.350314037899999953e+01	7.006739156000000079e+00	1.950011655999999860e+01	1.350314037899999953e+01	6.059686882000000274e+00	1.879854441999999892e+01	1.444117147000000045e+00
1.387204433800000025e+01	7.301608346000000083e+00	1.988721378099999981e+01	1.387204433800000025e+01	4.893376270000000083e+00	1.858376064799999838e+01	1.433618094999999926e+00
1.425102670300000085e+01	7.596922581000000285e+00	2.027639409300000040e+01	1.425102670300000085e+01	4.401082621999999667e+00	1.891970446899999914e+01	1.422802337000000028e+00
1.464036281499999959e+01	7.909137119000000382e+00	2.066346225999999930e+01	1.464036281499999959e+01	2.890340296000000198e+00	2.041559237399999915e+01	1.411403701000000011e+00
1.504033553600000062e+01	8.228914152999999843e+00	2.106125866500000043e+01	1.504033553600000062e+01	2.298036944000000137e+00	2.233848456699999829e+01	1.400318404999999933e+00
1.545123545799999931e+01	8.553551690999999124e+00	2.145453420500000163e+01	1.545123545799999931e+01	3.502358602000000154e+00	2.574258254100000087e+01	1.388531957000000094e+00
1.587336110999999939e+01	8.895874957000000194e+00	2.184952306599999972e+01	1.587336110999999939e+01	5.815833934999999677e+00	2.798273799200000056e+01	1.376490014999999900e+00
1.630701917700000081e+01	9.244764216000000090e+00	2.225293956899999870e+01	1.630701917700000081e+01	8.734881996000000370e+00	2.689729816899999904e+01	1.364623375999999944e+00
1.675252472400000059e+01	9.598798344000000426e+00	2.265266853700000027e+01	1.675252472400000059e+01	1.014140986299999980e+01	2.572703852800000135e+01	1.352194305999999902e+00
1.721020142200000080e+01	9.968467882000000557e+00	2.305051638600000175e+01	1.721020142200000080e+01	9.807062516000000230e+00	2.612397994299999837e+01	1.339351924000000027e+00
1.768038178500000157e+01	1.035021040400000025e+01	2.345478727900000138e+01	1.768038178500000157e+01	9.827513851999999162e+00	2.675563919500000054e+01	1.326599593000000077e+00
1.816340741100000145e+01	1.073702698399999989e+01	2.386156599099999909e+01	1.816340741100000145e+01	1.150111452800000045e+01	2.662000013999999837e+01	1.313716389000000095e+00
1.865962923200000034e+01	1.113172919099999980e+01	2.426467834199999984e+01	1.865962923200000034e+01	1.300088633000000016e+01	2.563743143800000013e+01	1.300383733999999958e+00
1.916940776499999899e+01	1.153932012799999995e+01	2.466536004599999998e+01	1.916940776499999899e+01	1.276961149599999956e+01	2.510917515899999941e+01	1.286704333999999950e+00
1.969311337899999970e+01	1.195968377500000024e+01	2.506738644400000027e+01	1.969311337899999970e+01	1.183477412400000084e+01	2.565859403900000046e+01	1.272901139000000015e+00
2.023112655899999979e+01	1.238997293899999974e+01	2.547155483999999959e+01	2.023112655899999979e+01	1.184528456199999980e+01	2.658536925199999956e+01	1.259028001999999979e+00
2.078383818600000055e+01	1.282852825099999983e+01	2.587620508399999864e+01	2.078383818600000055e+01	1.265225330900000067e+01	2.634424657399999958e+01	1.245015710999999969e+00
2.135164981899999859e+01	1.327546981699999940e+01	2.627965075399999861e+01	2.135164981899999859e+01	1.291109319899999974e+01	2.539792713399999968e+01	1.230801881000000098e+00
2.193497398899999951e+01	1.373153084199999974e+01	2.668115723800000083e+01	2.193497398899999951e+01	1.184762993800000075e+01	2.504835238800000141e+01	1.216375148000000017e+00
2.253423449599999984e+01	1.419721455500000040e+01	2.708064218100000176e+01	2.253423449599999984e+01	1.087079105800000001e+01	2.589799818399999864e+01	1.201755585999999987e+00
2.314986671899999848e+01	1.467265689599999945e+01	2.747816327199999975e+01	2.314986671899999848e+01	9.829503642000000596e+00	2.767229911300000111e+01	1.186968529999999911e+00
2.378231793000000138e+01	1.515778498499999927e+01	2.787363596599999838e+01	2.378231793000000138e+01	1.042940170099999975e+01	3.036708583700000119e+01	1.172031929000000083e+00
2.443204762199999891e+01	1.565242618599999957e+01	2.826673547000000042e+01	2.443204762199999891e+01	1.205898385899999958e+01	3.265032404499999785e+01	1.156953190999999936e+00
2.509952784100000045e+01	1.615622461999999970e+01	2.865689668299999937e+01	2.509952784100000045e+01	1.498650750400000042e+01	3.308124822900000339e+01	1.141730507999999977e+00
2.578524352899999883e+01	1.666837463599999936e+01	2.904352124900000121e+01	2.578524352899999883e+01	1.647913160999999960e+01	3.218915295299999713e+01	1.126362107999999917e+00
2.648969287599999944e+01	1.718751160100000064e+01	2.942664748700000032e+01	2.648969287599999944e+01	1.646705373600000044e+01	3.145040833599999885e+01	1.110871598999999987e+00
2.721338768400000063e+01	1.771264618800000079e+01	2.980782342399999862e+01	2.721338768400000063e+01	1.646203642000000045e+01	3.160308335899999932e+01	1.095336743000000057e+00
2.795685373499999926e+01	1.824543526300000096e+01	3.018924163799999860e+01	2.795685373499999926e+01	1.661693084499999884e+01	3.229918468099999984e+01	1.079851185000000102e+00
2.872063117800000143e+01	1.879007911600000114e+01	3.056923013899999830e+01	2.872063117800000143e+01	1.681009767700000168e+01	3.255687785800000000e+01	1.064364845000000059e+00
2.950527491700000127e+01	1.934541857900000039e+01	3.094075218100000058e+01	2.950527491700000127e+01	1.719845048599999870e+01	3.293144703099999759e+01	1.048651546999999962e+00
3.031135501600000026e+01	1.990151079800000034e+01	3.130467284799999916e+01	3.031135501600000026e+01	1.707782970399999911e+01	3.352116369800000228e+01	1.032770485999999988e+00
3.113945711299999886e+01	2.046147732700000077e+01	3.167329633499999986e+01	3.113945711299999886e+01	1.681929210599999891e+01	3.411781521500000025e+01	1.017143498000000035e+00
3.199018284799999989e+01	2.103811225100000115e+01	3.203681757399999697e+01	3.199018284799999989e+01	1.593272565800000073e+01	3.589977568599999813e+01	1.001457781999999908e+00
3.286415029399999810e+01	2.161255749200000054e+01	3.238835635600000273e+01	3.286415029399999810e+01	1.732164804499999988e+01	3.958233220900000049e+01	9.855224030000000468e-01
3.376199441100000342e+01	2.219447235599999857e+01	3.274844197000000179e+01	3.376199441100000342e+01	2.098453206099999946e+01	4.036205972700000189e+01	9.699794859999999463e-01
3.468436750800000112e+01	2.278572419500000024e+01	3.309172580500000294e+01	3.468436750800000112e+01	2.345396524499999913e+01	3.997339281200000016e+01	9.540818580000000049e-01
3.563193971199999766e+01	2.337573756000000103e+01	3.344315423700000167e+01	3.563193971199999766e+01	2.429879465699999841e+01	3.730702504700000333e+01	9.385723740000000426e-01
3.660539946000000100e+01	2.397603489200000126e+01	3.377804977499999950e+01	3.660539946000000100e+01	2.298689711200000119e+01	3.799892001599999958e+01	9.227614029999999801e-01
3.760545399699999791e+01	2.457949804400000104e+01	3.412198674599999748e+01	3.760545399699999791e+01	2.273887738000000169e+01	3.860640313900000109e+01	9.073680309999999638e-01
3.863282988699999976e+01	2.518133959400000066e+01	3.445123329599999806e+01	3.863282988699999976e+01	2.435734830599999867e+01	4.055908219300000184e+01	8.917605410000000177e-01
3.968827354599999779e+01	2.579729188299999976e+01	3.477899662000000092e+01	3.968827354599999779e+01	2.492251923899999966e+01	4.103378862999999654e+01	8.763040949999999496e-01
4.077255178299999727e+01	2.641100511499999826e+01	3.510984472799999878e+01	4.077255178299999727e+01	2.530923535599999852e+01	4.077450582899999887e+01	8.611147249999999698e-01
4.188645235399999933e+01	2.702315306699999908e+01	3.543170906800000353e+01	4.188645235399999933e+01	2.664714336999999844e+01	4.203131456399999877e+01	8.458990220000000004e-01
4.303078453700000239e+01	2.764133657600000049e+01	3.574636612199999774e+01	4.303078453700000239e+01	2.856967572599999983e+01	4.330508137099999999e+01	8.307161140000000055e-01
4.420637972000000104e+01	2.826458845200000169e+01	3.605881678099999732e+01	4.420637972000000104e+01	2.969104990199999961e+01	4.287839222800000272e+01	8.156925990000000182e-01
4.541409200399999690e+01	2.888975496600000170e+01	3.636959736499999707e+01	4.541409200399999690e+01	2.911158546900000132e+01	4.288574552499999726e+01	8.008438740000000111e-01
4.665479882199999651e+01	2.951546073100000100e+01	3.667765962699999704e+01	4.665479882199999651e+01	2.931858694700000001e+01	4.445048687399999920e+01	7.861497760000000223e-01
4.792940158300000064e+01	3.014125171999999964e+01	3.698268822600000050e+01	4.792940158300000064e+01	3.102043403700000113e+01	4.540036210499999925e+01	7.716075519999999743e-01
4.923882631699999735e+01	3.076690843200000103e+01	3.728555441400000348e+01	4.923882631699999735e+01	3.199002027399999903e+01	4.582677573800000204e+01	7.572388949999999674e-01
5.058402435699999700e+01	3.139349100300000117e+01	3.758781064099999725e+01	5.058402435699999700e+01	3.388715656299999779e+01	4.647918948200000244e+01	7.430767150000000543e-01
5.196597302499999671e+01	3.202406071800000120e+01	3.788842666000000037e+01	5.196597302499999671e+01	3.505386699900000025e+01	4.644715966999999779e+01	7.291006880000000523e-01
5.338567634199999645e+01	3.265681969500000292e+01	3.818119027200000204e+01	5.338567634199999645e+01	3.620122379899999743e+01	4.634650344599999983e+01	7.151954019999999801e-01
5.484416576099999929e+01	3.328076999900000033e+01	3.847005029000000320e+01	5.484416576099999929e+01	3.746101709700000271e+01	4.721560585200000304e+01	7.014428929999999562e-01
5.634250091300000207e+01	3.390689295800000025e+01	3.876803264299999796e+01	5.634250091300000207e+01	3.881424887499999699e+01	4.596826661400000091e+01	6.880779519999999927e-01
5.788177037700000227e+01	3.453754160500000125e+01	3.905308412099999771e+01	5.788177037700000227e+01	3.851562975699999924e+01	4.695255358299999671e+01	6.747043820000000469e-01
5.946309247399999975e+01	3.515781466100000330e+01	3.934723583099999900e+01	5.946309247399999975e+01	4.021086310399999775e+01	4.699488468199999858e+01	6.617085350000000421e-01
6.108761607499999968e+01	3.578431826199999932e+01	3.962992492099999708e+01	6.108761607499999968e+01	4.110716782699999783e+01	4.850177732099999872e+01	6.487390969999999868e-01
6.275652144000000021e+01	3.640801522200000306e+01	3.992385967799999946e+01	6.275652144000000021e+01	4.268713031899999777e+01	4.761665659399999839e+01	6.361706919999999821e-01
6.447102107300000284e+01	3.702275615300000311e+01	4.021184362500000020e+01	6.447102107300000284e+01	4.464042714899999709e+01	4.686681394200000028e+01	6.237196640000000070e-01
6.623236060300000361e+01	3.764004301199999958e+01	4.049645674100000292e+01	6.623236060300000361e+01	4.498519575499999945e+01	4.697373845900000333e+01	6.114300679999999932e-01
6.804181968899999333e+01	3.825701996600000143e+01	4.078412868099999855e+01	6.804181968899999333e+01	4.478907553500000205e+01	4.762749797099999682e+01	5.993979710000000294e-01
6.990071295200000634e+01	3.887011261899999681e+01	4.107418198900000306e+01	6.990071295200000634e+01	4.545788578500000199e+01	4.865021202300000169e+01	5.876074829999999860e-01
7.181039092499999299e+01	3.947854204899999786e+01	4.136587767799999682e+01	7.181039092499999299e+01	4.718712227099999978e+01	4.926034813700000115e+01	5.760430650000000208e-01
7.377224104200000454e+01	4.008263066300000332e+01	4.166075262500000065e+01	7.377224104200000454e+01	4.905813097400000089e+01	4.882989462999999830e+01	5.647212560000000048e-01
7.578768863599999861e+01	4.068581779800000220e+01	4.196017533100000207e+01	7.578768863599999861e+01	4.981176350799999852e+01	4.784395485900000011e+01	5.536542420000000186e-01
7.785819798500000388e+01	4.128995440500000313e+01	4.225732390900000013e+01	7.785819798500000388e+01	4.984953344200000203e+01	4.820072820800000102e+01	5.427472639999999515e-01
7.998527336799999432e+01	4.188097812499999861e+01	4.255371239899999836e+01	7.998527336799999432e+01	5.167115332000000194e+01	4.896147417800000312e+01	5.320193410000000345e-01
8.217046016099999406e+01	4.247397723800000335e+01	4.286410085299999650e+01	8.217046016099999406e+01	5.251818960300000327e+01	4.767809875300000044e+01	5.216485429999999646e-01
8.441534595999999624e+01	4.305792404999999690e+01	4.316652366900000004e+01	8.441534595999999624e+01	5.355691427099999657e+01	4.821270818699999694e+01	5.113587250000000139e-01
8.672156173400000512e+01	4.364544393399999933e+01	4.348043436799999739e+01	8.672156173400000512e+01	5.303561921899999732e+01	4.800324089899999791e+01	5.013797429999999888e-01
8.909078300900000613e+01	4.422110982800000301e+01	4.380077347600000337e+01	8.909078300900000613e+01	5.391191415499999806e+01	4.812177942800000352e+01	4.916420309999999794e-01
9.152473108799999579e+01	4.479157842800000111e+01	4.412233623400000226e+01	9.152473108799999579e+01	5.549256080499999655e+01	4.855976668099999927e+01	4.820810260000000236e-01
9.402517429700000662e+01	4.535912070599999879e+01	4.444925186300000064e+01	9.402517429700000662e+01	5.752769512900000137e+01	4.859529110900000148e+01	4.727377770000000257e-01
9.659392927400000417e+01	4.592343986099999853e+01	4.478269138299999952e+01	9.659392927400000417e+01	5.821143027200000120e+01	4.769838516299999753e+01	4.636180730000000194e-01
9.923286228800000686e+01	4.648366806800000006e+01	4.511983342599999958e+01	9.923286228800000686e+01	5.845772546999999975e+01	4.722987866900000142e+01	4.546864050000000157e-01
1.019438905939999955e+02	4.703221735200000353e+01	4.546185299900000132e+01	1.019438905939999955e+02	5.902716597700000278e+01	4.752043877399999872e+01	4.459497550000000032e-01
1.047289838239999966e+02	4.757750941799999822e+01	4.582090868699999930e+01	1.047289838239999966e+02	5.862805066500000351e+01	4.657700221999999712e+01	4.375188890000000219e-01
1.075901654219999983e+02	4.811849867600000152e+01	4.617588429799999972e+01	1.075901654219999983e+02	5.888697123699999736e+01	4.899953385700000297e+01	4.291831329999999944e-01
