1.000000000000000056e-01	1.334707499999999991e-02	2.999041570000000045e-01	1.000000000000000056e-01	-7.023049500000000389e-02	3.455973529999999960e-01	2.999041565000000187e+00
1.027319859999999974e-01	1.410022000000000011e-02	3.081214199999999792e-01	1.027319859999999974e-01	-6.890968899999999620e-02	3.550458599999999909e-01	2.999274434999999794e+00
1.055386100000000049e-01	1.489666599999999938e-02	3.165650380000000208e-01	1.055386100000000049e-01	-6.751204900000000453e-02	3.647524580000000016e-01	2.999518722999999998e+00
1.084219109999999958e-01	1.573899299999999973e-02	3.252413250000000255e-01	1.084219109999999958e-01	-6.603290400000000337e-02	3.747241049999999740e-01	2.999774889000000222e+00
1.113839830000000058e-01	1.662994699999999909e-02	3.341567819999999855e-01	1.113839830000000058e-01	-6.446727700000000338e-02	3.849679229999999897e-01	3.000043396000000140e+00
1.144269779999999986e-01	1.757244399999999956e-02	3.433180900000000202e-01	1.144269779999999986e-01	-6.280985999999999514e-02	3.954912079999999830e-01	3.000324711999999838e+00
1.175531070000000039e-01	1.856959199999999935e-02	3.527321230000000085e-01	1.175531070000000039e-01	-6.105499799999999921e-02	4.063014209999999959e-01	3.000619303000000127e+00
1.207646420000000054e-01	1.962469799999999945e-02	3.624059519999999757e-01	1.207646420000000054e-01	-5.919665300000000185e-02	4.174061940000000082e-01	3.000927631999999790e+00
1.240639159999999963e-01	2.074128399999999872e-02	3.723468469999999808e-01	1.240639159999999963e-01	-5.722838599999999915e-02	4.288133250000000229e-01	3.001250155000000142e+00
1.274533250000000062e-01	2.192310499999999829e-02	3.825622850000000019e-01	1.274533250000000062e-01	-5.514331799999999673e-02	4.405307760000000128e-01	3.001587317999999893e+00
1.309353329999999871e-01	2.317415999999999920e-02	3.930599539999999892e-01	1.309353329999999871e-01	-5.293410400000000265e-02	4.525666700000000042e-01	3.001939549999999901e+00
1.345124679999999961e-01	2.449871899999999866e-02	4.038477589999999728e-01	1.345124679999999961e-01	-5.059289200000000042e-02	4.649292839999999982e-01	3.002307255999999924e+00
1.381873309999999966e-01	2.590133400000000155e-02	4.149338280000000045e-01	1.381873309999999966e-01	-4.811128800000000205e-02	4.776270429999999734e-01	3.002690813000000070e+00
1.419625899999999996e-01	2.738686800000000171e-02	4.263265130000000180e-01	1.419625899999999996e-01	-4.548031400000000085e-02	4.906685100000000022e-01	3.003090559999999964e+00
1.458409880000000047e-01	2.896051100000000128e-02	4.380343990000000187e-01	1.458409880000000047e-01	-4.269035899999999717e-02	5.040623760000000342e-01	3.003506789999999871e+00
1.498253439999999992e-01	3.062781399999999973e-02	4.500663049999999998e-01	1.498253439999999992e-01	-3.973113400000000128e-02	5.178174439999999601e-01	3.003939737000000054e+00
1.539185519999999863e-01	3.239470800000000122e-02	4.624312919999999938e-01	1.539185519999999863e-01	-3.659161999999999831e-02	5.319426099999999824e-01	3.004389564999999873e+00
1.581235860000000104e-01	3.426754199999999806e-02	4.751386630000000166e-01	1.581235860000000104e-01	-3.326000400000000273e-02	5.464468449999999589e-01	3.004856353000000091e+00
1.624435009999999902e-01	3.625310799999999917e-02	4.881979650000000115e-01	1.624435009999999902e-01	-2.972362400000000057e-02	5.613391660000000005e-01	3.005340079999999858e+00
1.668814349999999946e-01	3.835868299999999759e-02	5.016189939999999847e-01	1.668814349999999946e-01	-2.596889600000000173e-02	5.766286040000000446e-01	3.005840601000000056e+00
1.714406139999999912e-01	4.059206499999999662e-02	5.154117969999999493e-01	1.714406139999999912e-01	-2.198124499999999995e-02	5.923241700000000387e-01	3.006357632999999918e+00
1.761243479999999861e-01	4.296161700000000055e-02	5.295866670000000109e-01	1.761243479999999861e-01	-1.774502400000000160e-02	6.084348040000000513e-01	3.006890719999999906e+00
1.809360409999999919e-01	4.547630999999999896e-02	5.441541450000000335e-01	1.809360409999999919e-01	-1.324343000000000048e-02	6.249693280000000462e-01	3.007439213000000056e+00
1.858791890000000002e-01	4.814577700000000071e-02	5.591250159999999747e-01	1.858791890000000002e-01	-8.458413999999999169e-03	6.419363769999999469e-01	3.008002230999999860e+00
1.909573830000000083e-01	5.098036599999999918e-02	5.745103019999999727e-01	1.909573830000000083e-01	-3.370581000000000098e-03	6.593443300000000340e-01	3.008578624000000090e+00
1.961743129999999891e-01	5.399120400000000097e-02	5.903212549999999892e-01	1.961743129999999891e-01	2.040914000000000009e-03	6.772012139999999958e-01	3.009166931000000211e+00
2.015337690000000015e-01	5.719025500000000234e-02	6.065693490000000354e-01	2.015337690000000015e-01	7.798478000000000181e-03	6.955146100000000331e-01	3.009765325000000047e+00
2.070396439999999949e-01	6.059040300000000101e-02	6.232662559999999630e-01	2.070396439999999949e-01	1.392619699999999953e-02	7.142915229999999838e-01	3.010371562000000001e+00
2.126959390000000005e-01	6.420552000000000203e-02	6.404238359999999686e-01	2.126959390000000005e-01	2.044996599999999998e-02	7.335382440000000059e-01	3.010982908999999985e+00
2.185067629999999927e-01	6.805055999999999605e-02	6.580541090000000537e-01	2.185067629999999927e-01	2.739761699999999911e-02	7.532601789999999742e-01	3.011596072000000124e+00
2.244763379999999975e-01	7.214164700000000319e-02	6.761692200000000152e-01	2.244763379999999975e-01	3.479905700000000129e-02	7.734616579999999963e-01	3.012207108000000133e+00
2.306090010000000079e-01	7.649618299999999538e-02	6.947814089999999609e-01	2.306090010000000079e-01	4.268641199999999997e-02	7.941457050000000351e-01	3.012811323000000208e+00
2.369092070000000105e-01	8.113295600000000607e-02	7.139029550000000057e-01	2.369092070000000105e-01	5.109416800000000231e-02	8.153137700000000487e-01	3.013403164000000078e+00
2.433815350000000099e-01	8.607226399999999555e-02	7.335461239999999661e-01	2.433815350000000099e-01	6.005931700000000095e-02	8.369654229999999862e-01	3.013976081000000029e+00
2.500306849999999748e-01	9.133604900000000248e-02	7.537230969999999530e-01	2.500306849999999748e-01	6.962149500000000546e-02	8.590979960000000304e-01	3.014522383000000083e+00
2.568614900000000256e-01	9.694803800000000027e-02	7.744458840000000288e-01	2.568614900000000256e-01	7.982311200000000162e-02	8.817061609999999883e-01	3.015033063999999818e+00
2.638789100000000221e-01	1.029339050000000061e-01	7.957262229999999548e-01	2.638789100000000221e-01	9.070947199999999933e-02	9.047814560000000395e-01	3.015497606999999913e+00
2.710880460000000269e-01	1.093214400000000058e-01	8.175754579999999772e-01	2.710880460000000269e-01	1.023288599999999937e-01	9.283117250000000320e-01	3.015903758999999962e+00
2.784941349999999760e-01	1.161407299999999976e-01	8.400043900000000452e-01	2.784941349999999760e-01	1.147326010000000035e-01	9.522804839999999826e-01	3.016237271000000053e+00
2.861025569999999796e-01	1.234243599999999969e-01	8.630231000000000430e-01	2.861025569999999796e-01	1.279750689999999969e-01	9.766661869999999634e-01	3.016481605000000066e+00
2.939188400000000145e-01	1.312076269999999933e-01	8.866407440000000362e-01	2.939188400000000145e-01	1.421136299999999908e-01	1.001441393999999985e+00	3.016617595000000041e+00
3.019486630000000060e-01	1.395287610000000011e-01	9.108652980000000454e-01	3.019486630000000060e-01	1.572084940000000042e-01	1.026571823999999911e+00	3.016623059000000051e+00
3.101978590000000202e-01	1.484291660000000013e-01	9.357032680000000324e-01	3.101978590000000202e-01	1.733224519999999880e-01	1.052015291000000019e+00	3.016472360999999935e+00
3.186724220000000107e-01	1.579536739999999884e-01	9.611593330000000046e-01	3.186724220000000107e-01	1.905204630000000010e-01	1.077720505999999911e+00	3.016135899000000009e+00
3.273785100000000114e-01	1.681507989999999897e-01	9.872359339999999817e-01	3.273785100000000114e-01	2.088690460000000026e-01	1.103625760999999983e+00	3.015579535000000089e+00
3.363224459999999971e-01	1.790730020000000089e-01	1.013932781000000061e+00	3.363224459999999971e-01	2.284354319999999938e-01	1.129657475999999994e+00	3.014763937000000116e+00
3.455107290000000164e-01	1.907769589999999960e-01	1.041246279000000108e+00	3.455107290000000164e-01	2.492864049999999887e-01	1.155728638000000030e+00	3.013643833999999799e+00
3.549500360000000243e-01	2.033238069999999953e-01	1.069168845000000090e+00	3.549500360000000243e-01	2.714867830000000093e-01	1.181737159999999953e+00	3.012167172999999920e+00
3.646472219999999931e-01	2.167793849999999911e-01	1.097688111999999938e+00	3.646472219999999931e-01	2.950974310000000211e-01	1.207564177000000072e+00	3.010274164000000141e+00
3.746093349999999877e-01	2.312144279999999996e-01	1.126785997999999900e+00	3.746093349999999877e-01	3.201727500000000060e-01	1.233072382000000022e+00	3.007896208000000016e+00
3.848436109999999744e-01	2.467047129999999922e-01	1.156437616999999918e+00	3.848436109999999744e-01	3.467575199999999858e-01	1.258104461000000063e+00	3.004954698999999785e+00
3.953574859999999802e-01	2.633311159999999762e-01	1.186610020999999904e+00	3.953574859999999802e-01	3.748830309999999777e-01	1.282481795000000036e+00	3.001359687999999970e+00
4.061585990000000090e-01	2.811795650000000202e-01	1.217260738000000009e+00	4.061585990000000090e-01	4.045624050000000138e-01	1.306003580999999913e+00	2.997008414000000176e+00
4.172547970000000106e-01	3.003408169999999822e-01	1.248336098000000005e+00	4.172547970000000106e-01	4.357850609999999736e-01	1.328446626000000075e+00	2.991783697999999880e+00
4.286541409999999885e-01	3.209100289999999855e-01	1.279769323000000014e+00	4.286541409999999885e-01	4.685103090000000137e-01	1.349566108000000098e+00	2.985552223000000005e+00
4.403649139999999962e-01	3.429860410000000193e-01	1.311478364000000063e+00	4.403649139999999962e-01	5.026601410000000048e-01	1.369097647000000029e+00	2.978162708999999797e+00
4.523956230000000245e-01	3.666702749999999900e-01	1.343363486000000107e+00	4.523956230000000245e-01	5.381113789999999453e-01	1.386761115000000100e+00	2.969444037000000147e+00
4.647550100000000239e-01	3.920651629999999943e-01	1.375304601000000071e+00	4.647550100000000239e-01	5.746874910000000503e-01	1.402266602000000084e+00	2.959203389999999878e+00
4.774520540000000146e-01	4.192719529999999750e-01	1.407158391000000064e+00	4.774520540000000146e-01	6.121505779999999453e-01	1.415322986000000061e+00	2.947224500999999997e+00
4.904959790000000264e-01	4.483877589999999969e-01	1.438755259999999980e+00	4.904959790000000264e-01	6.501942200000000449e-01	1.425649447999999930e+00	2.933266167000000202e+00
5.038962630000000109e-01	4.795016739999999889e-01	1.469896236999999939e+00	5.038962630000000109e-01	6.884381489999999992e-01	1.432990136999999997e+00	2.917061202000000186e+00
5.176626399999999517e-01	5.126897540000000530e-01	1.500349978000000029e+00	5.176626399999999517e-01	7.264258710000000008e-01	1.437131890999999939e+00	2.898316127999999825e+00
5.318051129999999960e-01	5.480087000000000153e-01	1.529850104999999960e+00	5.318051129999999960e-01	7.636265290000000538e-01	1.437924532999999894e+00	2.876711916000000091e+00
5.463339560000000095e-01	5.854880220000000524e-01	1.558093214999999976e+00	5.463339560000000095e-01	7.994423090000000176e-01	1.435302740000000021e+00	2.851906232000000152e+00
5.612597259999999588e-01	6.251205909999999477e-01	1.584738003000000006e+00	5.612597259999999588e-01	8.332224400000000086e-01	1.429307896999999938e+00	2.823537715000000059e+00
5.765932649999999660e-01	6.668514779999999975e-01	1.609406082000000016e+00	5.765932649999999660e-01	8.642844029999999789e-01	1.420107789000000009e+00	2.791232883999999803e+00
5.923457149999999949e-01	7.105652230000000236e-01	1.631685201999999890e+00	5.923457149999999949e-01	8.919421539999999871e-01	1.408011568999999907e+00	2.754616368999999843e+00
6.085285190000000455e-01	7.560718090000000391e-01	1.651135706000000036e+00	6.085285190000000455e-01	9.155402009999999979e-01	1.393477341000000091e+00	2.713325102000000211e+00
6.251534349999999796e-01	8.030920030000000542e-01	1.667301123000000107e+00	6.251534349999999796e-01	9.344912220000000103e-01	1.377110035999999926e+00	2.667027050999999815e+00
6.422325420000000173e-01	8.512430770000000146e-01	1.679723760999999982e+00	6.422325420000000173e-01	9.483139560000000134e-01	1.359648097000000000e+00	2.615444795999999794e+00
6.597782479999999561e-01	9.000264449999999528e-01	1.687965987999999973e+00	6.597782479999999561e-01	9.566674689999999925e-01	1.341938824999999946e+00	2.558383811000000119e+00
6.778032999999999975e-01	9.488191980000000303e-01	1.691637491999999909e+00	6.778032999999999975e-01	9.593778670000000508e-01	1.324903771000000008e+00	2.495764615000000131e+00
6.963207940000000207e-01	9.968719980000000369e-01	1.690428091000000022e+00	6.963207940000000207e-01	9.564542649999999702e-01	1.309497101000000052e+00	2.427657058999999951e+00
7.153441830000000223e-01	1.043315935999999944e+00	1.684144743999999916e+00	7.153441830000000223e-01	9.480921020000000476e-01	1.296660989999999902e+00	2.354313884999999829e+00
7.348872889999999991e-01	1.087180809999999997e+00	1.672750168000000093e+00	7.348872889999999991e-01	9.346636699999999465e-01	1.287282521999999929e+00	2.276199619999999868e+00
7.549643099999999718e-01	1.127426480000000009e+00	1.656399238000000107e+00	7.549643099999999718e-01	9.166974610000000467e-01	1.282156242999999973e+00	2.194009988999999994e+00
7.755898319999999790e-01	1.162987556999999894e+00	1.635468270000000057e+00	7.755898319999999790e-01	8.948493400000000486e-01	1.281955455000000077e+00	2.108676780000000139e+00
7.967788409999999599e-01	1.192829651999999907e+00	1.610571894000000004e+00	7.967788409999999599e-01	8.698693779999999709e-01	1.287213828000000060e+00	2.021353743999999786e+00
8.185467309999999719e-01	1.216013025999999941e+00	1.582562645000000101e+00	8.185467309999999719e-01	8.425682249999999485e-01	1.298317267000000053e+00	1.933380936999999911e+00
8.409093159999999623e-01	1.231757323999999931e+00	1.552510137999999928e+00	8.409093159999999623e-01	8.137863779999999769e-01	1.315504610999999935e+00	1.846227778000000042e+00
8.638828440000000386e-01	1.239499678999999910e+00	1.521659349999999966e+00	8.638828440000000386e-01	7.843687150000000496e-01	1.338874651000000027e+00	1.761418646000000088e+00
8.874840059999999919e-01	1.238938411999999989e+00	1.491370926999999957e+00	8.874840059999999919e-01	7.551454250000000368e-01	1.368396512999999981e+00	1.680448229000000016e+00
9.117299479999999567e-01	1.230056156000000067e+00	1.463049598000000007e+00	9.117299479999999567e-01	7.269193579999999599e-01	1.403920306999999923e+00	1.604696214999999926e+00
9.366382869999999583e-01	1.213119196999999927e+00	1.438069019999999920e+00	9.366382869999999583e-01	7.004586310000000537e-01	1.445185241999999981e+00	1.535351523000000107e+00
9.622271169999999652e-01	1.188653560999999970e+00	1.417701990000000078e+00	9.622271169999999652e-01	6.764924709999999841e-01	1.491822849000000062e+00	1.473354849999999994e+00
9.885150310000000440e-01	1.157401930000000023e+00	1.403063795000000002e+00	9.885150310000000440e-01	6.557073289999999499e-01	1.543353637999999917e+00	1.419365159000000043e+00
1.015521128000000051e+00	1.120268049999999960e+00	1.395073942000000011e+00	1.015521128000000051e+00	6.387394539999999843e-01	1.599176343999999972e+00	1.373751766000000041e+00
1.043265026999999900e+00	1.078256365000000105e+00	1.394438212999999926e+00	1.043265026999999900e+00	6.261591760000000395e-01	1.658550197999999920e+00	1.336609756000000093e+00
1.071766884999999947e+00	1.032414144000000089e+00	1.401649877000000100e+00	1.071766884999999947e+00	6.184412209999999854e-01	1.720572516999999912e+00	1.307793602999999916e+00
1.101047410999999920e+00	9.837817789999999674e-01	1.417006545000000006e+00	1.101047410999999920e+00	6.159147900000000453e-01	1.784156936000000027e+00	1.286962332999999958e+00
1.131127876999999948e+00	9.333547840000000484e-01	1.440637828999999925e+00	1.131127876999999948e+00	6.186877539999999787e-01	1.848021992000000058e+00	1.273629496999999944e+00
1.162030136000000047e+00	8.820588590000000284e-01	1.472538753000000034e+00	1.162030136000000047e+00	6.265423549999999953e-01	1.910705504999999915e+00	1.267212189000000100e+00
1.193776641999999999e+00	8.307376220000000089e-01	1.512604381999999914e+00	1.193776641999999999e+00	6.388074719999999873e-01	1.970626173999999953e+00	1.267074868999999993e+00
1.226390456999999934e+00	7.801514899999999475e-01	1.560662095999999943e+00	1.226390456999999934e+00	6.542263520000000110e-01	2.026216628999999880e+00	1.272565426999999971e+00
1.259895277999999896e+00	7.309855589999999514e-01	1.616498999000000047e+00	1.259895277999999896e+00	6.708583329999999734e-01	2.076146195000000194e+00	1.283042350000000109e+00
1.294315445000000064e+00	6.838642449999999817e-01	1.679882859999999978e+00	1.294315445000000064e+00	6.860726219999999653e-01	2.119629612999999857e+00	1.297892924999999975e+00
1.329675967000000014e+00	6.393705859999999630e-01	1.750575663000000004e+00	1.329675967000000014e+00	6.966975850000000081e-01	2.156777402999999982e+00	1.316543057000000072e+00
1.366002533999999935e+00	5.980683420000000305e-01	1.828339157999999909e+00	1.366002533999999935e+00	6.993624059999999920e-01	2.188894952000000060e+00	1.338459564999999962e+00
1.403321537999999924e+00	5.605252309999999571e-01	1.912931914999999927e+00	1.403321537999999924e+00	6.910011150000000546e-01	2.218609740000000219e+00	1.363145838999999970e+00
1.441660090999999921e+00	5.273355910000000479e-01	2.004097239000000030e+00	1.441660090999999921e+00	6.694034210000000540e-01	2.249734543000000198e+00	1.390131592999999999e+00
1.481046048999999920e+00	4.991404249999999987e-01	2.101541071999999843e+00	1.481046048999999920e+00	6.336445269999999574e-01	2.286868097000000155e+00	1.418957280000000098e+00
1.521508026000000013e+00	4.766419820000000196e-01	2.204898895999999997e+00	1.521508026000000013e+00	5.842564540000000362e-01	2.334851598999999833e+00	1.449153641999999964e+00
1.563075417999999939e+00	4.606087110000000040e-01	2.313690853000000214e+00	1.563075417999999939e+00	5.231131890000000340e-01	2.398266442999999803e+00	1.480217029999999934e+00
1.605778426000000092e+00	4.518645960000000072e-01	2.427265298000000016e+00	1.605778426000000092e+00	4.531281939999999842e-01	2.481131174999999800e+00	1.511581709999999967e+00
1.649648073999999909e+00	4.512547559999999791e-01	2.544733335000000096e+00	1.649648073999999909e+00	3.779340609999999878e-01	2.586856925999999834e+00	1.542591644000000040e+00
1.694716235000000015e+00	4.595774859999999795e-01	2.664901341000000201e+00	1.694716235000000015e+00	3.017087700000000150e-01	2.718414044000000196e+00	1.572476433000000062e+00
1.741015651999999969e+00	4.774731130000000046e-01	2.786215499999999956e+00	1.741015651999999969e+00	2.292644080000000029e-01	2.878593679000000183e+00	1.600339144999999963e+00
1.788579963000000106e+00	5.052645470000000083e-01	2.906741755000000094e+00	1.788579963000000106e+00	1.664693959999999917e-01	3.070212122000000043e+00	1.625167347999999956e+00
1.837443724999999972e+00	5.427564889999999531e-01	3.024213818999999859e+00	1.837443724999999972e+00	1.210530439999999985e-01	3.296057928999999831e+00	1.645881056999999981e+00
1.887642437000000006e+00	5.890218289999999968e-01	3.136185328999999911e+00	1.887642437000000006e+00	1.038076909999999936e-01	3.558259903000000168e+00	1.661429763999999976e+00
1.939212571999999968e+00	6.422325389999999912e-01	3.240310572999999916e+00	1.939212571999999968e+00	1.300363170000000124e-01	3.856505872000000057e+00	1.670941401999999965e+00
1.992191596000000064e+00	6.996167189999999980e-01	3.334743083999999858e+00	1.992191596000000064e+00	2.205049060000000005e-01	4.184224816000000402e+00	1.673906812000000022e+00
2.046617998999999966e+00	7.576227549999999811e-01	3.418584066000000199e+00	2.046617998999999966e+00	3.996855819999999837e-01	4.521992008999999868e+00	1.670357666999999990e+00
2.102531325000000173e+00	8.123257360000000205e-01	3.492254625000000168e+00	2.102531325000000173e+00	6.868231209999999809e-01	4.829798652000000025e+00	1.660976264000000091e+00
2.159972194999999928e+00	8.600222849999999974e-01	3.557646344000000127e+00	2.159972194999999928e+00	1.076015329000000076e+00	5.046940778999999822e+00	1.647079694999999955e+00
2.218982340999999803e+00	8.978662659999999685e-01	3.617955971999999853e+00	2.218982340999999803e+00	1.514638221000000007e+00	5.115153633000000255e+00	1.630457306999999911e+00
2.279604636999999823e+00	9.243589500000000125e-01	3.677221530999999821e+00	2.279604636999999823e+00	1.911711834999999970e+00	5.023368679999999920e+00	1.613096179000000019e+00
2.341883125999999926e+00	9.395565510000000176e-01	3.739690057999999873e+00	2.341883125999999926e+00	2.191458644999999983e+00	4.828387690999999649e+00	1.596873054000000014e+00
2.405863055000000195e+00	9.449689180000000466e-01	3.809194762999999817e+00	2.405863055000000195e+00	2.341272319999999851e+00	4.615432076000000272e+00	1.583296586999999978e+00
2.471590905999999865e+00	9.432275039999999944e-01	3.888681639000000079e+00	2.471590905999999865e+00	2.402632708000000061e+00	4.441263365000000185e+00	1.573351654000000099e+00
2.539114434000000031e+00	9.376446269999999528e-01	3.979940299999999986e+00	2.539114434000000031e+00	2.428825107999999844e+00	4.313716581999999633e+00	1.567452118999999922e+00
2.608482695000000184e+00	9.317649479999999818e-01	4.083518344999999883e+00	2.608482695000000184e+00	2.451154693999999967e+00	4.204489399999999932e+00	1.565476494999999968e+00
2.679746086999999832e+00	9.289577070000000214e-01	4.198767637999999636e+00	2.679746086999999832e+00	2.462467165000000069e+00	4.074904860000000184e+00	1.566852791999999939e+00
2.752956386000000144e+00	9.320541199999999860e-01	4.323983989000000250e+00	2.752956386000000144e+00	2.419182811999999849e+00	3.908604575000000025e+00	1.570669266999999980e+00
2.828166780000000102e+00	9.430222750000000209e-01	4.456636408999999688e+00	2.828166780000000102e+00	2.271578718999999857e+00	3.736920006000000072e+00	1.575803958999999921e+00
2.905431912000000061e+00	9.626959430000000539e-01	4.593709233000000225e+00	2.905431912000000061e+00	2.007090251999999797e+00	3.626352832999999887e+00	1.581076195000000073e+00
2.984807916999999922e+00	9.906191410000000364e-01	4.732173888000000161e+00	2.984807916999999922e+00	1.659946332000000080e+00	3.634857567000000067e+00	1.585419906000000045e+00
3.066352462999999862e+00	1.025102752000000006e+00	4.869553487000000125e+00	3.066352462999999862e+00	1.281702786000000094e+00	3.788288489000000148e+00	1.588060585000000025e+00
3.150124796000000060e+00	1.063570837000000102e+00	5.004458549999999839e+00	3.150124796000000060e+00	9.163696580000000314e-01	4.093154504000000138e+00	1.588654060999999951e+00
3.236185777000000208e+00	1.103179963000000097e+00	5.136909293999999626e+00	3.236185777000000208e+00	6.029029949999999971e-01	4.558690732999999717e+00	1.587334487999999988e+00
3.324597932000000089e+00	1.141557772000000082e+00	5.268284884999999917e+00	3.324597932000000089e+00	4.005948870000000106e-01	5.206281767000000116e+00	1.584638200999999968e+00
3.415425496000000116e+00	1.177413598000000006e+00	5.400871107999999587e+00	3.415425496000000116e+00	4.341546669999999941e-01	6.045425633999999881e+00	1.581317207999999974e+00
3.508734456000000002e+00	1.210800223999999981e+00	5.537149845000000070e+00	3.508734456000000002e+00	9.222257830000000212e-01	6.955614449999999671e+00	1.578104560000000101e+00
3.604592604000000033e+00	1.242944733999999940e+00	5.679082035999999611e+00	3.604592604000000033e+00	1.955123952000000109e+00	7.483713739999999781e+00	1.575512868999999982e+00
3.703069584000000081e+00	1.275733865999999939e+00	5.827624836000000030e+00	3.703069584000000081e+00	2.965598849000000037e+00	7.215135062999999960e+00	1.573728146999999966e+00
3.804236942000000177e+00	1.311051871000000091e+00	5.982620868999999786e+00	3.804236942000000177e+00	3.328697057999999931e+00	6.638471161000000009e+00	1.572620464999999967e+00
3.908168177999999937e+00	1.350199971999999971e+00	6.143064350999999590e+00	3.908168177999999937e+00	3.296891791000000183e+00	6.370093591999999916e+00	1.571852610000000094e+00
4.014938800999999557e+00	1.393588665000000004e+00	6.307626736999999650e+00	4.014938800999999557e+00	3.357156380000000162e+00	6.421533153000000382e+00	1.571039322999999932e+00
4.124626382999999841e+00	1.440798725999999919e+00	6.475234717000000195e+00	4.124626382999999841e+00	3.735257841000000134e+00	6.433153357000000128e+00	1.569896061999999981e+00
4.237310615000000169e+00	1.490964637999999898e+00	6.645467423000000373e+00	4.237310615000000169e+00	4.158018497999999674e+00	5.983287473999999939e+00	1.568321991999999998e+00
4.353073365000000194e+00	1.543290524999999969e+00	6.818614322000000172e+00	4.353073365000000194e+00	4.033786021000000055e+00	5.262909719999999680e+00	1.566390858000000108e+00
4.471998736999999835e+00	1.597445688999999946e+00	6.995400727999999901e+00	4.471998736999999835e+00	3.411608407000000120e+00	4.896560914000000153e+00	1.564267151999999994e+00
4.594173135000000130e+00	1.653660955999999960e+00	7.176558964999999901e+00	4.594173135000000130e+00	2.750332043999999865e+00	5.030101896999999767e+00	1.562100242000000083e+00
4.719685319999999962e+00	1.712523680999999964e+00	7.362490461000000153e+00	4.719685319999999962e+00	2.319584852999999836e+00	5.494035781000000007e+00	1.559953675000000040e+00
4.848626481000000155e+00	1.774636883000000109e+00	7.553183857999999695e+00	4.848626481000000155e+00	2.226601075000000041e+00	6.057543460999999851e+00	1.557798664999999971e+00
4.981090296999999723e+00	1.840362127999999986e+00	7.748383140999999696e+00	4.981090296999999723e+00	2.383288922000000198e+00	6.451039090000000087e+00	1.555559662000000065e+00
5.117173006999999885e+00	1.909779949999999893e+00	7.947850850000000023e+00	5.117173006999999885e+00	2.472017618000000194e+00	6.650122569999999733e+00	1.553172199000000031e+00
5.256973477999999922e+00	1.982840573999999911e+00	8.151539064999999695e+00	5.256973477999999922e+00	2.436199851000000027e+00	6.989645694000000020e+00	1.550614455000000058e+00
5.400593278999999747e+00	2.059556301999999839e+00	8.359579118999999281e+00	5.400593278999999747e+00	2.691906196000000140e+00	7.585438496000000086e+00	1.547900145000000061e+00
5.548136752999999644e+00	2.140090171000000208e+00	8.572148048000000742e+00	5.548136752999999644e+00	3.598310285000000164e+00	7.825223840999999680e+00	1.545049883999999984e+00
5.699711094000000422e+00	2.224708013999999956e+00	8.789346796000000239e+00	5.699711094000000422e+00	4.234763613000000149e+00	6.961316913000000106e+00	1.542068825999999948e+00
5.855426426000000184e+00	2.313676050000000206e+00	9.011179132000000536e+00	5.855426426000000184e+00	3.671796635999999836e+00	6.111260700999999962e+00	1.538944985000000099e+00
6.015395879999999806e+00	2.407205407999999824e+00	9.237611623999999466e+00	6.015395879999999806e+00	2.750181175999999894e+00	6.070597819999999700e+00	1.535661460999999894e+00
6.179735678000000121e+00	2.505471684999999837e+00	9.468633310999999608e+00	6.179735678000000121e+00	2.039959910999999959e+00	6.539515555999999563e+00	1.532206846000000011e+00
6.348565215999999900e+00	2.608662251000000154e+00	9.704263403000000565e+00	6.348565215999999900e+00	1.574436280000000021e+00	7.205325412999999735e+00	1.528575838999999936e+00
6.522007154999999834e+00	2.716997607999999786e+00	9.944521645000000021e+00	6.522007154999999834e+00	1.220378546999999925e+00	8.044386611000000187e+00	1.524763988999999986e+00
6.700187503999999628e+00	2.830718308999999877e+00	1.018940392000000017e+01	6.700187503999999628e+00	1.136694635000000009e+00	9.293674589000000097e+00	1.520763995999999896e+00
6.883235714999999644e+00	2.950064384000000040e+00	1.043888382199999931e+01	6.883235714999999644e+00	2.059424681999999951e+00	1.072076178600000063e+01	1.516566373000000079e+00
7.071284778999999965e+00	3.075271857999999803e+00	1.069292753500000082e+01	7.071284778999999965e+00	3.806783843999999917e+00	1.079262980200000044e+01	1.512161915000000079e+00
7.264471318000000011e+00	3.206583932000000026e+00	1.095149821500000087e+01	7.264471318000000011e+00	4.383411448000000377e+00	9.815142448999999658e+00	1.507542356999999944e+00
7.462935685999999791e+00	3.344255369999999949e+00	1.121454671200000064e+01	7.462935685999999791e+00	4.142529696999999622e+00	9.285271119000000795e+00	1.502699095999999956e+00
7.666822074999999792e+00	3.488545493999999803e+00	1.148200786600000001e+01	7.666822074999999792e+00	3.651996185999999867e+00	9.096954496000000390e+00	1.497622841999999954e+00
7.876278611000000041e+00	3.639717317000000119e+00	1.175380496999999913e+01	7.876278611000000041e+00	2.913718734999999782e+00	9.410135260000000557e+00	1.492304367000000020e+00
8.091457472000000095e+00	3.798040734999999835e+00	1.202984684699999995e+01	8.091457472000000095e+00	2.426342245999999925e+00	1.039815047399999948e+01	1.486734237000000070e+00
8.312514990000000381e+00	3.963787956000000001e+00	1.231002574200000055e+01	8.312514990000000381e+00	2.572249016000000221e+00	1.159004143800000008e+01	1.480902681999999970e+00
8.539611769000000407e+00	4.137234818999999675e+00	1.259422091699999946e+01	8.539611769000000407e+00	3.073132960000000136e+00	1.277226888000000038e+01	1.474800172999999992e+00
8.772912802000000454e+00	4.318662770999999623e+00	1.288229269600000038e+01	8.772912802000000454e+00	4.469158037999999777e+00	1.402597968000000073e+01	1.468416817999999902e+00
9.012587587000000511e+00	4.508351567000000060e+00	1.317408286200000056e+01	9.012587587000000511e+00	6.562110268999999718e+00	1.382992535500000031e+01	1.461742561000000107e+00
9.258810254000000128e+00	4.706584216000000431e+00	1.346941819100000082e+01	9.258810254000000128e+00	7.708909558000000217e+00	1.280160137100000028e+01	1.454767710000000047e+00
9.511759690999999961e+00	4.913644677999999821e+00	1.376810170499999941e+01	9.511759690999999961e+00	8.339809504999999845e+00	1.137732167499999925e+01	1.447482079999999893e+00
9.771619673000000006e+00	5.129812241999999856e+00	1.406991931099999960e+01	9.771619673000000006e+00	7.751410562000000226e+00	1.003247202899999913e+01	1.439875862999999923e+00
1.003857899399999987e+01	5.355368896999999961e+00	1.437463541800000044e+01	1.003857899399999987e+01	6.853206923000000117e+00	9.459054980999999529e+00	1.431939263999999934e+00
1.031283160699999968e+01	5.590588065000000384e+00	1.468199061600000022e+01	1.031283160699999968e+01	5.669804240999999578e+00	9.272730473999999390e+00	1.423662401999999938e+00
1.059457676399999926e+01	5.835741618000000130e+00	1.499170754200000033e+01	1.059457676399999926e+01	4.510903904000000075e+00	9.993806088999999560e+00	1.415036001999999904e+00
1.088401916099999944e+01	6.091092838999999870e+00	1.530348036900000075e+01	1.088401916099999944e+01	4.036968017000000408e+00	1.115581759700000042e+01	1.406050479999999991e+00
1.118136908399999996e+01	6.356896565999999638e+00	1.561698617400000089e+01	1.118136908399999996e+01	4.217291591000000395e+00	1.241959546200000020e+01	1.396697136000000006e+00
1.148684256700000006e+01	6.633398770000000333e+00	1.593187215100000031e+01	1.148684256700000006e+01	5.211861659000000202e+00	1.280717724600000018e+01	1.386967049999999979e+00
1.180066154400000045e+01	6.920830748000000199e+00	1.624776782600000047e+01	1.180066154400000045e+01	5.032298911999999902e+00	1.242352909899999958e+01	1.376852286000000092e+00
1.212305401300000085e+01	7.219412466999999722e+00	1.656427269599999974e+01	1.212305401300000085e+01	4.368921664000000149e+00	1.292097004400000060e+01	1.366344873000000071e+00
1.245425420099999947e+01	7.529344596999999695e+00	1.688096872499999890e+01	1.245425420099999947e+01	3.791154031000000035e+00	1.414390715500000084e+01	1.355437945000000033e+00
1.279450273199999977e+01	7.850811504000000163e+00	1.719740774799999983e+01	1.279450273199999977e+01	4.211516288000000330e+00	1.619497193100000132e+01	1.344124746999999953e+00
1.314404680700000050e+01	8.183975652000000878e+00	1.751312544399999993e+01	1.314404680700000050e+01	6.283294938000000052e+00	1.777065798499999971e+01	1.332399807999999908e+00
1.350314037899999953e+01	8.528975416999999837e+00	1.782762822600000163e+01	1.350314037899999953e+01	9.132396671000000410e+00	1.705900269400000013e+01	1.320257935000000105e+00
1.387204433800000025e+01	8.885926872000000643e+00	1.814040698599999857e+01	1.387204433800000025e+01	9.804805662999999782e+00	1.457743412199999966e+01	1.307695285999999957e+00
1.425102670300000085e+01	9.254912733999999475e+00	1.845092849399999935e+01	1.425102670300000085e+01	8.492422427999999357e+00	1.321717760800000008e+01	1.294708717000000009e+00
1.464036281499999959e+01	9.635991764999999987e+00	1.875864083800000159e+01	1.464036281499999959e+01	6.869691232000000092e+00	1.307342174999999962e+01	1.281296172000000011e+00
1.504033553600000062e+01	1.002918520999999963e+01	1.906297825300000071e+01	1.504033553600000062e+01	5.402465742000000404e+00	1.416247093499999998e+01	1.267456979999999955e+00
1.545123545799999931e+01	1.043448051000000021e+01	1.936335406799999959e+01	1.545123545799999931e+01	4.647727506999999925e+00	1.592772737399999983e+01	1.253191313999999945e+00
1.587336110999999939e+01	1.085183128399999930e+01	1.965917239199999855e+01	1.587336110999999939e+01	5.133046571000000391e+00	1.805644205600000163e+01	1.238500922999999920e+00
1.630701917700000081e+01	1.128114746400000001e+01	1.994982692299999982e+01	1.630701917700000081e+01	6.421205947999999886e+00	1.951609111599999835e+01	1.223388941000000063e+00
1.675252472400000059e+01	1.172229966399999945e+01	2.023469953700000090e+01	1.675252472400000059e+01	7.713164979000000088e+00	2.000720152699999943e+01	1.207859703000000007e+00
1.721020142200000080e+01	1.217511837700000044e+01	2.051316951400000121e+01	1.721020142200000080e+01	8.949898854000000625e+00	2.046338014899999891e+01	1.191919200000000068e+00
1.768038178500000157e+01	1.263938745199999936e+01	2.078461572699999849e+01	1.768038178500000157e+01	1.059716822300000061e+01	2.066309316799999962e+01	1.175575051999999898e+00
1.816340741100000145e+01	1.311484462299999976e+01	2.104841634299999953e+01	1.816340741100000145e+01	1.186722728500000024e+01	1.946362330299999854e+01	1.158836328000000027e+00
1.865962923200000034e+01	1.360118331400000002e+01	2.130395409899999848e+01	1.865962923200000034e+01	1.138457058200000027e+01	1.791603876599999978e+01	1.141713688000000060e+00
1.916940776499999899e+01	1.409805085400000024e+01	2.155062209999999823e+01	1.916940776499999899e+01	9.967853306000000302e+00	1.785858648800000026e+01	1.124219504999999897e+00
1.969311337899999970e+01	1.460504679499999980e+01	2.178782701300000113e+01	1.969311337899999970e+01	9.215469238000000729e+00	1.938643908899999957e+01	1.106367824999999971e+00
2.023112655899999979e+01	1.512172342799999925e+01	2.201499204399999954e+01	2.023112655899999979e+01	1.007054844900000035e+01	2.122341755300000088e+01	1.088174302999999954e+00
2.078383818600000055e+01	1.564758712000000074e+01	2.223156106100000073e+01	2.078383818600000055e+01	1.179132263700000038e+01	2.175775017100000142e+01	1.069656184999999926e+00
2.135164981899999859e+01	1.618209949199999897e+01	2.243700317000000055e+01	2.135164981899999859e+01	1.258035922800000073e+01	2.106012108699999885e+01	1.050832293999999889e+00
2.193497398899999951e+01	1.672467867399999975e+01	2.263081702999999933e+01	2.193497398899999951e+01	1.262788155500000009e+01	2.099744961200000049e+01	1.031722993999999893e+00
2.253423449599999984e+01	1.727470101799999824e+01	2.281253484699999845e+01	2.253423449599999984e+01	1.349087822499999945e+01	2.119525549200000114e+01	1.012350113000000107e+00
2.314986671899999848e+01	1.783150335899999916e+01	2.298172616500000132e+01	2.314986671899999848e+01	1.402399874299999993e+01	1.982708294900000112e+01	9.927368669999999673e-01
2.378231793000000138e+01	1.839438575899999861e+01	2.313800150999999872e+01	2.378231793000000138e+01	1.249601485800000056e+01	1.943439421600000117e+01	9.729077529999999863e-01
2.443204762199999891e+01	1.896261465099999910e+01	2.328101582600000086e+01	2.443204762199999891e+01	1.169201535000000014e+01	2.039775994000000026e+01	9.528884429999999739e-01
2.509952784100000045e+01	1.953542632199999929e+01	2.341047164700000138e+01	2.509952784100000045e+01	1.120381295099999974e+01	2.149376005399999912e+01	9.327056590000000202e-01
2.578524352899999883e+01	2.011203071899999983e+01	2.352612197799999905e+01	2.578524352899999883e+01	1.113539408699999989e+01	2.311162175200000135e+01	9.123870379999999836e-01
2.648969287599999944e+01	2.069161561800000015e+01	2.362777287000000115e+01	2.648969287599999944e+01	1.207677692699999916e+01	2.501646597899999946e+01	8.919609969999999777e-01
2.721338768400000063e+01	2.127335125600000154e+01	2.371528555200000099e+01	2.721338768400000063e+01	1.452499152300000063e+01	2.561356958900000080e+01	8.714565720000000404e-01
2.795685373499999926e+01	2.185639531800000057e+01	2.378857771799999909e+01	2.795685373499999926e+01	1.524818727299999921e+01	2.412918484100000072e+01	8.509032509999999716e-01
2.872063117800000143e+01	2.243989742799999831e+01	2.384762381899999895e+01	2.872063117800000143e+01	1.463920843700000063e+01	2.371455622599999913e+01	8.303307709999999675e-01
2.950527491700000127e+01	2.302300252899999933e+01	2.389245586799999899e+01	2.950527491700000127e+01	1.328781894399999963e+01	2.429182581999999968e+01	8.097689630000000083e-01
3.031135501600000026e+01	2.360485598900000070e+01	2.392316609399999905e+01	3.031135501600000026e+01	1.264335880400000001e+01	2.636641565300000067e+01	7.892476630000000437e-01
3.113945711299999886e+01	2.418461252000000172e+01	2.393990582700000047e+01	3.113945711299999886e+01	1.324412846599999938e+01	2.895962149100000005e+01	7.687965060000000461e-01
3.199018284799999989e+01	2.476143834799999865e+01	2.394287901699999921e+01	3.199018284799999989e+01	1.553821997300000035e+01	3.108813540699999933e+01	7.484445819999999694e-01
3.286415029399999810e+01	2.533451038400000144e+01	2.393234767799999929e+01	3.286415029399999810e+01	1.807101502800000148e+01	3.142799022000000164e+01	7.282204909999999698e-01
3.376199441100000342e+01	2.590303235200000032e+01	2.390863040800000050e+01	3.376199441100000342e+01	1.959605222000000069e+01	3.131739696500000036e+01	7.081521939999999571e-01
3.468436750800000112e+01	2.646622835899999870e+01	2.387209023400000163e+01	3.468436750800000112e+01	2.128466497999999874e+01	3.157604896300000163e+01	6.882665580000000283e-01
3.563193971199999766e+01	2.702335217499999942e+01	2.382314800900000051e+01	3.563193971199999766e+01	2.352894593099999909e+01	3.102240887299999983e+01	6.685897039999999514e-01
3.660539946000000100e+01	2.757369000799999981e+01	2.376226102900000114e+01	3.660539946000000100e+01	2.490678279600000167e+01	2.885536101099999939e+01	6.491463389999999611e-01
3.760545399699999791e+01	2.811656366700000120e+01	2.368993826999999897e+01	3.760545399699999791e+01	2.394883380199999934e+01	2.707097338999999891e+01	6.299601719999999849e-01
3.863282988699999976e+01	2.865133024100000014e+01	2.360671979700000023e+01	3.863282988699999976e+01	2.251202925200000138e+01	2.722227645299999921e+01	6.110533420000000548e-01
3.968827354599999779e+01	2.917739292899999981e+01	2.351318518900000143e+01	3.968827354599999779e+01	2.213129114499999872e+01	2.854322300400000145e+01	5.924466619999999573e-01
4.077255178299999727e+01	2.969419200200000120e+01	2.340994605199999867e+01	4.077255178299999727e+01	2.268764563499999909e+01	2.924861435400000076e+01	5.741594540000000135e-01
4.188645235399999933e+01	3.020121325199999873e+01	2.329763759600000128e+01	4.188645235399999933e+01	2.278957774499999900e+01	2.933985473999999982e+01	5.562093780000000320e-01
4.303078453700000239e+01	3.069798957600000122e+01	2.317691977799999847e+01	4.303078453700000239e+01	2.181111770300000074e+01	3.071997301900000110e+01	5.386125309999999500e-01
4.420637972000000104e+01	3.118409867800000157e+01	2.304847266100000169e+01	4.420637972000000104e+01	2.242914707099999916e+01	3.347369978900000120e+01	5.213834019999999958e-01
4.541409200399999690e+01	3.165916378900000083e+01	2.291299086600000123e+01	4.541409200399999690e+01	2.482206821600000168e+01	3.597316047399999661e+01	5.045348229999999656e-01
4.665479882199999651e+01	3.212285431000000102e+01	2.277117980699999933e+01	4.665479882199999651e+01	2.819646321500000141e+01	3.599385342899999785e+01	4.880779769999999962e-01
4.792940158300000064e+01	3.257488535800000307e+01	2.262375228699999852e+01	4.792940158300000064e+01	3.057977710600000165e+01	3.557879663800000003e+01	4.720224230000000243e-01
4.923882631699999735e+01	3.301501687900000093e+01	2.247142497300000130e+01	4.923882631699999735e+01	3.175132859800000062e+01	3.457047957399999660e+01	4.563761290000000193e-01
5.058402435699999700e+01	3.344305260899999865e+01	2.231491481200000138e+01	5.058402435699999700e+01	3.371866822100000149e+01	3.409332558900000265e+01	4.411455020000000227e-01
5.196597302499999671e+01	3.385883850700000153e+01	2.215493534000000153e+01	5.196597302499999671e+01	3.423584999500000237e+01	3.253227432300000288e+01	4.263354280000000163e-01
5.338567634199999645e+01	3.426226002899999656e+01	2.199219391300000126e+01	5.338567634199999645e+01	3.414554918999999700e+01	3.201178938099999982e+01	4.119493359999999993e-01
5.484416576099999929e+01	3.465324088300000227e+01	2.182739126299999910e+01	5.484416576099999929e+01	3.500878646700000019e+01	3.239540902400000277e+01	3.979893019999999892e-01
5.634250091300000207e+01	3.503174481899999648e+01	2.166121654499999849e+01	5.634250091300000207e+01	3.518683501499999977e+01	3.198997636400000033e+01	3.844560710000000103e-01
5.788177037700000227e+01	3.539776635199999788e+01	2.149434198599999846e+01	5.788177037700000227e+01	3.621784917400000126e+01	3.260712070099999949e+01	3.713490770000000274e-01
5.946309247399999975e+01	3.575133327799999705e+01	2.132743128399999932e+01	5.946309247399999975e+01	3.806939831100000049e+01	3.270976382500000312e+01	3.586667020000000039e-01
6.108761607499999968e+01	3.609250387099999813e+01	2.116112395000000035e+01	6.108761607499999968e+01	3.965854288700000296e+01	3.173430675499999865e+01	3.464061179999999851e-01
6.275652144000000021e+01	3.642136383599999760e+01	2.099604825700000177e+01	6.275652144000000021e+01	4.066729689699999994e+01	3.002741022600000065e+01	3.345636080000000123e-01
6.447102107300000284e+01	3.673802134200000324e+01	2.083280830700000053e+01	6.447102107300000284e+01	4.042740613899999857e+01	2.828336969100000076e+01	3.231344560000000143e-01
6.623236060300000361e+01	3.704261047800000028e+01	2.067198905700000111e+01	6.623236060300000361e+01	3.943762852700000110e+01	2.756168779400000091e+01	3.121131249999999913e-01
6.804181968899999333e+01	3.733528405799999916e+01	2.051415603599999926e+01	6.804181968899999333e+01	3.872003867600000149e+01	2.793045973899999979e+01	3.014933479999999943e-01
6.990071295200000634e+01	3.761621206699999931e+01	2.035985271999999924e+01	6.990071295200000634e+01	3.881775884999999704e+01	2.868065251499999846e+01	2.912681699999999929e-01
7.181039092499999299e+01	3.788558023400000252e+01	2.020960085100000114e+01	7.181039092499999299e+01	3.948911692299999743e+01	2.902154776500000111e+01	2.814300350000000228e-01
7.377224104200000454e+01	3.814358776400000295e+01	2.006390074300000137e+01	7.377224104200000454e+01	3.994286153899999903e+01	2.884941318899999985e+01	2.719708719999999746e-01
7.578768863599999861e+01	3.839044520600000254e+01	1.992323098800000025e+01	7.578768863599999861e+01	3.988112446499999919e+01	2.892741670099999851e+01	2.628821559999999780e-01
7.785819798500000388e+01	3.862637136600000076e+01	1.978804825399999956e+01	7.785819798500000388e+01	3.993577566100000098e+01	2.963864200000000082e+01	2.541549739999999780e-01
7.998527336799999432e+01	3.885159109699999647e+01	1.965879032400000170e+01	7.998527336799999432e+01	4.048723269300000283e+01	3.068476844099999923e+01	2.457801229999999892e-01
8.217046016099999406e+01	3.906633821700000198e+01	1.953587396400000031e+01	8.217046016099999406e+01	4.212198897500000072e+01	3.159045124200000032e+01	2.377481389999999972e-01
8.441534595999999624e+01	3.927084496399999836e+01	1.941969444600000116e+01	8.441534595999999624e+01	4.371409448200000014e+01	3.158400921400000172e+01	2.300493379999999921e-01
8.672156173400000512e+01	3.946535041900000351e+01	1.931063047900000029e+01	8.672156173400000512e+01	4.560462222400000343e+01	3.085850278599999896e+01	2.226739239999999953e-01
8.909078300900000613e+01	3.965008967400000017e+01	1.920904205900000150e+01	8.909078300900000613e+01	4.652771110700000179e+01	2.985695445800000059e+01	2.156120019999999970e-01
9.152473108799999579e+01	3.982529877500000026e+01	1.911527038999999917e+01	9.152473108799999579e+01	4.709082234200000272e+01	2.861086320800000138e+01	2.088536089999999956e-01
9.402517429700000662e+01	3.999121149799999841e+01	1.902964136599999989e+01	9.402517429700000662e+01	4.704804642500000256e+01	2.798145407100000170e+01	2.023887910000000123e-01
9.659392927400000417e+01	4.014805753400000299e+01	1.895246523400000171e+01	9.659392927400000417e+01	4.765900678199999874e+01	2.725273739300000031e+01	1.962076229999999977e-01
9.923286228800000686e+01	4.029606150000000042e+01	1.888403734999999983e+01	9.923286228800000686e+01	4.744201699999999988e+01	2.657944681300000056e+01	1.903002380000000104e-01
1.019438905939999955e+02	4.043544191000000154e+01	1.882464023700000055e+01	1.019438905939999955e+02	4.720156892800000037e+01	2.590788603900000098e+01	1.846568749999999981e-01
1.047289838239999966e+02	4.056641257199999728e+01	1.877454372700000107e+01	1.047289838239999966e+02	4.673494903899999997e+01	2.611097220299999933e+01	1.792678879999999864e-01
1.075901654219999983e+02	4.068917686300000014e+01	1.873400384299999999e+01	1.075901654219999983e+02	4.680262967299999843e+01	2.653140748499999901e+01	1.741237569999999901e-01
