1.000000000000000056e-01	2.878460000000000220e-04	1.564792090000000080e-01	1.000000000000000056e-01	-4.064278100000000282e-02	1.209654109999999949e-01	1.564792093999999967e+00
1.027319859999999974e-01	3.037870000000000240e-04	1.607541670000000034e-01	1.027319859999999974e-01	-4.172227099999999828e-02	1.246978900000000057e-01	1.564791776000000079e+00
1.055386100000000049e-01	3.206120000000000129e-04	1.651459140000000048e-01	1.055386100000000049e-01	-4.284861499999999962e-02	1.285651949999999932e-01	1.564791440000000033e+00
1.084219109999999958e-01	3.383680000000000238e-04	1.696576399999999984e-01	1.084219109999999958e-01	-4.402305900000000327e-02	1.325733520000000054e-01	1.564791086000000053e+00
1.113839830000000058e-01	3.571080000000000239e-04	1.742926210000000087e-01	1.113839830000000058e-01	-4.524678599999999717e-02	1.367286920000000128e-01	1.564790711999999973e+00
1.144269779999999986e-01	3.768859999999999962e-04	1.790542270000000102e-01	1.144269779999999986e-01	-4.652089799999999803e-02	1.410378690000000101e-01	1.564790316999999931e+00
1.175531070000000039e-01	3.977590000000000249e-04	1.839459149999999876e-01	1.175531070000000039e-01	-4.784639899999999779e-02	1.455078680000000124e-01	1.564789900999999928e+00
1.207646420000000054e-01	4.197879999999999862e-04	1.889712400000000125e-01	1.207646420000000054e-01	-4.922417500000000196e-02	1.501460229999999896e-01	1.564789460999999937e+00
1.240639159999999963e-01	4.430370000000000206e-04	1.941338509999999962e-01	1.240639159999999963e-01	-5.065497599999999739e-02	1.549600260000000007e-01	1.564788996999999959e+00
1.274533250000000062e-01	4.675740000000000061e-04	1.994374989999999903e-01	1.274533250000000062e-01	-5.213938700000000231e-02	1.599579459999999898e-01	1.564788507000000051e+00
1.309353329999999871e-01	4.934699999999999764e-04	2.048860359999999936e-01	1.309353329999999871e-01	-5.367780400000000257e-02	1.651482330000000054e-01	1.564787990999999989e+00
1.345124679999999961e-01	5.208009999999999896e-04	2.104834210000000039e-01	1.345124679999999961e-01	-5.527040800000000004e-02	1.705397389999999957e-01	1.564787445000000110e+00
1.381873309999999966e-01	5.496439999999999573e-04	2.162337199999999904e-01	1.381873309999999966e-01	-5.691712799999999739e-02	1.761417200000000016e-01	1.564786868999999969e+00
1.419625899999999996e-01	5.800859999999999480e-04	2.221411100000000027e-01	1.419625899999999996e-01	-5.861761199999999949e-02	1.819638520000000093e-01	1.564786261999999928e+00
1.458409880000000047e-01	6.122140000000000307e-04	2.282098810000000033e-01	1.458409880000000047e-01	-6.037118400000000135e-02	1.880162340000000043e-01	1.564785620000000099e+00
1.498253439999999992e-01	6.461200000000000276e-04	2.344444430000000024e-01	1.498253439999999992e-01	-6.217680800000000008e-02	1.943093989999999938e-01	1.564784943999999900e+00
1.539185519999999863e-01	6.819050000000000111e-04	2.408493230000000040e-01	1.539185519999999863e-01	-6.403304199999999835e-02	2.008543140000000060e-01	1.564784229000000026e+00
1.581235860000000104e-01	7.196719999999999767e-04	2.474291750000000012e-01	1.581235860000000104e-01	-6.593798900000000240e-02	2.076623850000000049e-01	1.564783475000000035e+00
1.624435009999999902e-01	7.595310000000000299e-04	2.541887769999999769e-01	1.624435009999999902e-01	-6.788924699999999979e-02	2.147454520000000033e-01	1.564782679999999981e+00
1.668814349999999946e-01	8.015970000000000300e-04	2.611330399999999829e-01	1.668814349999999946e-01	-6.988385299999999578e-02	2.221157880000000084e-01	1.564781839999999979e+00
1.714406139999999912e-01	8.459929999999999620e-04	2.682670070000000018e-01	1.714406139999999912e-01	-7.191822300000000334e-02	2.297860860000000005e-01	1.564780953000000085e+00
1.761243479999999861e-01	8.928480000000000140e-04	2.755958600000000258e-01	1.761243479999999861e-01	-7.398809000000000635e-02	2.377694499999999933e-01	1.564780017999999995e+00
1.809360409999999919e-01	9.422980000000000505e-04	2.831249229999999728e-01	1.809360409999999919e-01	-7.608843299999999699e-02	2.460793719999999907e-01	1.564779029999999960e+00
1.858791890000000002e-01	9.944870000000000619e-04	2.908596640000000177e-01	1.858791890000000002e-01	-7.821340799999999815e-02	2.547297099999999981e-01	1.564777987999999898e+00
1.909573830000000083e-01	1.049566000000000041e-03	2.988057000000000074e-01	1.909573830000000083e-01	-8.035627200000000636e-02	2.637346549999999845e-01	1.564776887999999921e+00
1.961743129999999891e-01	1.107696000000000028e-03	3.069688030000000123e-01	1.961743129999999891e-01	-8.250929599999999586e-02	2.731086919999999862e-01	1.564775727000000005e+00
2.015337690000000015e-01	1.169045000000000067e-03	3.153549019999999925e-01	2.015337690000000015e-01	-8.466368800000000083e-02	2.828665519999999933e-01	1.564774501999999901e+00
2.070396439999999949e-01	1.233792000000000048e-03	3.239700879999999894e-01	2.070396439999999949e-01	-8.680949500000000041e-02	2.930231529999999807e-01	1.564773208999999943e+00
2.126959390000000005e-01	1.302124999999999897e-03	3.328206160000000136e-01	2.126959390000000005e-01	-8.893551600000000612e-02	3.035935310000000276e-01	1.564771844000000023e+00
2.185067629999999927e-01	1.374243000000000036e-03	3.419129149999999839e-01	2.185067629999999927e-01	-9.102920100000000403e-02	3.145927570000000006e-01	1.564770403000000032e+00
2.244763379999999975e-01	1.450354999999999960e-03	3.512535880000000055e-01	2.244763379999999975e-01	-9.307654899999999454e-02	3.260358429999999919e-01	1.564768882000000083e+00
2.306090010000000079e-01	1.530682999999999913e-03	3.608494179999999774e-01	2.306090010000000079e-01	-9.506200099999999320e-02	3.379376270000000182e-01	1.564767277000000067e+00
2.369092070000000105e-01	1.615459000000000079e-03	3.707073739999999784e-01	2.369092070000000105e-01	-9.696833900000000062e-02	3.503126429999999791e-01	1.564765583000000015e+00
2.433815350000000099e-01	1.704931000000000025e-03	3.808346140000000157e-01	2.433815350000000099e-01	-9.877656699999999568e-02	3.631749710000000131e-01	1.564763794999999957e+00
2.500306849999999748e-01	1.799358000000000034e-03	3.912384919999999933e-01	2.500306849999999748e-01	-1.004658090000000031e-01	3.765380589999999805e-01	1.564761907999999924e+00
2.568614900000000256e-01	1.899014000000000084e-03	4.019265630000000145e-01	2.568614900000000256e-01	-1.020131880000000046e-01	3.904145270000000112e-01	1.564759916000000084e+00
2.638789100000000221e-01	2.004189999999999878e-03	4.129065869999999916e-01	2.638789100000000221e-01	-1.033937260000000052e-01	4.048159339999999884e-01	1.564757814000000025e+00
2.710880460000000269e-01	2.115191000000000206e-03	4.241865369999999746e-01	2.710880460000000269e-01	-1.045802319999999952e-01	4.197525120000000221e-01	1.564755595000000055e+00
2.784941349999999760e-01	2.232340000000000192e-03	4.357746040000000098e-01	2.784941349999999760e-01	-1.055432050000000010e-01	4.352328659999999960e-01	1.564753252999999900e+00
2.861025569999999796e-01	2.355976999999999984e-03	4.476791990000000276e-01	2.861025569999999796e-01	-1.062507449999999937e-01	4.512636270000000005e-01	1.564750781000000091e+00
2.939188400000000145e-01	2.486461000000000140e-03	4.599089670000000019e-01	2.939188400000000145e-01	-1.066684779999999971e-01	4.678490530000000147e-01	1.564748170999999966e+00
3.019486630000000060e-01	2.624172000000000136e-03	4.724727859999999779e-01	3.019486630000000060e-01	-1.067595070000000035e-01	4.849905809999999762e-01	1.564745416999999916e+00
3.101978590000000202e-01	2.769510000000000201e-03	4.853797770000000122e-01	3.101978590000000202e-01	-1.064843790000000040e-01	5.026863089999999978e-01	1.564742510000000086e+00
3.186724220000000107e-01	2.922896999999999822e-03	4.986393080000000033e-01	3.186724220000000107e-01	-1.058011090000000043e-01	5.209304089999999832e-01	1.564739442000000036e+00
3.273785100000000114e-01	3.084779000000000167e-03	5.122610060000000187e-01	3.273785100000000114e-01	-1.046652420000000056e-01	5.397124589999999777e-01	1.564736203000000048e+00
3.363224459999999971e-01	3.255626000000000179e-03	5.262547579999999892e-01	3.363224459999999971e-01	-1.030299900000000018e-01	5.590166869999999566e-01	1.564732784999999904e+00
3.455107290000000164e-01	3.435935000000000204e-03	5.406307190000000373e-01	3.455107290000000164e-01	-1.008464560000000010e-01	5.788211159999999689e-01	1.564729177000000027e+00
3.549500360000000243e-01	3.626229999999999818e-03	5.553993249999999993e-01	3.549500360000000243e-01	-9.806398299999999346e-02	5.990966030000000053e-01	1.564725369000000033e+00
3.646472219999999931e-01	3.827062999999999906e-03	5.705712939999999511e-01	3.646472219999999931e-01	-9.463063900000000250e-02	6.198057649999999530e-01	1.564721349000000039e+00
3.746093349999999877e-01	4.039018999999999596e-03	5.861576339999999830e-01	3.746093349999999877e-01	-9.049391399999999475e-02	6.409017919999999702e-01	1.564717106000000024e+00
3.848436109999999744e-01	4.262712999999999572e-03	6.021696579999999965e-01	3.848436109999999744e-01	-8.560164300000000503e-02	6.623271459999999777e-01	1.564712628000000105e+00
3.953574859999999802e-01	4.498794999999999877e-03	6.186189819999999839e-01	3.953574859999999802e-01	-7.990324999999999511e-02	6.840121639999999781e-01	1.564707901000000012e+00
4.061585990000000090e-01	4.747951999999999728e-03	6.355175419999999908e-01	4.061585990000000090e-01	-7.335136500000000170e-02	7.058735790000000287e-01	1.564702912000000001e+00
4.172547970000000106e-01	5.010905999999999867e-03	6.528775980000000034e-01	4.172547970000000106e-01	-6.590391700000000630e-02	7.278130170000000065e-01	1.564697645999999942e+00
4.286541409999999885e-01	5.288423000000000429e-03	6.707117430000000269e-01	4.286541409999999885e-01	-5.752678700000000284e-02	7.497155300000000189e-01	1.564692087999999925e+00
4.403649139999999962e-01	5.581306999999999761e-03	6.890329130000000246e-01	4.403649139999999962e-01	-4.819713999999999943e-02	7.714482740000000449e-01	1.564686221999999960e+00
4.523956230000000245e-01	5.890410999999999911e-03	7.078543969999999685e-01	4.523956230000000245e-01	-3.790754000000000346e-02	7.928594909999999718e-01	1.564680030000000110e+00
4.647550100000000239e-01	6.216633000000000055e-03	7.271898460000000286e-01	4.647550100000000239e-01	-2.667094899999999935e-02	8.137779990000000296e-01	1.564673493999999998e+00
4.774520540000000146e-01	6.560919000000000126e-03	7.470532800000000417e-01	4.774520540000000146e-01	-1.452667600000000052e-02	8.340134759999999758e-01	1.564666595999999910e+00
4.904959790000000264e-01	6.924269999999999731e-03	7.674591029999999758e-01	4.904959790000000264e-01	-1.547303999999999997e-03	8.533579180000000486e-01	1.564659315999999967e+00
5.038962630000000109e-01	7.307741999999999884e-03	7.884221089999999821e-01	5.038962630000000109e-01	1.215348699999999928e-02	8.715887049999999636e-01	1.564651631000000043e+00
5.176626399999999517e-01	7.712448000000000220e-03	8.099574950000000273e-01	5.176626399999999517e-01	2.641243000000000063e-02	8.884738309999999917e-01	1.564643521000000037e+00
5.318051129999999960e-01	8.139564000000000174e-03	8.320808720000000269e-01	5.318051129999999960e-01	4.100792799999999905e-02	9.037798599999999904e-01	1.564634961000000102e+00
5.463339560000000095e-01	8.590330999999999662e-03	8.548082719999999801e-01	5.463339560000000095e-01	5.565176399999999940e-02	9.172831959999999674e-01	1.564625925999999945e+00
5.612597259999999588e-01	9.066058000000000103e-03	8.781561660000000158e-01	5.612597259999999588e-01	6.998229300000000097e-02	9.287851049999999997e-01	1.564616390999999940e+00
5.765932649999999660e-01	9.568126999999999188e-03	9.021414709999999726e-01	5.765932649999999660e-01	8.356048400000000431e-02	9.381306950000000144e-01	1.564606327999999991e+00
5.923457149999999949e-01	1.009799500000000023e-02	9.267815619999999477e-01	5.923457149999999949e-01	9.587051800000000179e-02	9.452315519999999749e-01	1.564595707000000058e+00
6.085285190000000455e-01	1.065720099999999983e-02	9.520942869999999836e-01	6.085285190000000455e-01	1.063267999999999991e-01	9.500910780000000333e-01	1.564584498000000101e+00
6.251534349999999796e-01	1.124736999999999959e-02	9.780979779999999790e-01	6.251534349999999796e-01	1.142891330000000011e-01	9.528306800000000409e-01	1.564572668000000055e+00
6.422325420000000173e-01	1.187021499999999993e-02	1.004811464000000099e+00	6.422325420000000173e-01	1.190872979999999942e-01	9.537139900000000114e-01	1.564560184000000076e+00
6.597782479999999561e-01	1.252754399999999983e-02	1.032254084000000072e+00	6.597782479999999561e-01	1.200551879999999932e-01	9.531654960000000010e-01	1.564547007999999906e+00
6.778032999999999975e-01	1.322126700000000009e-02	1.060445700999999907e+00	6.778032999999999975e-01	1.165731220000000012e-01	9.517795559999999710e-01	1.564533103999999897e+00
6.963207940000000207e-01	1.395339699999999933e-02	1.089406714999999970e+00	6.963207940000000207e-01	1.081150439999999935e-01	9.503161190000000147e-01	1.564518429999999904e+00
7.153441830000000223e-01	1.472606100000000036e-02	1.119158080999999916e+00	7.153441830000000223e-01	9.429554800000000681e-02	9.496808410000000533e-01	1.564502944000000006e+00
7.348872889999999991e-01	1.554149999999999976e-02	1.149721318000000103e+00	7.348872889999999991e-01	7.491052900000000347e-02	9.508895450000000027e-01	1.564486601999999893e+00
7.549643099999999718e-01	1.640208300000000133e-02	1.181118528000000056e+00	7.549643099999999718e-01	4.996527099999999860e-02	9.550198290000000423e-01	1.564469356000000033e+00
7.755898319999999790e-01	1.731030799999999994e-02	1.213372410000000068e+00	7.755898319999999790e-01	1.968530799999999858e-02	9.631553619999999594e-01	1.564451156000000065e+00
7.967788409999999599e-01	1.826880999999999991e-02	1.246506276000000080e+00	7.967788409999999599e-01	-1.549187599999999991e-02	9.763302459999999572e-01	1.564431949999999905e+00
8.185467309999999719e-01	1.928037299999999996e-02	1.280544067999999980e+00	8.185467309999999719e-01	-5.494278400000000145e-02	9.954811070000000317e-01	1.564411682000000026e+00
8.409093159999999623e-01	2.034793099999999966e-02	1.315510371000000012e+00	8.409093159999999623e-01	-9.789675800000000039e-02	1.021413263999999987e+00	1.564390292999999987e+00
8.638828440000000386e-01	2.147458199999999900e-02	1.351430436000000013e+00	8.638828440000000386e-01	-1.434808660000000125e-01	1.054784664999999899e+00	1.564367720999999989e+00
8.874840059999999919e-01	2.266359700000000060e-02	1.388330191999999963e+00	8.874840059999999919e-01	-1.907632350000000032e-01	1.096108123000000045e+00	1.564343899999999898e+00
9.117299479999999567e-01	2.391842400000000063e-02	1.426236263999999920e+00	9.117299479999999567e-01	-2.387879499999999988e-01	1.145769540000000086e+00	1.564318762000000085e+00
9.366382869999999583e-01	2.524270500000000070e-02	1.465175997000000008e+00	9.366382869999999583e-01	-2.865962340000000053e-01	1.204057791999999960e+00	1.564292232999999976e+00
9.622271169999999652e-01	2.664028099999999830e-02	1.505177466999999991e+00	9.622271169999999652e-01	-3.332304209999999989e-01	1.271201000000000025e+00	1.564264236000000086e+00
9.885150310000000440e-01	2.811520500000000075e-02	1.546269502999999990e+00	9.885150310000000440e-01	-3.777186909999999953e-01	1.347403729000000050e+00	1.564234689999999928e+00
1.015521128000000051e+00	2.967175600000000052e-02	1.588481709999999936e+00	1.015521128000000051e+00	-4.190391139999999903e-01	1.432879816999999889e+00	1.564203508000000076e+00
1.043265026999999900e+00	3.131444600000000272e-02	1.631844481999999985e+00	1.043265026999999900e+00	-4.560613510000000037e-01	1.527875217000000063e+00	1.564170599000000106e+00
1.071766884999999947e+00	3.304803800000000180e-02	1.676389028000000003e+00	1.071766884999999947e+00	-4.874632970000000176e-01	1.632673853000000008e+00	1.564135869000000012e+00
1.101047410999999920e+00	3.487755699999999653e-02	1.722147391000000027e+00	1.101047410999999920e+00	-5.116186910000000143e-01	1.747575783000000049e+00	1.564099214999999932e+00
1.131127876999999948e+00	3.680830599999999897e-02	1.769152467999999923e+00	1.131127876999999948e+00	-5.264511859999999599e-01	1.872829869000000036e+00	1.564060530999999976e+00
1.162030136000000047e+00	3.884587899999999983e-02	1.817438032000000092e+00	1.162030136000000047e+00	-5.292530890000000099e-01	2.008490554999999844e+00	1.564019706000000065e+00
1.193776641999999999e+00	4.099617900000000065e-02	1.867038756999999993e+00	1.193776641999999999e+00	-5.164781029999999662e-01	2.154148397999999798e+00	1.563976620000000040e+00
1.226390456999999934e+00	4.326543599999999740e-02	1.917990238000000014e+00	1.226390456999999934e+00	-4.835482360000000202e-01	2.308456465999999985e+00	1.563931149000000076e+00
1.259895277999999896e+00	4.566022100000000083e-02	1.970329011000000019e+00	1.259895277999999896e+00	-4.247864639999999747e-01	2.468348195999999994e+00	1.563883161999999993e+00
1.294315445000000064e+00	4.818746899999999667e-02	2.024092585000000000e+00	1.294315445000000064e+00	-3.337298490000000228e-01	2.627852800999999960e+00	1.563832520000000059e+00
1.329675967000000014e+00	5.085449499999999956e-02	2.079319456999999982e+00	1.329675967000000014e+00	-2.043097339999999928e-01	2.776562715999999931e+00	1.563779076999999962e+00
1.366002533999999935e+00	5.366901899999999836e-02	2.136049142000000067e+00	1.366002533999999935e+00	-3.360678999999999750e-02	2.898293838999999927e+00	1.563722679000000060e+00
1.403321537999999924e+00	5.663918800000000003e-02	2.194322194000000170e+00	1.403321537999999924e+00	1.733578269999999921e-01	2.971486050999999851e+00	1.563663162999999967e+00
1.441660090999999921e+00	5.977359399999999934e-02	2.254180235000000199e+00	1.441660090999999921e+00	3.980064079999999782e-01	2.973942802999999913e+00	1.563600359000000051e+00
1.481046048999999920e+00	6.308130500000000418e-02	2.315665977000000098e+00	1.481046048999999920e+00	6.064099450000000058e-01	2.893380903999999809e+00	1.563534084000000046e+00
1.521508026000000013e+00	6.657188599999999679e-02	2.378823247000000141e+00	1.521508026000000013e+00	7.575949279999999453e-01	2.739297180999999970e+00	1.563464146999999915e+00
1.563075417999999939e+00	7.025543099999999319e-02	2.443697019000000026e+00	1.563075417999999939e+00	8.212215269999999512e-01	2.545071403000000121e+00	1.563390346000000042e+00
1.605778426000000092e+00	7.414258699999999591e-02	2.510333433000000003e+00	1.605778426000000092e+00	7.917140889999999542e-01	2.354500475000000037e+00	1.563312467999999900e+00
1.649648073999999909e+00	7.824458400000000591e-02	2.578779829000000134e+00	1.649648073999999909e+00	6.867829410000000356e-01	2.202921923999999976e+00	1.563230284999999942e+00
1.694716235000000015e+00	8.257327100000000364e-02	2.649084768999999895e+00	1.694716235000000015e+00	5.342438240000000338e-01	2.107632828999999930e+00	1.563143560000000098e+00
1.741015651999999969e+00	8.714114600000000266e-02	2.721298068999999931e+00	1.741015651999999969e+00	3.596248329999999771e-01	2.070195186999999937e+00	1.563052040999999948e+00
1.788579963000000106e+00	9.196138900000000449e-02	2.795470825000000215e+00	1.788579963000000106e+00	1.807741210000000098e-01	2.083575315000000039e+00	1.562955464000000072e+00
1.837443724999999972e+00	9.704790500000000375e-02	2.871655442999999863e+00	1.837443724999999972e+00	7.912092000000000777e-03	2.138104365999999867e+00	1.562853547000000010e+00
1.887642437000000006e+00	1.024153589999999975e-01	2.949905666999999898e+00	1.887642437000000006e+00	-1.542997030000000103e-01	2.224665791000000059e+00	1.562745999000000108e+00
1.939212571999999968e+00	1.080792190000000041e-01	3.030276608999999954e+00	1.939212571999999968e+00	-3.047274970000000138e-01	2.335855576000000156e+00	1.562632510000000030e+00
1.992191596000000064e+00	1.140558019999999978e-01	3.112824777999999792e+00	1.992191596000000064e+00	-4.444026549999999798e-01	2.466186299999999942e+00	1.562512753999999893e+00
2.046617998999999966e+00	1.203623169999999964e-01	3.197608105000000034e+00	2.046617998999999966e+00	-5.757660730000000449e-01	2.612057521000000104e+00	1.562386389000000042e+00
2.102531325000000173e+00	1.270169180000000064e-01	3.284685978999999811e+00	2.102531325000000173e+00	-7.022363619999999473e-01	2.771850837000000123e+00	1.562253051999999975e+00
2.159972194999999928e+00	1.340387510000000115e-01	3.374119263999999951e+00	2.159972194999999928e+00	-8.277918739999999831e-01	2.946242777999999785e+00	1.562112359999999978e+00
2.218982340999999803e+00	1.414480090000000134e-01	3.465970335000000180e+00	2.218982340999999803e+00	-9.563298359999999887e-01	3.138642845000000126e+00	1.561963910000000011e+00
2.279604636999999823e+00	1.492659839999999905e-01	3.560303102999999858e+00	2.279604636999999823e+00	-1.090705435999999917e+00	3.355587058999999872e+00	1.561807273999999968e+00
2.341883125999999926e+00	1.575151290000000037e-01	3.657183042999999856e+00	2.341883125999999926e+00	-1.231447879000000079e+00	3.606993570999999843e+00	1.561641998000000031e+00
2.405863055000000195e+00	1.662191130000000017e-01	3.756677224000000148e+00	2.405863055000000195e+00	-1.375011744000000036e+00	3.906318291999999914e+00	1.561467605999999897e+00
2.471590905999999865e+00	1.754028880000000068e-01	3.858854337999999995e+00	2.471590905999999865e+00	-1.510959299000000033e+00	4.270505774000000088e+00	1.561283595999999996e+00
2.539114434000000031e+00	1.850927609999999945e-01	3.963784732000000144e+00	2.539114434000000031e+00	-1.616890702000000068e+00	4.718663850999999632e+00	1.561089441000000022e+00
2.608482695000000184e+00	1.953164649999999947e-01	4.071540433000000014e+00	2.608482695000000184e+00	-1.650234588000000002e+00	5.265759620999999946e+00	1.560884587000000101e+00
2.679746086999999832e+00	2.061032419999999921e-01	4.182195173000000210e+00	2.679746086999999832e+00	-1.540857112999999945e+00	5.903092392999999660e+00	1.560668450000000096e+00
2.752956386000000144e+00	2.174839239999999951e-01	4.295824414000000147e+00	2.752956386000000144e+00	-1.205774381999999978e+00	6.559058202000000115e+00	1.560440417999999996e+00
2.828166780000000102e+00	2.294910159999999921e-01	4.412505358999999849e+00	2.828166780000000102e+00	-6.254946519999999843e-01	7.074871736999999605e+00	1.560199840999999976e+00
2.905431912000000061e+00	2.421587809999999896e-01	4.532316977999999885e+00	2.905431912000000061e+00	5.823123499999999925e-02	7.300678110999999859e+00	1.559946030000000095e+00
2.984807916999999922e+00	2.555233250000000234e-01	4.655340018999999607e+00	2.984807916999999922e+00	6.253463049999999912e-01	7.274822545000000140e+00	1.559678260000000094e+00
3.066352462999999862e+00	2.696226860000000003e-01	4.781657037999999638e+00	3.066352462999999862e+00	1.005367093000000045e+00	7.186974076000000267e+00	1.559395762999999935e+00
3.150124796000000060e+00	2.844969359999999781e-01	4.911352423000000300e+00	3.150124796000000060e+00	1.308064949000000032e+00	7.161591483999999674e+00	1.559097731999999903e+00
3.236185777000000208e+00	3.001882940000000222e-01	5.044512416999999971e+00	3.236185777000000208e+00	1.676429240000000043e+00	7.156128222999999622e+00	1.558783322000000027e+00
3.324597932000000089e+00	3.167412470000000035e-01	5.181225129000000429e+00	3.324597932000000089e+00	2.129921393000000052e+00	6.996775880999999586e+00	1.558451648999999994e+00
3.415425496000000116e+00	3.342026810000000014e-01	5.321580538000000082e+00	3.415425496000000116e+00	2.463611722000000004e+00	6.561176652000000331e+00	1.558101777999999937e+00
3.508734456000000002e+00	3.526219990000000193e-01	5.465670478999999915e+00	3.508734456000000002e+00	2.425993257000000014e+00	6.014120441000000206e+00	1.557732722999999986e+00
3.604592604000000033e+00	3.720512329999999812e-01	5.613588632999999994e+00	3.604592604000000033e+00	2.038156181999999816e+00	5.663795763999999622e+00	1.557343437000000108e+00
3.703069584000000081e+00	3.925451589999999769e-01	5.765430541999999825e+00	3.703069584000000081e+00	1.511603387000000076e+00	5.651904895000000373e+00	1.556932812000000110e+00
3.804236942000000177e+00	4.141614229999999730e-01	5.921293620000000146e+00	3.804236942000000177e+00	1.025573872000000053e+00	5.968496486000000267e+00	1.556499690000000102e+00
3.908168177999999937e+00	4.369607149999999995e-01	6.081277173000000147e+00	3.908168177999999937e+00	7.091141290000000375e-01	6.574390018999999974e+00	1.556042855999999919e+00
4.014938800999999557e+00	4.610069520000000254e-01	6.245482378000000168e+00	4.014938800999999557e+00	7.192993800000000437e-01	7.410786833000000406e+00	1.555561039999999950e+00
4.124626382999999841e+00	4.863674550000000041e-01	6.414012224000000373e+00	4.124626382999999841e+00	1.258959155000000107e+00	8.274512474999999867e+00	1.555052901000000043e+00
4.237310615000000169e+00	5.131130830000000254e-01	6.586971451000000144e+00	4.237310615000000169e+00	2.329987427999999916e+00	8.696156025000000511e+00	1.554517015999999918e+00
4.353073365000000194e+00	5.413183590000000267e-01	6.764466524000000369e+00	4.353073365000000194e+00	3.399622925000000073e+00	8.339963148000000714e+00	1.553951877000000037e+00
4.471998736999999835e+00	5.710616290000000150e-01	6.946605654999999935e+00	4.471998736999999835e+00	3.923707573000000171e+00	7.534756430999999921e+00	1.553355907000000036e+00
4.594173135000000130e+00	6.024253029999999676e-01	7.133498798999999835e+00	4.594173135000000130e+00	3.902268081999999971e+00	6.754641744999999808e+00	1.552727463999999946e+00
4.719685319999999962e+00	6.354961279999999935e-01	7.325257564000000166e+00	4.719685319999999962e+00	3.529949515999999843e+00	6.211299287000000113e+00	1.552064823999999899e+00
4.848626481000000155e+00	6.703653760000000128e-01	7.521995044999999713e+00	4.848626481000000155e+00	2.987997995999999823e+00	5.989636454000000221e+00	1.551366159999999939e+00
4.981090296999999723e+00	7.071289530000000045e-01	7.723825727000000363e+00	4.981090296999999723e+00	2.461884453000000139e+00	6.095741297000000003e+00	1.550629534000000032e+00
5.117173006999999885e+00	7.458875459999999569e-01	7.930865507000000036e+00	5.117173006999999885e+00	2.116352533000000147e+00	6.446992465000000117e+00	1.549852916000000080e+00
5.256973477999999922e+00	7.867469609999999669e-01	8.143231695000000769e+00	5.256973477999999922e+00	2.059735161999999953e+00	6.871737214999999566e+00	1.549034197999999973e+00
5.400593278999999747e+00	8.298184899999999642e-01	8.361042810000000713e+00	5.400593278999999747e+00	2.256950465000000072e+00	7.126398327000000421e+00	1.548171168999999958e+00
5.548136752999999644e+00	8.752190810000000099e-01	8.584418280999999595e+00	5.548136752999999644e+00	2.468261401999999993e+00	7.067356886999999865e+00	1.547261479999999967e+00
5.699711094000000422e+00	9.230713729999999728e-01	8.813478349000000378e+00	5.699711094000000422e+00	2.448557992000000016e+00	6.792503410000000130e+00	1.546302646000000003e+00
5.855426426000000184e+00	9.735039840000000444e-01	9.048344167999999854e+00	5.855426426000000184e+00	2.098807870999999992e+00	6.498437745000000376e+00	1.545292094999999977e+00
6.015395879999999806e+00	1.026652058000000034e+00	9.289137602000000271e+00	6.015395879999999806e+00	1.436768277000000094e+00	6.400167987999999752e+00	1.544227143999999941e+00
6.179735678000000121e+00	1.082657521000000012e+00	9.535980709000000388e+00	6.179735678000000121e+00	6.138191440000000387e-01	6.667417434999999948e+00	1.543104948999999948e+00
6.348565215999999900e+00	1.141668982999999971e+00	9.788995542000000327e+00	6.348565215999999900e+00	-1.566044470000000077e-01	7.352705775000000443e+00	1.541922499000000002e+00
6.522007154999999834e+00	1.203842065999999988e+00	1.004830433699999936e+01	6.522007154999999834e+00	-6.397006640000000299e-01	8.391560110000000350e+00	1.540676681000000103e+00
6.700187503999999628e+00	1.269340155000000081e+00	1.031402914499999923e+01	6.700187503999999628e+00	-6.835919809999999597e-01	9.511963761000000517e+00	1.539364254999999959e+00
6.883235714999999644e+00	1.338334493999999930e+00	1.058629104799999965e+01	6.883235714999999644e+00	-4.995417899999999856e-01	1.047945078100000060e+01	1.537981770000000026e+00
7.071284778999999965e+00	1.411003958000000003e+00	1.086521016600000067e+01	7.071284778999999965e+00	-2.112380749999999974e-01	1.148195319300000072e+01	1.536525611000000069e+00
7.264471318000000011e+00	1.487535840999999914e+00	1.115090579800000015e+01	7.264471318000000011e+00	4.040526819999999963e-01	1.251179388899999978e+01	1.534992061000000074e+00
7.462935685999999791e+00	1.568126507999999975e+00	1.144349536700000058e+01	7.462935685999999791e+00	1.386140146000000017e+00	1.349407632700000015e+01	1.533377192000000111e+00
7.666822074999999792e+00	1.652980823000000044e+00	1.174309390300000011e+01	7.666822074999999792e+00	3.439819171999999980e+00	1.410754847199999951e+01	1.531676851999999922e+00
7.876278611000000041e+00	1.742312692999999912e+00	1.204981454400000018e+01	7.876278611000000041e+00	5.496712360000000075e+00	1.210736509700000063e+01	1.529886783000000028e+00
8.091457472000000095e+00	1.836346178000000107e+00	1.236376736200000082e+01	8.091457472000000095e+00	4.465702890000000203e+00	9.782942554999999984e+00	1.528002513999999978e+00
8.312514990000000381e+00	1.935314634999999894e+00	1.268505843400000010e+01	8.312514990000000381e+00	2.573284255999999992e+00	9.337315780999999149e+00	1.526019315000000098e+00
8.539611769000000407e+00	2.039461265999999995e+00	1.301379060600000059e+01	8.539611769000000407e+00	8.931922289999999487e-01	9.913957864000000342e+00	1.523932346999999909e+00
8.772912802000000454e+00	2.149040382999999999e+00	1.335006182000000052e+01	8.772912802000000454e+00	-6.653800699999999901e-01	1.139146864199999953e+01	1.521736522999999952e+00
9.012587587000000511e+00	2.264316020999999957e+00	1.369396437300000002e+01	9.012587587000000511e+00	-1.353837943999999904e+00	1.436290444099999952e+01	1.519426495999999904e+00
9.258810254000000128e+00	2.385563290999999975e+00	1.404558564200000070e+01	9.258810254000000128e+00	1.006466362999999919e+00	1.729320881199999960e+01	1.516996811999999917e+00
9.511759690999999961e+00	2.513068759999999902e+00	1.440500541299999959e+01	9.511759690999999961e+00	3.879803654999999907e+00	1.696830795199999997e+01	1.514441689000000091e+00
9.771619673000000006e+00	2.647129118000000059e+00	1.477229660599999939e+01	9.771619673000000006e+00	4.887417240999999635e+00	1.556717396200000003e+01	1.511755175000000007e+00
1.003857899399999987e+01	2.788053611000000043e+00	1.514752412900000067e+01	1.003857899399999987e+01	4.489819366999999950e+00	1.492320979500000000e+01	1.508931108999999937e+00
1.031283160699999968e+01	2.936161894000000050e+00	1.553074298800000008e+01	1.031283160699999968e+01	4.607041806999999878e+00	1.502434430899999995e+01	1.505963015999999932e+00
1.059457676399999926e+01	3.091785725999999901e+00	1.592199948300000045e+01	1.059457676399999926e+01	4.228556365000000206e+00	1.450745277100000052e+01	1.502844317000000096e+00
1.088401916099999944e+01	3.255268360000000083e+00	1.632132747300000020e+01	1.088401916099999944e+01	3.322034866000000086e+00	1.520227765599999969e+01	1.499568057999999926e+00
1.118136908399999996e+01	3.426964158000000094e+00	1.672875033400000078e+01	1.118136908399999996e+01	3.221087804000000165e+00	1.636072824400000059e+01	1.496127192000000106e+00
1.148684256700000006e+01	3.607239743000000054e+00	1.714427696399999945e+01	1.148684256700000006e+01	3.910981528999999846e+00	1.769981482900000103e+01	1.492514314999999980e+00
1.180066154400000045e+01	3.796472007000000204e+00	1.756790339599999839e+01	1.180066154400000045e+01	4.885949870000000139e+00	1.763160933300000011e+01	1.488721909999999982e+00
1.212305401300000085e+01	3.995050137999999862e+00	1.799960902100000126e+01	1.212305401300000085e+01	5.031235060000000203e+00	1.835859249700000007e+01	1.484742129000000022e+00
1.245425420099999947e+01	4.203372938000000225e+00	1.843935794700000130e+01	1.245425420099999947e+01	6.106466843999999838e+00	1.849710256599999880e+01	1.480567012999999932e+00
1.279450273199999977e+01	4.421850752000000107e+00	1.888709497500000012e+01	1.279450273199999977e+01	6.931388258000000135e+00	1.845641694400000077e+01	1.476188279999999908e+00
1.314404680700000050e+01	4.650903065999999697e+00	1.934274734699999954e+01	1.314404680700000050e+01	6.760897164000000181e+00	1.748637519900000115e+01	1.471597569999999910e+00
1.350314037899999953e+01	4.890959124000000102e+00	1.980621998299999831e+01	1.350314037899999953e+01	6.433704486999999972e+00	1.803461825300000143e+01	1.466786200999999901e+00
1.387204433800000025e+01	5.142457163999999636e+00	2.027739765000000105e+01	1.387204433800000025e+01	6.106803955000000173e+00	1.837869057400000017e+01	1.461745446999999976e+00
1.425102670300000085e+01	5.405842295000000242e+00	2.075614034199999836e+01	1.425102670300000085e+01	6.404120954999999782e+00	1.906619346300000117e+01	1.456466314999999900e+00
1.464036281499999959e+01	5.681568137000000185e+00	2.124228393399999959e+01	1.464036281499999959e+01	6.510430454999999839e+00	2.006520044100000177e+01	1.450939720999999905e+00
1.504033553600000062e+01	5.970092606999999774e+00	2.173563849199999964e+01	1.504033553600000062e+01	7.301393330999999876e+00	2.046374780400000049e+01	1.445156488999999933e+00
1.545123545799999931e+01	6.271879053000000148e+00	2.223598512499999913e+01	1.545123545799999931e+01	8.645096148000000369e+00	2.070370787799999945e+01	1.439107260000000110e+00
1.587336110999999939e+01	6.587394478000000220e+00	2.274307718500000064e+01	1.587336110999999939e+01	8.916299787999999893e+00	2.024683049800000134e+01	1.432782699999999965e+00
1.630701917700000081e+01	6.917106335999999800e+00	2.325663714399999904e+01	1.630701917700000081e+01	8.812822184999999919e+00	1.944037235000000052e+01	1.426173410000000086e+00
1.675252472400000059e+01	7.261482829000000194e+00	2.377635479299999943e+01	1.675252472400000059e+01	8.533582717999999900e+00	1.928784750399999837e+01	1.419269941999999896e+00
1.721020142200000080e+01	7.620990571000000102e+00	2.430188765100000126e+01	1.721020142200000080e+01	7.674089425000000020e+00	1.971193396900000039e+01	1.412062941999999932e+00
1.768038178500000157e+01	7.996091264000000365e+00	2.483285891399999912e+01	1.768038178500000157e+01	6.745252303000000005e+00	2.026888697600000100e+01	1.404543137999999969e+00
1.816340741100000145e+01	8.387240265000000861e+00	2.536885551299999975e+01	1.816340741100000145e+01	6.310240626999999769e+00	2.127273568800000092e+01	1.396701342000000068e+00
1.865962923200000034e+01	8.794884640999999448e+00	2.590942781300000064e+01	1.865962923200000034e+01	6.339456501999999993e+00	2.292937524299999907e+01	1.388528543999999920e+00
1.916940776499999899e+01	9.219459931999999469e+00	2.645408911999999901e+01	1.916940776499999899e+01	6.818850249999999669e+00	2.474071891399999856e+01	1.380015983999999918e+00
1.969311337899999970e+01	9.661386981999999790e+00	2.700231457199999952e+01	1.969311337899999970e+01	7.600629466000000001e+00	2.613861305000000002e+01	1.371155187999999914e+00
2.023112655899999979e+01	1.012106910099999979e+01	2.755354034300000166e+01	2.023112655899999979e+01	8.967004946999999504e+00	2.695372157499999943e+01	1.361938015000000002e+00
2.078383818600000055e+01	1.059888903400000082e+01	2.810716341099999838e+01	2.078383818600000055e+01	1.048475788900000083e+01	2.677440749299999823e+01	1.352356727999999952e+00
2.135164981899999859e+01	1.109520557099999927e+01	2.866254161199999828e+01	2.135164981899999859e+01	1.119970246799999991e+01	2.610086137800000117e+01	1.342404069999999949e+00
2.193497398899999951e+01	1.161034990899999997e+01	2.921899386500000162e+01	2.193497398899999951e+01	1.123544886800000064e+01	2.533699729199999950e+01	1.332073330999999916e+00
2.253423449599999984e+01	1.214462194200000056e+01	2.977580062899999902e+01	2.253423449599999984e+01	1.007414200999999920e+01	2.555878037100000100e+01	1.321358425999999975e+00
2.314986671899999848e+01	1.269828645499999986e+01	3.033220468100000033e+01	2.314986671899999848e+01	9.339409656000000837e+00	2.697280687800000010e+01	1.310253966000000103e+00
2.378231793000000138e+01	1.327156926600000020e+01	3.088741226400000173e+01	2.378231793000000138e+01	8.953680265999999222e+00	2.951958410700000002e+01	1.298755333999999984e+00
2.443204762199999891e+01	1.386465329800000035e+01	3.144059461799999866e+01	2.443204762199999891e+01	1.099313289000000005e+01	3.217327723900000080e+01	1.286858765000000071e+00
2.509952784100000045e+01	1.447767461900000008e+01	3.199088991200000009e+01	2.509952784100000045e+01	1.439311382100000003e+01	3.269972581300000058e+01	1.274561422999999971e+00
2.578524352899999883e+01	1.511071848799999984e+01	3.253740559900000306e+01	2.578524352899999883e+01	1.487015857699999977e+01	3.104208744700000011e+01	1.261861480999999952e+00
2.648969287599999944e+01	1.576381547099999914e+01	3.307922123499999856e+01	2.648969287599999944e+01	1.595777312499999923e+01	3.179611362700000043e+01	1.248758202000000095e+00
2.721338768400000063e+01	1.643693772399999986e+01	3.361539177400000256e+01	2.721338768400000063e+01	1.611427846699999833e+01	3.071390053100000017e+01	1.235252008000000012e+00
2.795685373499999926e+01	1.712999555300000054e+01	3.414495122099999946e+01	2.795685373499999926e+01	1.574846592399999956e+01	3.114609038700000099e+01	1.221344559999999912e+00
2.872063117800000143e+01	1.784283410300000128e+01	3.466691645699999924e+01	2.872063117800000143e+01	1.635587771699999848e+01	3.217376808899999929e+01	1.207038808999999935e+00
2.950527491700000127e+01	1.857522977200000014e+01	3.518029158299999892e+01	2.950527491700000127e+01	1.672531222900000003e+01	3.215878671400000144e+01	1.192339054000000065e+00
3.031135501600000026e+01	1.932688700799999992e+01	3.568407368399999768e+01	3.031135501600000026e+01	1.662789230099999926e+01	3.236974228700000111e+01	1.177251022000000091e+00
3.113945711299999886e+01	2.009743725699999928e+01	3.617725877800000234e+01	3.113945711299999886e+01	1.600897231300000101e+01	3.336531800200000220e+01	1.161781935999999904e+00
3.199018284799999989e+01	2.088643728899999985e+01	3.665884535800000066e+01	3.199018284799999989e+01	1.531600417199999953e+01	3.576739777499999917e+01	1.145940476000000041e+00
3.286415029399999810e+01	2.169336471400000121e+01	3.712784152700000107e+01	3.286415029399999810e+01	1.748911299599999936e+01	4.013515201999999960e+01	1.129736846999999988e+00
3.376199441100000342e+01	2.251762066999999945e+01	3.758327378300000277e+01	3.376199441100000342e+01	2.331394503699999987e+01	4.088211876500000130e+01	1.113182867999999992e+00
3.468436750800000112e+01	2.335852807999999925e+01	3.802418836300000038e+01	3.468436750800000112e+01	2.708498400999999944e+01	3.769981211700000046e+01	1.096291818999999945e+00
3.563193971199999766e+01	2.421533050400000064e+01	3.844966429699999821e+01	3.563193971199999766e+01	2.662952607700000129e+01	3.312129472299999833e+01	1.079078618999999906e+00
3.660539946000000100e+01	2.508719658300000077e+01	3.885881408000000192e+01	3.660539946000000100e+01	2.395202513599999961e+01	3.260997220899999860e+01	1.061559624000000035e+00
3.760545399699999791e+01	2.597321794000000139e+01	3.925079676699999709e+01	3.760545399699999791e+01	2.233923994299999904e+01	3.324130290699999790e+01	1.043752769999999996e+00
3.863282988699999976e+01	2.687241401900000071e+01	3.962481838600000117e+01	3.863282988699999976e+01	2.219511489699999984e+01	3.490576372499999991e+01	1.025677345000000074e+00
3.968827354599999779e+01	2.778373559999999998e+01	3.998014460000000270e+01	3.968827354599999779e+01	2.146598391799999916e+01	3.581848269099999982e+01	1.007354088000000036e+00
4.077255178299999727e+01	2.870606552599999972e+01	4.031610363099999716e+01	4.077255178299999727e+01	2.061528038000000151e+01	3.708035911300000009e+01	9.888050139999999821e-01
4.188645235399999933e+01	2.963822660800000008e+01	4.063209229999999650e+01	4.188645235399999933e+01	2.115165852100000166e+01	4.066413670499999711e+01	9.700533230000000229e-01
4.303078453700000239e+01	3.057898590699999986e+01	4.092758374600000337e+01	4.303078453700000239e+01	2.328371462799999847e+01	4.360846516299999820e+01	9.511233449999999534e-01
4.420637972000000104e+01	3.152705958900000027e+01	4.120213185299999736e+01	4.420637972000000104e+01	2.703834642900000063e+01	4.534370079800000042e+01	9.320403999999999911e-01
4.541409200399999690e+01	3.248111979899999824e+01	4.145537547800000056e+01	4.541409200399999690e+01	2.903835451000000134e+01	4.505214724199999665e+01	9.128306579999999615e-01
4.665479882199999651e+01	3.343980179799999775e+01	4.168704272299999758e+01	4.665479882199999651e+01	3.158921380700000014e+01	4.503545655100000289e+01	8.935210049999999793e-01
4.792940158300000064e+01	3.440171121000000198e+01	4.189695445099999915e+01	4.792940158300000064e+01	3.353981262300000310e+01	4.313477140100000184e+01	8.741389019999999954e-01
4.923882631699999735e+01	3.536543163200000350e+01	4.208502691500000026e+01	4.923882631699999735e+01	3.308343690200000253e+01	4.181683560900000174e+01	8.547122270000000466e-01
5.058402435699999700e+01	3.632953262699999897e+01	4.225127354300000349e+01	5.058402435699999700e+01	3.233552338500000189e+01	4.266115248700000251e+01	8.352691209999999478e-01
5.196597302499999671e+01	3.729257784499999673e+01	4.239580569099999963e+01	5.196597302499999671e+01	3.316357831799999900e+01	4.472769947799999812e+01	8.158378109999999683e-01
5.338567634199999645e+01	3.825313264199999708e+01	4.251883260599999659e+01	5.338567634199999645e+01	3.558601345699999996e+01	4.611001497000000171e+01	7.964464540000000259e-01
5.484416576099999929e+01	3.920977183600000160e+01	4.262066185799999829e+01	5.484416576099999929e+01	3.867879714299999705e+01	4.623793537800000308e+01	7.771229859999999601e-01
5.634250091300000207e+01	4.016108989100000315e+01	4.270169775400000134e+01	5.634250091300000207e+01	4.107642208699999742e+01	4.407808474600000181e+01	7.578949649999999760e-01
5.788177037700000227e+01	4.110570635599999889e+01	4.276243586999999735e+01	5.788177037700000227e+01	4.100173492399999731e+01	4.286966522499999854e+01	7.387893559999999527e-01
5.946309247399999975e+01	4.204227270799999872e+01	4.280346569299999970e+01	5.946309247399999975e+01	4.147376964400000077e+01	4.183471847599999904e+01	7.198324860000000491e-01
6.108761607499999968e+01	4.296948257999999754e+01	4.282546054899999888e+01	6.108761607499999968e+01	4.131456144799999919e+01	4.272172707499999689e+01	7.010497919999999494e-01
6.275652144000000021e+01	4.388607436899999925e+01	4.282917944700000135e+01	6.275652144000000021e+01	4.160824616600000070e+01	4.236981391300000155e+01	6.824657969999999851e-01
6.447102107300000284e+01	4.479083883100000207e+01	4.281545611899999670e+01	6.447102107300000284e+01	4.301524146300000240e+01	4.225672818099999972e+01	6.641038940000000279e-01
6.623236060300000361e+01	4.568262559400000100e+01	4.278519764699999683e+01	6.623236060300000361e+01	4.341917608199999989e+01	4.239142428899999970e+01	6.459863009999999850e-01
6.804181968899999333e+01	4.656034542900000162e+01	4.273937758900000006e+01	6.804181968899999333e+01	4.348060181499999999e+01	4.277831279200000125e+01	6.281339590000000195e-01
6.990071295200000634e+01	4.742297502600000314e+01	4.267902890300000252e+01	6.990071295200000634e+01	4.395193658800000236e+01	4.336264698800000161e+01	6.105664320000000478e-01
7.181039092499999299e+01	4.826956042900000199e+01	4.260523793400000159e+01	7.181039092499999299e+01	4.492474753599999815e+01	4.380763647399999883e+01	5.933018519999999629e-01
7.377224104200000454e+01	4.909921937400000047e+01	4.251913793700000355e+01	7.377224104200000454e+01	4.598307525700000298e+01	4.385936478600000044e+01	5.763568700000000211e-01
7.578768863599999861e+01	4.991114310799999743e+01	4.242190216899999911e+01	7.578768863599999861e+01	4.662518727399999818e+01	4.398634290300000060e+01	5.597466150000000029e-01
7.785819798500000388e+01	5.070459697399999754e+01	4.231473668200000304e+01	7.785819798500000388e+01	4.729791036999999676e+01	4.461862048300000083e+01	5.434846650000000334e-01
7.998527336799999432e+01	5.147891991099999842e+01	4.219887502000000268e+01	7.998527336799999432e+01	4.929041773200000165e+01	4.483722539299999710e+01	5.275830569999999664e-01
8.217046016099999406e+01	5.223352727399999651e+01	4.207557158000000186e+01	8.217046016099999406e+01	4.995827657000000244e+01	4.353647198200000190e+01	5.120522809999999980e-01
8.441534595999999624e+01	5.296790549499999656e+01	4.194609263299999924e+01	8.441534595999999624e+01	5.024350793899999701e+01	4.403612672799999928e+01	4.969012700000000060e-01
8.672156173400000512e+01	5.368161486999999710e+01	4.181171505700000068e+01	8.672156173400000512e+01	5.003474602600000054e+01	4.507811730299999908e+01	4.821374780000000082e-01
8.909078300900000613e+01	5.437428323200000335e+01	4.167371694599999898e+01	8.909078300900000613e+01	5.242526755099999747e+01	4.589778136500000016e+01	4.677668730000000274e-01
9.152473108799999579e+01	5.504560706800000247e+01	4.153337334999999797e+01	9.152473108799999579e+01	5.464741502599999734e+01	4.513575662499999908e+01	4.537939950000000056e-01
9.402517429700000662e+01	5.569534696499999882e+01	4.139195239499999701e+01	9.402517429700000662e+01	5.618665647699999965e+01	4.442308988300000294e+01	4.402220230000000178e-01
9.659392927400000417e+01	5.632332429400000251e+01	4.125071003099999700e+01	9.659392927400000417e+01	5.688880655399999853e+01	4.379712554099999977e+01	4.270528210000000269e-01
9.923286228800000686e+01	5.692941773999999810e+01	4.111088597300000202e+01	9.923286228800000686e+01	5.818857139600000039e+01	4.292122246899999993e+01	4.142870120000000100e-01
1.019438905939999955e+02	5.751355922799999831e+01	4.097370078899999868e+01	1.019438905939999955e+02	5.913870737599999927e+01	4.162336255400000340e+01	4.019240439999999803e-01
1.047289838239999966e+02	5.807573148299999843e+01	4.084035286900000017e+01	1.047289838239999966e+02	5.794629402700000043e+01	3.930696353500000129e+01	3.899622759999999966e-01
1.075901654219999983e+02	5.861596151100000185e+01	4.071201346099999796e+01	1.075901654219999983e+02	5.700017786699999789e+01	4.044914304400000304e+01	3.783990230000000010e-01
