1.000000000000000021e-02	1.039430000000000041e-04	5.814012899999999873e-02	1.000000000000000021e-02	-1.749318139999999910e-01	2.347059449999999992e-01	5.814012918000000418e+00
1.035261699999999972e-02	1.114020000000000017e-04	6.019020900000000146e-02	1.035261699999999972e-02	-1.693377980000000116e-01	2.416360260000000038e-01	5.814008759000000026e+00
1.071766900000000085e-02	1.193969999999999954e-04	6.231257300000000304e-02	1.071766900000000085e-02	-1.633571259999999914e-01	2.486541730000000061e-01	5.814004300999999764e+00
1.109559300000000082e-02	1.279660000000000010e-04	6.450976999999999406e-02	1.109559300000000082e-02	-1.569651189999999863e-01	2.557448429999999995e-01	5.813999523999999752e+00
1.148684300000000005e-02	1.371490000000000111e-04	6.678443800000000152e-02	1.148684300000000005e-02	-1.501359840000000001e-01	2.628896629999999957e-01	5.813994402999999700e+00
1.189188899999999924e-02	1.469909999999999891e-04	6.913930899999999602e-02	1.189188899999999924e-02	-1.428428870000000017e-01	2.700670430000000066e-01	5.813988915999999563e+00
1.231121699999999930e-02	1.575389999999999972e-04	7.157721000000000222e-02	1.231121699999999930e-02	-1.350580480000000139e-01	2.772517500000000190e-01	5.813983033999999606e+00
1.274533299999999932e-02	1.688449999999999868e-04	7.410106700000000657e-02	1.274533299999999932e-02	-1.267528950000000043e-01	2.844144290000000241e-01	5.813976730000000259e+00
1.319475500000000072e-02	1.809620000000000065e-04	7.671391099999999574e-02	1.319475500000000072e-02	-1.178982729999999979e-01	2.915210750000000184e-01	5.813969973999999930e+00
1.366002499999999925e-02	1.939479999999999937e-04	7.941887799999999831e-02	1.366002499999999925e-02	-1.084647239999999985e-01	2.985324389999999828e-01	5.813962733000000327e+00
1.414170200000000079e-02	2.078659999999999915e-04	8.221921699999999722e-02	1.414170200000000079e-02	-9.842286499999999827e-02	3.054033840000000000e-01	5.813954973000000415e+00
1.464036299999999999e-02	2.227820000000000093e-04	8.511828800000000028e-02	1.464036299999999999e-02	-8.774387300000000001e-02	3.120821770000000162e-01	5.813946655999999713e+00
1.515660800000000023e-02	2.387690000000000038e-04	8.811957300000000659e-02	1.515660800000000023e-02	-7.640011100000000666e-02	3.185097239999999941e-01	5.813937742000000242e+00
1.569105599999999837e-02	2.559039999999999948e-04	9.122667299999999424e-02	1.569105599999999837e-02	-6.436592400000000491e-02	3.246187520000000104e-01	5.813928188000000219e+00
1.624435000000000115e-02	2.742670000000000221e-04	9.444331899999999780e-02	1.624435000000000115e-02	-5.161864099999999983e-02	3.303329549999999837e-01	5.813917949000000363e+00
1.681715400000000082e-02	2.939479999999999849e-04	9.777337099999999781e-02	1.681715400000000082e-02	-3.813982300000000325e-02	3.355661079999999741e-01	5.813906976000000171e+00
1.741015699999999902e-02	3.150420000000000238e-04	1.012208259999999999e-01	1.741015699999999902e-02	-2.391680599999999879e-02	3.402211989999999742e-01	5.813895214999999617e+00
1.802406900000000020e-02	3.376489999999999787e-04	1.047898220000000047e-01	1.802406900000000020e-02	-8.944590000000000526e-03	3.441895950000000148e-01	5.813882610000000284e+00
1.865962900000000049e-02	3.618779999999999935e-04	1.084846420000000061e-01	1.865962900000000049e-02	6.771860999999999679e-03	3.473503290000000132e-01	5.813869100999999873e+00
1.931760000000000074e-02	3.878449999999999975e-04	1.123097200000000018e-01	1.931760000000000074e-02	2.321486000000000036e-02	3.495695630000000276e-01	5.813854622000000028e+00
1.999877300000000094e-02	4.156750000000000072e-04	1.162696470000000037e-01	1.999877300000000094e-02	4.035071700000000122e-02	3.507003570000000181e-01	5.813839104999999563e+00
2.070396399999999831e-02	4.455020000000000182e-04	1.203691729999999960e-01	2.070396399999999831e-02	5.812588700000000108e-02	3.505828779999999867e-01	5.813822475000000267e+00
2.143402200000000049e-02	4.774690000000000054e-04	1.246132189999999973e-01	2.143402200000000049e-02	7.646252400000000393e-02	3.490452399999999789e-01	5.813804651999999962e+00
2.218982300000000088e-02	5.117290000000000467e-04	1.290068749999999931e-01	2.218982300000000088e-02	9.525343899999999531e-02	3.459052049999999934e-01	5.813785550000000413e+00
2.297227500000000033e-02	5.484469999999999753e-04	1.335554120000000122e-01	2.297227500000000033e-02	1.143565349999999953e-01	3.409730209999999873e-01	5.813765078000000308e+00
2.378231800000000021e-02	5.877989999999999604e-04	1.382642880000000130e-01	2.378231800000000021e-02	1.335888399999999865e-01	3.340557310000000224e-01	5.813743137000000338e+00
2.462092399999999889e-02	6.299740000000000504e-04	1.431391489999999933e-01	2.462092399999999889e-02	1.527204070000000025e-01	3.249633040000000084e-01	5.813719622999999892e+00
2.548910100000000012e-02	6.751749999999999722e-04	1.481858430000000115e-01	2.548910100000000012e-02	1.714684670000000133e-01	3.135169620000000101e-01	5.813694422000000195e+00
2.638789100000000012e-02	7.236169999999999668e-04	1.534104219999999907e-01	2.638789100000000012e-02	1.894924269999999911e-01	2.995600219999999814e-01	5.813667413000000117e+00
2.731837399999999944e-02	7.755350000000000481e-04	1.588191509999999917e-01	2.731837399999999944e-02	2.063905119999999982e-01	2.829714890000000205e-01	5.813638467999999726e+00
2.828166799999999939e-02	8.311759999999999851e-04	1.644185149999999873e-01	2.828166799999999939e-02	2.216990550000000060e-01	2.636824010000000107e-01	5.813607445999999790e+00
2.927892899999999868e-02	8.908079999999999861e-04	1.702152249999999978e-01	2.927892899999999868e-02	2.348956590000000066e-01	2.416946259999999957e-01	5.813574199999999692e+00
3.031135500000000163e-02	9.547170000000000005e-04	1.762162310000000010e-01	3.031135500000000163e-02	2.454075410000000068e-01	2.171013310000000085e-01	5.813538570000000405e+00
3.138018599999999741e-02	1.023208999999999968e-03	1.824287250000000138e-01	3.138018599999999741e-02	2.526262910000000028e-01	1.901077439999999952e-01	5.813500385000000215e+00
3.248670699999999661e-02	1.096612000000000064e-03	1.888601520000000034e-01	3.248670699999999661e-02	2.559299820000000003e-01	1.610502010000000039e-01	5.813459461999999967e+00
3.363224499999999811e-02	1.175279999999999901e-03	1.955182159999999947e-01	3.363224499999999811e-02	2.547128850000000000e-01	1.304108009999999929e-01	5.813415605000000319e+00
3.481817599999999929e-02	1.259588000000000070e-03	2.024108930000000084e-01	3.481817599999999929e-02	2.484220490000000059e-01	9.882463599999999349e-02	5.813368603999999884e+00
3.604592599999999897e-02	1.349940999999999901e-03	2.095464390000000010e-01	3.604592599999999897e-02	2.365986589999999889e-01	6.707653199999999427e-02	5.813318233000000390e+00
3.731696799999999897e-02	1.446772000000000032e-03	2.169333979999999995e-01	3.731696799999999897e-02	2.189206850000000038e-01	3.608490500000000045e-02	5.813264251999999743e+00
3.863282999999999995e-02	1.550544999999999961e-03	2.245806140000000117e-01	3.863282999999999995e-02	1.952421169999999928e-01	6.871664000000000418e-03	5.813206401999999606e+00
3.999509100000000344e-02	1.661757000000000034e-03	2.324972389999999944e-01	3.999509100000000344e-02	1.656234619999999991e-01	-1.948092300000000068e-02	5.813144406000000153e+00
4.140538800000000130e-02	1.780939999999999954e-03	2.406927470000000124e-01	4.140538800000000130e-02	1.303485319999999892e-01	-4.188314299999999768e-02	5.813077966999999902e+00
4.286541399999999752e-02	1.908666000000000052e-03	2.491769420000000124e-01	4.286541399999999752e-02	8.992400300000000235e-02	-5.929521399999999887e-02	5.813006768000000157e+00
4.437692299999999868e-02	2.045545000000000176e-03	2.579599710000000101e-01	4.437692299999999868e-02	4.506063700000000061e-02	-7.078241600000000078e-02	5.812930467000000156e+00
4.594173099999999954e-02	2.192232000000000122e-03	2.670523329999999751e-01	4.594173099999999954e-02	-3.362032999999999949e-03	-7.556120199999999398e-02	5.812848701000000062e+00
4.756171700000000335e-02	2.349430000000000008e-03	2.764648980000000145e-01	4.756171700000000335e-02	-5.434307199999999921e-02	-7.303071399999999658e-02	5.812761078000000303e+00
4.923882599999999943e-02	2.517890000000000059e-03	2.862089099999999831e-01	4.923882599999999943e-02	-1.068132259999999972e-01	-6.278648300000000404e-02	5.812667180000000045e+00
5.097507300000000269e-02	2.698416999999999830e-03	2.962960069999999724e-01	5.097507300000000269e-02	-1.596867720000000046e-01	-4.461589600000000211e-02	5.812566559000000410e+00
5.277254399999999762e-02	2.891874000000000007e-03	3.067382309999999723e-01	5.277254399999999762e-02	-2.119059040000000060e-01	-1.847763900000000056e-02	5.812458732999999711e+00
5.463339600000000074e-02	3.099184999999999961e-03	3.175480450000000010e-01	5.463339600000000074e-02	-2.624730029999999825e-01	1.553074200000000016e-02	5.812343189999999993e+00
5.655986500000000083e-02	3.321340999999999790e-03	3.287383409999999895e-01	5.655986500000000083e-02	-3.104681659999999899e-01	5.721220600000000156e-02	5.812219376999999909e+00
5.855426400000000170e-02	3.559399999999999890e-03	3.403224610000000205e-01	5.855426400000000170e-02	-3.550512109999999777e-01	1.063115399999999960e-01	5.812086704000000381e+00
6.061898999999999760e-02	3.814500000000000182e-03	3.523142080000000176e-01	6.061898999999999760e-02	-3.954486580000000084e-01	1.625544650000000091e-01	5.811944540999999909e+00
6.275652099999999567e-02	4.087854999999999614e-03	3.647278620000000138e-01	6.275652099999999567e-02	-4.309267339999999780e-01	2.256812639999999925e-01	5.811792209000000042e+00
6.496942599999999679e-02	4.380768999999999636e-03	3.775781999999999750e-01	6.496942599999999679e-02	-4.607511570000000223e-01	2.954725280000000120e-01	5.811628985999999664e+00
6.726036200000000409e-02	4.694636999999999769e-03	3.908805029999999903e-01	6.726036200000000409e-02	-4.841335660000000152e-01	3.717648230000000220e-01	5.811454094000000126e+00
6.963207899999999950e-02	5.030951999999999993e-03	4.046505839999999798e-01	6.963207899999999950e-02	-5.001629159999999574e-01	4.544534530000000072e-01	5.811266703000000255e+00
7.208742799999999507e-02	5.391313000000000008e-03	4.189047969999999954e-01	7.208742799999999507e-02	-5.077182780000000228e-01	5.434773440000000289e-01	5.811065924000000216e+00
7.462935699999999339e-02	5.777433999999999695e-03	4.336600580000000149e-01	7.462935699999999339e-02	-5.053574530000000120e-01	6.387766379999999522e-01	5.810850806000000368e+00
7.726091799999999787e-02	6.191147000000000143e-03	4.489338629999999886e-01	7.726091799999999787e-02	-4.911743900000000163e-01	7.402053600000000344e-01	5.810620327999999724e+00
7.998527299999999562e-02	6.634415000000000277e-03	4.647443050000000242e-01	7.998527299999999562e-02	-4.626195410000000230e-01	8.473667750000000165e-01	5.810373401999999743e+00
8.280569399999999913e-02	7.109339000000000110e-03	4.811100959999999871e-01	8.280569399999999913e-02	-4.162863419999999759e-01	9.593138639999999606e-01	5.810108858999999626e+00
8.572556700000000252e-02	7.618169000000000156e-03	4.980505829999999912e-01	8.572556700000000252e-02	-3.476970799999999917e-01	1.074016840999999944e+00	5.809825452000000112e+00
8.874840100000000453e-02	8.163310000000000011e-03	5.155857719999999977e-01	8.874840100000000453e-02	-2.512030720000000272e-01	1.187444879000000064e+00	5.809521843999999824e+00
9.187782399999999683e-02	8.747338000000000335e-03	5.337363450000000009e-01	9.187782399999999683e-02	-1.203093769999999951e-01	1.292070806999999988e+00	5.809196605000000346e+00
9.511759699999999818e-02	9.373009999999999328e-03	5.525236820000000160e-01	9.511759699999999818e-02	5.086444999999999855e-02	1.374721116999999992e+00	5.808848207999999680e+00
9.847161000000000108e-02	1.004327399999999960e-02	5.719698840000000395e-01	9.847161000000000108e-02	2.636724080000000248e-01	1.414361018999999997e+00	5.808475016000000046e+00
1.019438909999999948e-01	1.076128399999999943e-02	5.920977910000000399e-01	1.019438909999999948e-01	5.071340410000000354e-01	1.382375652999999982e+00	5.808075281999999895e+00
1.055386100000000049e-01	1.153041500000000046e-02	6.129310079999999994e-01	1.055386100000000049e-01	7.476779239999999938e-01	1.251121136999999939e+00	5.807647135999999932e+00
1.092600860000000063e-01	1.235427499999999963e-02	6.344939240000000424e-01	1.092600860000000063e-01	9.269716780000000211e-01	1.015565848000000049e+00	5.807188578999999962e+00
1.131127880000000058e-01	1.323672199999999938e-02	6.568117390000000055e-01	1.131127880000000058e-01	9.849823180000000233e-01	7.161671939999999514e-01	5.806697476000000080e+00
1.171013419999999972e-01	1.418188199999999982e-02	6.799104809999999555e-01	1.171013419999999972e-01	9.019190860000000365e-01	4.303243880000000021e-01	5.806171544999999767e+00
1.212305399999999977e-01	1.519416399999999959e-02	7.038170360000000070e-01	1.212305399999999977e-01	7.139024470000000511e-01	2.266537720000000034e-01	5.805608346999999725e+00
1.255053409999999925e-01	1.627828099999999861e-02	7.285591660000000358e-01	1.255053409999999925e-01	4.824935909999999994e-01	1.303383029999999887e-01	5.805005278000000324e+00
1.299308779999999997e-01	1.743926999999999977e-02	7.541655360000000252e-01	1.299308779999999997e-01	2.577819490000000102e-01	1.293484699999999932e-01	5.804359556999999725e+00
1.345124679999999961e-01	1.868250999999999939e-02	7.806657359999999990e-01	1.345124679999999961e-01	6.660405699999999429e-02	1.980941629999999898e-01	5.803668216000000157e+00
1.392556130000000003e-01	2.001374699999999840e-02	8.080903069999999522e-01	1.392556130000000003e-01	-8.119807099999999667e-02	3.131040769999999807e-01	5.802928085999999652e+00
1.441660090000000116e-01	2.143911500000000164e-02	8.364707609999999516e-01	1.441660090000000116e-01	-1.835313329999999910e-01	4.575461299999999953e-01	5.802135788000000183e+00
1.492495550000000060e-01	2.296516599999999866e-02	8.658396069999999556e-01	1.492495550000000060e-01	-2.397288439999999965e-01	6.200237039999999533e-01	5.801287716000000039e+00
1.545123549999999901e-01	2.459888799999999931e-02	8.962303750000000235e-01	1.545123549999999901e-01	-2.472034730000000069e-01	7.913767969999999652e-01	5.800380026000000022e+00
1.599607299999999954e-01	2.634773799999999902e-02	9.276776380000000266e-01	1.599607299999999954e-01	-2.002847590000000066e-01	9.603950660000000195e-01	5.799408621999999625e+00
1.656012249999999908e-01	2.821966899999999931e-02	9.602170330000000531e-01	1.656012249999999908e-01	-9.197729600000000005e-02	1.108069713999999983e+00	5.798369141000000226e+00
1.714406139999999912e-01	3.022316099999999839e-02	9.938852860000000344e-01	1.714406139999999912e-01	7.778787500000000632e-02	1.201459188000000067e+00	5.797256935000000055e+00
1.774859089999999973e-01	3.236724900000000071e-02	1.028720231000000096e+00	1.774859089999999973e-01	2.830519200000000124e-01	1.195866344999999997e+00	5.796067058000000216e+00
1.837443719999999892e-01	3.466156100000000045e-02	1.064760833000000018e+00	1.837443719999999892e-01	4.532189220000000240e-01	1.064798915999999984e+00	5.794794247999999648e+00
1.902235200000000070e-01	3.711634700000000092e-02	1.102047202000000059e+00	1.902235200000000070e-01	5.009539729999999969e-01	8.511909960000000330e-01	5.793432912000000101e+00
1.969311340000000077e-01	3.974251799999999751e-02	1.140620618000000031e+00	1.969311340000000077e-01	4.029743880000000167e-01	6.588002050000000276e-01	5.791977102999999794e+00
2.038752699999999973e-01	4.255168100000000092e-02	1.180523543000000064e+00	2.038752699999999973e-01	2.199285290000000115e-01	5.631302689999999611e-01	5.790420509999999688e+00
2.110642679999999993e-01	4.555617700000000325e-02	1.221799638000000021e+00	2.110642679999999993e-01	2.690054899999999929e-02	5.689813529999999675e-01	5.788756431000000369e+00
2.185067629999999927e-01	4.876912199999999808e-02	1.264493778000000068e+00	2.185067629999999927e-01	-1.341958309999999877e-01	6.443361429999999723e-01	5.786977764000000413e+00
2.262116929999999915e-01	5.220444300000000315e-02	1.308652058000000062e+00	2.262116929999999915e-01	-2.519990899999999812e-01	7.552002909999999680e-01	5.785076979000000286e+00
2.341883130000000091e-01	5.587692200000000248e-02	1.354321808999999988e+00	2.341883130000000091e-01	-3.314204190000000216e-01	8.768927739999999860e-01	5.783046105000000381e+00
2.424462019999999995e-01	5.980223700000000114e-02	1.401551602000000063e+00	2.424462019999999995e-01	-3.848920650000000054e-01	9.955471059999999595e-01	5.780876712999999611e+00
2.509952779999999883e-01	6.399700299999999675e-02	1.450391248999999938e+00	2.509952779999999883e-01	-4.260000110000000118e-01	1.108795321999999972e+00	5.778559890999999560e+00
2.598458100000000104e-01	6.847881399999999896e-02	1.500891809000000077e+00	2.598458100000000104e-01	-4.613984549999999851e-01	1.223467717999999982e+00	5.776086235000000180e+00
2.690084280000000216e-01	7.326628400000000096e-02	1.553105584999999955e+00	2.690084280000000216e-01	-4.851797279999999768e-01	1.345841985999999935e+00	5.773445827999999835e+00
2.784941349999999760e-01	7.837909099999999796e-02	1.607086116000000064e+00	2.784941349999999760e-01	-4.839054720000000032e-01	1.467709552000000084e+00	5.770628225000000278e+00
2.883143249999999824e-01	8.383801300000000289e-02	1.662888169999999999e+00	2.883143249999999824e-01	-4.567456710000000197e-01	1.558711658000000000e+00	5.767622441000000322e+00
2.984807919999999948e-01	8.966496899999999715e-02	1.720567731999999905e+00	2.984807919999999948e-01	-4.461266700000000029e-01	1.586035179000000017e+00	5.764416939000000184e+00
3.090057460000000256e-01	9.588305699999999376e-02	1.780181985000000022e+00	3.090057460000000256e-01	-5.299896910000000405e-01	1.576095290000000038e+00	5.760999620999999848e+00
3.199018279999999992e-01	1.025165839999999939e-01	1.841789294000000021e+00	3.199018279999999992e-01	-7.332486999999999755e-01	1.627232848000000009e+00	5.757357822000000347e+00
3.311821260000000211e-01	1.095910979999999979e-01	1.905449176999999938e+00	3.311821260000000211e-01	-9.997541920000000415e-01	1.816363649999999996e+00	5.753478305999999876e+00
3.428601860000000112e-01	1.171334170000000036e-01	1.971222275999999995e+00	3.428601860000000112e-01	-1.266965859999999999e+00	2.173387486999999840e+00	5.749347269000000260e+00
3.549500360000000243e-01	1.251716449999999980e-01	2.039170330000000142e+00	3.549500360000000243e-01	-1.477157473999999970e+00	2.747040870000000190e+00	5.744950346999999624e+00
3.674661940000000238e-01	1.337351900000000038e-01	2.109356132999999911e+00	3.674661940000000238e-01	-1.459767983000000102e+00	3.643070172999999912e+00	5.740272620999999909e+00
3.804236939999999789e-01	1.428547739999999899e-01	2.181843497000000021e+00	3.804236939999999789e-01	-6.636860930000000325e-01	4.728200726999999937e+00	5.735298645000000306e+00
3.938380980000000253e-01	1.525624289999999994e-01	2.256697211000000092e+00	3.938380980000000253e-01	8.797761990000000365e-01	4.731180680999999666e+00	5.730012461000000279e+00
4.077255180000000090e-01	1.628914909999999994e-01	2.333982992000000145e+00	4.077255180000000090e-01	1.516569489999999965e+00	4.009698615999999660e+00	5.724397641000000370e+00
4.221026319999999776e-01	1.738765790000000033e-01	2.413767443999999873e+00	4.221026319999999776e-01	2.085758686999999778e+00	3.584661617000000078e+00	5.718437320999999685e+00
4.369867080000000015e-01	1.855535670000000026e-01	2.496118007999999833e+00	4.369867080000000015e-01	2.549209596999999938e+00	2.141583565999999994e+00	5.712114258999999805e+00
4.523956230000000245e-01	1.979595379999999905e-01	2.581102916999999941e+00	4.523956230000000245e-01	1.230215781000000064e+00	1.045785994000000052e+00	5.705410893999999900e+00
4.683478830000000204e-01	2.111327289999999912e-01	2.668791155000000082e+00	4.683478830000000204e-01	-1.545413000000000038e-03	1.307968137000000031e+00	5.698309418000000015e+00
4.848626480000000072e-01	2.251124579999999875e-01	2.759252415000000180e+00	4.848626480000000072e-01	-7.581294140000000015e-01	1.965485597000000029e+00	5.690791867999999809e+00
5.019597519999999813e-01	2.399390399999999923e-01	2.852557070000000028e+00	5.019597519999999813e-01	-1.255637327000000081e+00	2.883306058000000061e+00	5.682840221000000192e+00
5.196597299999999864e-01	2.556536779999999953e-01	2.948776145000000071e+00	5.196597299999999864e-01	-1.318258076000000001e+00	4.277317020999999997e+00	5.674436508000000323e+00
5.379838399999999909e-01	2.722983509999999940e-01	3.047981308999999861e+00	5.379838399999999909e-01	-4.586561000000000284e-03	5.778646542999999802e+00	5.665562942000000213e+00
5.569540910000000400e-01	2.899156709999999859e-01	3.150244874999999833e+00	5.569540910000000400e-01	2.188836337000000132e+00	5.374499210999999832e+00	5.656202061000000114e+00
5.765932649999999660e-01	3.085487299999999933e-01	3.255639819000000212e+00	5.765932649999999660e-01	2.706656118000000166e+00	3.566247301000000203e+00	5.646336884000000111e+00
5.969249509999999814e-01	3.282409339999999842e-01	3.364239824999999851e+00	5.969249509999999814e-01	1.808114175000000046e+00	2.830093160000000108e+00	5.635951084000000222e+00
6.179735680000000286e-01	3.490358150000000270e-01	3.476119347000000026e+00	6.179735680000000286e-01	1.443574558999999979e+00	3.105324308000000144e+00	5.625029173999999799e+00
6.397643960000000130e-01	3.709768339999999776e-01	3.591353711000000004e+00	6.397643960000000130e-01	1.758568399999999921e+00	2.760951957000000068e+00	5.613556703000000425e+00
6.623236059999999537e-01	3.941071740000000045e-01	3.710019238000000108e+00	6.623236059999999537e-01	9.113792569999999982e-01	2.163675637999999957e+00	5.601520470999999723e+00
6.856782940000000215e-01	4.184695230000000099e-01	3.832193413000000159e+00	6.856782940000000215e-01	-6.231697999999999925e-03	2.653545790999999987e+00	5.588908746999999622e+00
7.098565079999999972e-01	4.441058549999999938e-01	3.957955094999999979e+00	7.098565079999999972e-01	-3.301352719999999796e-01	3.581941237000000111e+00	5.575711497000000350e+00
7.348872889999999991e-01	4.710572160000000008e-01	4.087384766999999641e+00	7.348872889999999991e-01	8.362957299999999872e-02	4.564607101000000000e+00	5.561920620000000426e+00
7.608006990000000247e-01	4.993635080000000115e-01	4.220564835000000237e+00	7.608006990000000247e-01	1.468742261999999910e+00	4.460747092000000080e+00	5.547530175000000341e+00
7.876278610000000402e-01	5.290632979999999597e-01	4.357579984000000017e+00	7.876278610000000402e-01	9.002550350000000368e-01	3.148743028000000166e+00	5.532536620000000127e+00
8.154009960000000445e-01	5.601936410000000199e-01	4.498517577000000323e+00	8.154009960000000445e-01	-2.566335100000000091e-01	3.577105374999999921e+00	5.516939028000000356e+00
8.441534600000000221e-01	5.927899370000000445e-01	4.643468111999999870e+00	8.441534600000000221e-01	-6.222272660000000011e-01	4.610139783000000158e+00	5.500739302000000386e+00
8.739197859999999762e-01	6.268858200000000380e-01	4.792525734999999898e+00	8.739197859999999762e-01	-5.931875180000000247e-01	5.670907464999999981e+00	5.483942363999999792e+00
9.047357240000000189e-01	6.625131039999999638e-01	4.945788796999999626e+00	9.047357240000000189e-01	2.256426290000000112e-01	6.957544838999999648e+00	5.466556326000000077e+00
9.366382869999999583e-01	6.997017789999999682e-01	5.103360462999999569e+00	9.366382869999999583e-01	1.880921811999999971e+00	8.269265320000000585e+00	5.448592627000000022e+00
9.696657890000000002e-01	7.384800729999999591e-01	5.265349365999999698e+00	9.696657890000000002e-01	5.730486899999999828e+00	4.715895094999999593e+00	5.430066135999999766e+00
1.003857898999999998e+00	7.788745940000000312e-01	5.431870289999999990e+00	1.003857898999999998e+00	2.714723966999999849e+00	2.770036344000000206e+00	5.410995214999999803e+00
1.039255682999999930e+00	8.209105570000000407e-01	5.603044892999999860e+00	1.039255682999999930e+00	1.184253577000000002e+00	2.969223447000000071e+00	5.391401735999999723e+00
1.075901653999999930e+00	8.646120910000000270e-01	5.779002436999999937e+00	1.075901653999999930e+00	2.315929359999999992e-01	3.658580629999999889e+00	5.371311043999999590e+00
1.113839825999999977e+00	9.100026610000000460e-01	5.959880536000000006e+00	1.113839825999999977e+00	-5.511255390000000531e-01	4.308145698999999773e+00	5.350751870999999937e+00
1.153115764999999904e+00	9.571055760000000134e-01	6.145825889000000153e+00	1.153115764999999904e+00	-9.797625309999999921e-01	5.881350228999999707e+00	5.329756192999999698e+00
1.193776641999999999e+00	1.005944613000000043e+00	6.336995006999999624e+00	1.193776641999999999e+00	-3.107962479999999972e-01	7.270387399999999722e+00	5.308359023000000398e+00
1.235871291999999899e+00	1.056544740000000093e+00	6.533554894999999973e+00	1.235871291999999899e+00	1.444049719999999981e+00	6.800973746999999570e+00	5.286598157000000242e+00
1.279450272999999916e+00	1.108932947000000002e+00	6.735683696999999803e+00	1.279450272999999916e+00	7.830188089999999823e-01	6.487088937000000222e+00	5.264513860000000101e+00
1.324565924999999922e+00	1.163139176000000052e+00	6.943571278000000291e+00	1.324565924999999922e+00	-1.557043200000000072e-01	7.373192300000000365e+00	5.242148498999999795e+00
1.371272433999999985e+00	1.219197338999999936e+00	7.157419727999999814e+00	1.371272433999999985e+00	1.186704639000000006e+00	9.351502693000000477e+00	5.219546130000000339e+00
1.419625896000000109e+00	1.277146434000000053e+00	7.377443786999999809e+00	1.419625896000000109e+00	4.497420596000000437e+00	7.507056783000000344e+00	5.196752048999999651e+00
1.469684385999999954e+00	1.337031724999999893e+00	7.603871168000000402e+00	1.469684385999999954e+00	2.687894506000000128e+00	5.563836614999999597e+00	5.173812308999999665e+00
1.521508026000000013e+00	1.398905991999999987e+00	7.836942774999999806e+00	1.521508026000000013e+00	7.545192219999999894e-01	6.133759489000000009e+00	5.150773208999999575e+00
1.575159057000000029e+00	1.462830829999999915e+00	8.076912810999999692e+00	1.575159057000000029e+00	7.860584299999999469e-02	7.809012715999999799e+00	5.127680772999999803e+00
1.630701917999999973e+00	1.528877985999999911e+00	8.324048764000000489e+00	1.630701917999999973e+00	1.838358882999999944e+00	8.739126642000000444e+00	5.104580226000000387e+00
1.688203316999999926e+00	1.597130726999999917e+00	8.578631280999999831e+00	1.688203316999999926e+00	2.009311134999999915e+00	7.227659487000000382e+00	5.081515475999999865e+00
1.747732314999999925e+00	1.667685206000000031e+00	8.840953915000000052e+00	1.747732314999999925e+00	7.195370089999999497e-01	7.527275512000000113e+00	5.058528607000000399e+00
1.809360410999999891e+00	1.740651842999999976e+00	9.111322764000000518e+00	1.809360410999999891e+00	5.798358380000000478e-01	9.104304355000000015e+00	5.035659402000000284e+00
1.873161620000000083e+00	1.816156684000000077e+00	9.390055989000000380e+00	1.873161620000000083e+00	1.630378182999999925e+00	9.369836698000000297e+00	5.012944898999999843e+00
1.939212571999999968e+00	1.894342744000000023e+00	9.677483232000000157e+00	1.939212571999999968e+00	1.156086028999999904e+00	9.539113807999999750e+00	4.990418982999999642e+00
2.007592595999999840e+00	1.975371320999999902e+00	9.973944933000000290e+00	2.007592595999999840e+00	1.659063944999999984e+00	1.111222363000000080e+01	4.968112032999999705e+00
2.078383818999999910e+00	2.059423278000000135e+00	1.027979155100000064e+01	2.078383818999999910e+00	3.908706709000000057e+00	1.104423831100000086e+01	4.946050609000000264e+00
2.151671263999999972e+00	2.146700290000000066e+00	1.059538270500000046e+01	2.151671263999999972e+00	3.587576192999999858e+00	9.276755524000000364e+00	4.924257197000000197e+00
2.227542951999999854e+00	2.237426049000000194e+00	1.092108623600000072e+01	2.227542951999999854e+00	2.892758420999999913e+00	9.073844228000000456e+00	4.902750013000000351e+00
2.306090009000000052e+00	2.331847440999999854e+00	1.125727719600000043e+01	2.306090009000000052e+00	2.690560312000000120e+00	8.996358574000000274e+00	4.881542850999999850e+00
2.387406771999999844e+00	2.430235687000000144e+00	1.160433677299999999e+01	2.387406771999999844e+00	1.559703572000000094e+00	8.965520347000000001e+00	4.860644993000000191e+00
2.471590905999999865e+00	2.532887451000000123e+00	1.196265115299999948e+01	2.471590905999999865e+00	6.843970609999999732e-01	9.359175142999999863e+00	4.840061161999999584e+00
2.558743520000000160e+00	2.640125929999999954e+00	1.233261032000000057e+01	2.558743520000000160e+00	-5.628800189999999537e-01	9.998094699999999335e+00	4.819791519999999885e+00
2.648969287999999978e+00	2.752301929000000147e+00	1.271460679399999982e+01	2.648969287999999978e+00	-2.051688495000000056e+00	1.206533278699999912e+01	4.799831712999999667e+00
2.742376573000000040e+00	2.869794912000000142e+00	1.310903430800000002e+01	2.742376573000000040e+00	-1.915279973000000080e+00	1.574729073199999974e+01	4.780172947999999700e+00
2.839077563000000026e+00	2.993014065000000112e+00	1.351628640899999922e+01	2.839077563000000026e+00	1.744386033999999919e+00	1.881765368900000013e+01	4.760802094999999845e+00
2.939188398999999841e+00	3.122399340999999939e+00	1.393675498700000048e+01	2.939188398999999841e+00	5.544584989999999713e+00	1.569885915000000054e+01	4.741701822999999649e+00
3.042829316999999811e+00	3.258422524999999847e+00	1.437082871800000028e+01	3.042829316999999811e+00	4.711016836999999846e+00	1.393487892199999933e+01	4.722850747999999932e+00
3.150124796000000060e+00	3.401588288000000126e+00	1.481889140300000030e+01	3.150124796000000060e+00	3.183712365999999960e+00	1.364659579699999981e+01	4.704223598999999645e+00
3.261203699999999817e+00	3.552435264000000092e+00	1.528132020299999994e+01	3.261203699999999817e+00	2.528315496999999912e+00	1.376391667400000074e+01	4.685791384999999920e+00
3.376199440999999801e+00	3.711537123999999910e+00	1.575848373800000068e+01	3.376199440999999801e+00	1.626874727999999992e+00	1.419509668100000077e+01	4.667521576999999589e+00
3.495250132999999870e+00	3.879503649000000109e+00	1.625074005500000141e+01	3.495250132999999870e+00	2.618913800000000069e-02	1.572744985699999987e+01	4.649378281999999807e+00
3.618498760000000036e+00	4.056981807999999745e+00	1.675843442200000055e+01	3.618498760000000036e+00	-1.026930066000000030e+00	1.911735209800000135e+01	4.631322416999999803e+00
3.746093349000000128e+00	4.244656810999999585e+00	1.728189694900000006e+01	3.746093349000000128e+00	1.854891234000000111e+00	2.287061638699999833e+01	4.613311880000000365e+00
3.878187146000000141e+00	4.443253141999999656e+00	1.782144001200000005e+01	3.878187146000000141e+00	5.355983041000000000e+00	2.201340909600000018e+01	4.595301706999999958e+00
4.014938800999999557e+00	4.653535543000000274e+00	1.837735545199999976e+01	4.014938800999999557e+00	5.289088940000000072e+00	2.146305141399999883e+01	4.577244227999999637e+00
4.156512558000000190e+00	4.876309937000000261e+00	1.894991154899999941e+01	4.156512558000000190e+00	5.025379230999999614e+00	2.167953320599999856e+01	4.559089207999999616e+00
4.303078454000000441e+00	5.112424260000000054e+00	1.953934972300000084e+01	4.303078454000000441e+00	6.908928126000000169e+00	2.434237086899999980e+01	4.540783983999999940e+00
4.454812518999999860e+00	5.362769183000000162e+00	2.014588098500000157e+01	4.454812518999999860e+00	9.994062567000000286e+00	2.395567160399999906e+01	4.522273585999999845e+00
4.611896992000000139e+00	5.628278673999999704e+00	2.076968207499999863e+01	4.611896992000000139e+00	1.096243800699999937e+01	2.016938088999999934e+01	4.503500861000000022e+00
4.774520539000000063e+00	5.909930387000000174e+00	2.141089132100000114e+01	4.774520539000000063e+00	8.774954014000000413e+00	1.770979421799999898e+01	4.484406579999999920e+00
4.942878474999999661e+00	6.208745816000000417e+00	2.206960417000000163e+01	4.942878474999999661e+00	6.228574885999999644e+00	1.845693702000000158e+01	4.464929550999999996e+00
5.117173006999999885e+00	6.525790177000000192e+00	2.274586840199999926e+01	5.117173006999999885e+00	4.111884200000000433e+00	2.152585492000000045e+01	4.445006720000000300e+00
5.297613468999999853e+00	6.862171968000000177e+00	2.343967902600000031e+01	5.297613468999999853e+00	4.151592524999999867e+00	2.427816087500000108e+01	4.424573285000000133e+00
5.484416576000000099e+00	7.219042147999999770e+00	2.415097285099999880e+01	5.484416576000000099e+00	5.703552731000000264e+00	2.647182780300000005e+01	4.403562807000000134e+00
5.677806688000000435e+00	7.597592876000000217e+00	2.487962273799999835e+01	5.677806688000000435e+00	7.118262889999999565e+00	2.736232309400000062e+01	4.381907328999999685e+00
5.878016072000000314e+00	7.999055747999999966e+00	2.562543156599999961e+01	5.878016072000000314e+00	8.613088722000000530e+00	2.818506090500000028e+01	4.359537513000000253e+00
6.085285189999999567e+00	8.424699460999999445e+00	2.638812591199999957e+01	6.085285189999999567e+00	9.921920026000000448e+00	2.800737402800000098e+01	4.336382781000000186e+00
6.299862978000000169e+00	8.875826832999999638e+00	2.716734949399999977e+01	6.299862978000000169e+00	1.017330944000000059e+01	2.818465396999999939e+01	4.312371489000000224e+00
6.522007154999999834e+00	9.353771111000000360e+00	2.796265641400000135e+01	6.522007154999999834e+00	9.925861474999999601e+00	2.838810917400000022e+01	4.287431115999999598e+00
6.751984522999999960e+00	9.859891482000000096e+00	2.877350425999999928e+01	6.751984522999999960e+00	1.097443306699999965e+01	3.093899749999999926e+01	4.261488479999999690e+00
6.990071294999999907e+00	1.039556772000000073e+01	2.959924712799999824e+01	6.990071294999999907e+00	1.218347648800000016e+01	3.122350757399999921e+01	4.234469990000000017e+00
7.236553423000000151e+00	1.096219390199999921e+01	3.043912866000000150e+01	7.236553423000000151e+00	1.242010340899999932e+01	3.091197952499999957e+01	4.206301933999999854e+00
7.491726940999999584e+00	1.156117110099999934e+01	3.129227518200000091e+01	7.491726940999999584e+00	1.360433785600000078e+01	3.253555434700000148e+01	4.176910802000000089e+00
7.755898323000000261e+00	1.219389902600000042e+01	3.215768906899999990e+01	7.755898323000000261e+00	1.548943817299999992e+01	3.107362259499999979e+01	4.146223651999999760e+00
8.029384849999999574e+00	1.286176652500000017e+01	3.303424246000000153e+01	8.029384849999999574e+00	1.289437682700000032e+01	2.990834275599999970e+01	4.114168528999999630e+00
8.312514990000000381e+00	1.356614093499999996e+01	3.392067148200000304e+01	8.312514990000000381e+00	1.135863241100000032e+01	3.439868018199999966e+01	4.080674925000000286e+00
8.605628792999999277e+00	1.430835623399999967e+01	3.481557113299999884e+01	8.605628792999999277e+00	1.402491756999999950e+01	3.681515251999999805e+01	4.045674286999999758e+00
8.909078300999999200e+00	1.508970000200000072e+01	3.571739103000000171e+01	8.909078300999999200e+00	1.734808225900000167e+01	3.835496007999999790e+01	4.009100584999999661e+00
9.223227968999999860e+00	1.591139921000000079e+01	3.662443219099999681e+01	9.223227968999999860e+00	2.082861648200000104e+01	3.666437109600000355e+01	3.970890919999999991e+00
9.548455103000000221e+00	1.677460486800000083e+01	3.753484508300000044e+01	9.548455103000000221e+00	1.993440306200000123e+01	3.372251304000000260e+01	3.930986183999999994e+00
9.885150314000000549e+00	1.768037563900000109e+01	3.844662914199999904e+01	9.885150314000000549e+00	1.813943112500000154e+01	3.613215891299999782e+01	3.889331766999999829e+00
1.023371798600000027e+01	1.862966049999999996e+01	3.935763398600000329e+01	1.023371798600000027e+01	1.918885439099999957e+01	3.695849630699999722e+01	3.845878304999999830e+00
1.059457676399999926e+01	1.962328063300000025e+01	4.026556254799999834e+01	1.059457676399999926e+01	2.044395142300000145e+01	3.737418241900000027e+01	3.800582453000000083e+00
1.096816005300000008e+01	2.066191073099999898e+01	4.116797634099999925e+01	1.096816005300000008e+01	1.944058187599999954e+01	3.725510144599999762e+01	3.753407694999999933e+00
1.135491654099999970e+01	2.174605995399999969e+01	4.206230304399999653e+01	1.135491654099999970e+01	1.735877486500000089e+01	3.950215368899999646e+01	3.704325160999999866e+00
1.175531073900000045e+01	2.287605283899999975e+01	4.294584659499999901e+01	1.175531073900000045e+01	1.685239675900000123e+01	4.497061894200000154e+01	3.653314450999999963e+00
1.216982353600000089e+01	2.405201047199999920e+01	4.381579992799999701e+01	1.216982353600000089e+01	2.257335306499999916e+01	4.865831653499999732e+01	3.600364442000000054e+00
1.259895277799999924e+01	2.527383231499999994e+01	4.466926044600000267e+01	1.259895277799999924e+01	2.677215352900000056e+01	4.846763831199999828e+01	3.545474075000000003e+00
1.304321386700000041e+01	2.654117907799999898e+01	4.550324828400000143e+01	1.304321386700000041e+01	2.778528596399999984e+01	4.843089320899999706e+01	3.488653084000000071e+00
1.350314037899999953e+01	2.785345707999999831e+01	4.631472733700000077e+01	1.350314037899999953e+01	2.981682876800000059e+01	4.986586593399999856e+01	3.429922673000000088e+00
1.397928470299999937e+01	2.920980455500000161e+01	4.710062897499999934e+01	1.397928470299999937e+01	3.454142406900000140e+01	4.876461510000000033e+01	3.369316097000000010e+00
1.447221870699999968e+01	3.060908035299999952e+01	4.785787826300000347e+01	1.447221870699999968e+01	3.380757246900000013e+01	4.747356606799999668e+01	3.306879148000000157e+00
1.498253442699999916e+01	3.204985550600000010e+01	4.858342245099999701e+01	1.498253442699999916e+01	3.424626388899999796e+01	4.987008485199999797e+01	3.242670502999999815e+00
1.551084477000000028e+01	3.353040807699999704e+01	4.927426138999999949e+01	1.551084477000000028e+01	3.700654839999999979e+01	4.864605964700000129e+01	3.176761943999999893e+00
1.605778425800000164e+01	3.504872169400000104e+01	4.992747945299999657e+01	1.605778425800000164e+01	3.910467235200000147e+01	4.823510581400000063e+01	3.109238400999999818e+00
1.662400978899999870e+01	3.660248807899999690e+01	5.054027846599999663e+01	1.662400978899999870e+01	4.028369750800000304e+01	4.873064980899999910e+01	3.040197828999999796e+00
1.721020142200000080e+01	3.818911386300000288e+01	5.111001106300000174e+01	1.721020142200000080e+01	4.043058532399999905e+01	4.624366379700000351e+01	2.969750894000000141e+00
1.781706319499999935e+01	3.980573181399999783e+01	5.163421385000000186e+01	1.781706319499999935e+01	3.999182046800000023e+01	4.605428206799999913e+01	2.898020470000000071e+00
1.844532397600000095e+01	4.144921656700000057e+01	5.211063967999999846e+01	1.844532397600000095e+01	3.894063305499999927e+01	4.828450262399999815e+01	2.825140927000000080e+00
1.909573832899999957e+01	4.311620477099999960e+01	5.253728835799999786e+01	1.909573832899999957e+01	3.842054268599999745e+01	5.112677931199999648e+01	2.751257240999999798e+00
1.976908742799999885e+01	4.480311949299999696e+01	5.291243506400000030e+01	1.976908742799999885e+01	4.177237705999999662e+01	5.520826293999999734e+01	2.676523904000000176e+00
2.046617999400000087e+01	4.650619855899999777e+01	5.323465582400000073e+01	2.046617999400000087e+01	4.599224407199999831e+01	5.558527002999999667e+01	2.601103666999999842e+00
2.118785326100000077e+01	4.822152640000000190e+01	5.350284939800000217e+01	2.118785326100000077e+01	4.852342249099999805e+01	5.642390732199999803e+01	2.525166129000000037e+00
2.193497398899999951e+01	4.994506887499999692e+01	5.371625502300000221e+01	2.193497398899999951e+01	5.047918089200000225e+01	5.562512526399999757e+01	2.448886197000000209e+00
2.270843949900000069e+01	5.167271041600000103e+01	5.387446557500000210e+01	2.270843949900000069e+01	5.391872980699999829e+01	5.585047107700000169e+01	2.372442438000000209e+00
2.350917875500000065e+01	5.340029278499999776e+01	5.397743577199999976e+01	2.350917875500000065e+01	5.568117237500000272e+01	5.585016319900000070e+01	2.296015371000000194e+00
2.433815347499999859e+01	5.512365466499999656e+01	5.402548522699999722e+01	2.433815347499999859e+01	5.866869892799999775e+01	5.454194841200000354e+01	2.219785707000000219e+00
2.519635929300000043e+01	5.683867128699999682e+01	5.401929627300000192e+01	2.519635929300000043e+01	5.872642435499999891e+01	5.324826267699999960e+01	2.143932606999999990e+00
2.608482694799999990e+01	5.854129327999999788e+01	5.395990660199999667e+01	2.608482694799999990e+01	6.002782293700000338e+01	5.374494631200000327e+01	2.068631955999999938e+00
2.700462352399999943e+01	6.022758396999999775e+01	5.384869695199999740e+01	2.700462352399999943e+01	6.205288799400000244e+01	5.308093861799999758e+01	1.994054717999999893e+00
2.795685373499999926e+01	6.189375441199999983e+01	5.368737415300000038e+01	2.795685373499999926e+01	6.438799878300000046e+01	5.287202847300000030e+01	1.920365383999999898e+00
2.894266124700000020e+01	6.353619548700000053e+01	5.347794999500000301e+01	2.894266124700000020e+01	6.706498985199999652e+01	5.077049727200000007e+01	1.847720551000000100e+00
2.996323005500000036e+01	6.515150652799999875e+01	5.322271645299999676e+01	2.996323005500000036e+01	6.706883691100000533e+01	5.075671036100000322e+01	1.776267657000000000e+00
3.101978590099999877e+01	6.673652003300000501e+01	5.292421791099999950e+01	3.101978590099999877e+01	6.977823358700000256e+01	4.971520845900000296e+01	1.706143881000000029e+00
3.211359775300000052e+01	6.828832213299999410e+01	5.258522103699999661e+01	3.211359775300000052e+01	7.129736529599999528e+01	4.837695794500000090e+01	1.637475234999999918e+00
3.324597932300000025e+01	6.980426863799999637e+01	5.220868302000000227e+01	3.324597932300000025e+01	7.093545368200000212e+01	4.681080418799999876e+01	1.570375848999999935e+00
3.441829064499999902e+01	7.128199657400000433e+01	5.179771887700000121e+01	3.441829064499999902e+01	7.017534342499999411e+01	4.545260262800000106e+01	1.504947454000000073e+00
3.563193971199999766e+01	7.271943127299999787e+01	5.135556849599999651e+01	3.563193971199999766e+01	7.004488404699999649e+01	4.592075099699999896e+01	1.441279057999999891e+00
3.688838416699999811e+01	7.411478915700000414e+01	5.088556405799999993e+01	3.688838416699999811e+01	6.987654988699999592e+01	4.683559525999999806e+01	1.379446815000000104e+00
3.818913304800000219e+01	7.546657647399999291e+01	5.039109842599999922e+01	3.818913304800000219e+01	7.077693444700000214e+01	4.817751115400000117e+01	1.319514070999999955e+00
3.953574860700000215e+01	7.677358429999999601e+01	4.987559500399999735e+01	3.953574860700000215e+01	7.366667887299999506e+01	4.965850774999999828e+01	1.261531570000000047e+00
4.092984818499999733e+01	7.803488020800000413e+01	4.934247949200000249e+01	4.092984818499999733e+01	7.586282846299999960e+01	4.851780182000000252e+01	1.205537808999999960e+00
4.237310614900000161e+01	7.924979700800000160e+01	4.879515389499999856e+01	4.237310614900000161e+01	7.711814911499999425e+01	4.777013097500000072e+01	1.151559522999999974e+00
4.386725590999999724e+01	8.041791903799999375e+01	4.823697302000000064e+01	4.386725590999999724e+01	7.730033864899999685e+01	4.827334913499999658e+01	1.099612274000000056e+00
4.541409200399999690e+01	8.153906643800000609e+01	4.767122367399999661e+01	4.541409200399999690e+01	7.890557583599999703e+01	4.798441446500000040e+01	1.049701130000000093e+00
4.701547224000000114e+01	8.261327787899999464e+01	4.710110661699999923e+01	4.701547224000000114e+01	8.227230092000000639e+01	4.794676231799999755e+01	1.001821408000000080e+00
4.867331994199999912e+01	8.364079218700000240e+01	4.652972132400000049e+01	4.867331994199999912e+01	8.326203501099999471e+01	4.467256724500000331e+01	9.559594740000000312e-01
5.038962625100000281e+01	8.462202925100000073e+01	4.596005350699999781e+01	5.038962625100000281e+01	8.208763404100000116e+01	4.386211407399999729e+01	9.120935580000000265e-01
5.216645251900000346e+01	8.555757060899999544e+01	4.539496530400000296e+01	5.216645251900000346e+01	8.218432129999999347e+01	4.471272711099999952e+01	8.701946000000000403e-01
5.400593278499999883e+01	8.644814003700000171e+01	4.483718799999999760e+01	5.400593278499999883e+01	8.349168555800000036e+01	4.508183718400000117e+01	8.302270819999999496e-01
5.591027634099999943e+01	8.729458442199999979e+01	4.428931710599999860e+01	5.591027634099999943e+01	8.471860238200000026e+01	4.490124114099999986e+01	7.921498519999999877e-01
5.788177037700000227e+01	8.809785518099999990e+01	4.375380960900000105e+01	5.788177037700000227e+01	8.625021545699999592e+01	4.476190960999999646e+01	7.559169199999999922e-01
5.992278273800000221e+01	8.885899040500000012e+01	4.323298317500000110e+01	5.992278273800000221e+01	8.702714029000000551e+01	4.358849177700000155e+01	7.214782290000000264e-01
6.203576476100000292e+01	8.957909790499999758e+01	4.272901708199999860e+01	6.203576476100000292e+01	8.864151315899999872e+01	4.268302602800000045e+01	6.887803710000000024e-01
6.422325422199999423e+01	9.025933925799999713e+01	4.224395467800000148e+01	6.422325422199999423e+01	8.885092065899999625e+01	4.261783085700000129e+01	6.577672709999999867e-01
6.648787838399999828e+01	9.090091494600000033e+01	4.177970712799999831e+01	6.648787838399999828e+01	8.853545140200000674e+01	4.185291351499999735e+01	6.283808140000000098e-01
6.883235715099999652e+01	9.150505063200000677e+01	4.133805825200000328e+01	6.883235715099999652e+01	8.877837461900000449e+01	4.138385080900000190e+01	6.005614209999999842e-01
7.125950633600000117e+01	9.207298458600000401e+01	4.092067025400000091e+01	7.125950633600000117e+01	8.885798081100000445e+01	4.257432203799999826e+01	5.742485790000000367e-01
7.377224104200000454e+01	9.260595626299999594e+01	4.052909016000000264e+01	7.377224104200000454e+01	8.956587568999999860e+01	4.303557846500000039e+01	5.493813060000000137e-01
7.637357916400000590e+01	9.310519600799999296e+01	4.016475680300000306e+01	7.637357916400000590e+01	9.130662312900000188e+01	4.266966748000000109e+01	5.258985800000000044e-01
7.906664501299999870e+01	9.357191583399999502e+01	3.982900818800000309e+01	7.906664501299999870e+01	9.282719623900000272e+01	4.298711002799999648e+01	5.037397019999999559e-01
8.185467307099999346e+01	9.400730122900000651e+01	3.952308913400000279e+01	8.185467307099999346e+01	9.341800524500000336e+01	4.155139339800000187e+01	4.828446279999999979e-01
8.474101186900000471e+01	9.441250392700000305e+01	3.924815904300000113e+01	8.474101186900000471e+01	9.471046176299999786e+01	4.093261686000000310e+01	4.631542410000000221e-01
8.772912801600000421e+01	9.478863556400000334e+01	3.900529972599999695e+01	8.772912801600000421e+01	9.521177847699999575e+01	4.009083407399999999e+01	4.446105940000000256e-01
9.082261035999999876e+01	9.513676214599999525e+01	3.879552318399999677e+01	9.082261035999999876e+01	9.488000554500000305e+01	3.874710243399999854e+01	4.271571040000000097e-01
9.402517429700000662e+01	9.545789924999999698e+01	3.861977928000000304e+01	9.402517429700000662e+01	9.425733578099999477e+01	3.921162861599999871e+01	4.107387149999999765e-01
9.734066623399999685e+01	9.575300788699999543e+01	3.847896324900000309e+01	9.734066623399999685e+01	9.407141830099999424e+01	4.022088580100000144e+01	3.953020329999999971e-01
1.007730682090000016e+02	9.602299093199999902e+01	3.837392299700000109e+01	1.007730682090000016e+02	9.504528884500000174e+01	4.003423599500000307e+01	3.807954219999999945e-01
1.043265026760000040e+02	9.626869005700000059e+01	3.830546615699999791e+01	1.043265026760000040e+02	9.647586496499999953e+01	3.974371217600000250e+01	3.671690810000000083e-01
1.080052374520000029e+02	9.649088308999999697e+01	3.827436687499999834e+01	1.080052374520000029e+02	9.487443380000000559e+01	3.890833987399999927e+01	3.543750999999999984e-01
1.118136908430000034e+02	9.669028172599999493e+01	3.828137231800000251e+01	1.118136908430000034e+02	9.496019882800000289e+01	3.894969691000000012e+01	3.423674870000000259e-01
1.157564369549999981e+02	9.686752952199999811e+01	3.832720888499999745e+01	1.157564369549999981e+02	9.499379020499999626e+01	4.057423562999999689e+01	3.311021820000000226e-01
1.198382111850000058e+02	9.702320011899999486e+01	3.841258811899999870e+01	1.198382111850000058e+02	9.534321009600000707e+01	4.094872462299999683e+01	3.205370619999999837e-01
1.240639159060000054e+02	9.715779561499999772e+01	3.853821233400000068e+01	1.240639159060000054e+02	9.579651894100000220e+01	4.116960129600000329e+01	3.106319189999999786e-01
1.284386263590000112e+02	9.727174505700000395e+01	3.870477993800000149e+01	1.284386263590000112e+02	9.648743603900000210e+01	4.204618519400000309e+01	3.013484419999999941e-01
1.329675967469999875e+02	9.736540296399999761e+01	3.891299049100000218e+01	1.329675967469999875e+02	9.688719735099999752e+01	4.215349272000000269e+01	2.926501750000000124e-01
1.376562665440000046e+02	9.743904786699999931e+01	3.916354948400000069e+01	1.376562665440000046e+02	9.646963820599999906e+01	4.245420700300000050e+01	2.845024820000000010e-01
1.425102670299999943e+02	9.749288078600000063e+01	3.945717286600000051e+01	1.425102670299999943e+02	9.746538957500000322e+01	4.344525975399999851e+01	2.768724929999999973e-01
1.475354280560000007e+02	9.752702362499999822e+01	3.979459132899999929e+01	1.475354280560000007e+02	9.754705429800000616e+01	4.354308231400000295e+01	2.697290529999999964e-01
1.527377850389999878e+02	9.754151741799999797e+01	4.017655437300000187e+01	1.527377850389999878e+02	9.795120475000000226e+01	4.422192406300000300e+01	2.630426670000000078e-01
1.581235862199999929e+02	9.753632040700000516e+01	4.060383415799999796e+01	1.581235862199999929e+02	9.879512465499999507e+01	4.483809922300000039e+01	2.567854370000000053e-01
