1.000000000000000021e-02	3.856917000000000071e-03	6.046046199999999954e-02	1.000000000000000021e-02	-8.375972600000000656e-02	1.663804210000000006e-01	6.046046220000000027e+00
1.035261699999999972e-02	4.117835000000000245e-03	6.255956799999999596e-02	1.035261699999999972e-02	-8.029330099999999748e-02	1.713201809999999881e-01	6.042874484999999574e+00
1.071766900000000085e-02	4.396902000000000275e-03	6.472915999999999392e-02	1.071766900000000085e-02	-7.660065600000000308e-02	1.763333320000000093e-01	6.039481240999999834e+00
1.109559300000000082e-02	4.695338999999999763e-03	6.697134899999999946e-02	1.109559300000000082e-02	-7.266909000000000562e-02	1.814116359999999872e-01	6.035851487000000404e+00
1.148684300000000005e-02	5.014437000000000061e-03	6.928828099999999324e-02	1.148684300000000005e-02	-6.848555300000000456e-02	1.865454420000000058e-01	6.031969278000000045e+00
1.189188899999999924e-02	5.355570999999999943e-03	7.168213700000000688e-02	1.189188899999999924e-02	-6.403671599999999353e-02	1.917235230000000068e-01	6.027817672000000293e+00
1.231121699999999930e-02	5.720194999999999967e-03	7.415512500000000229e-02	1.231121699999999930e-02	-5.930905000000000205e-02	1.969329149999999862e-01	6.023378681999999706e+00
1.274533299999999932e-02	6.109853000000000159e-03	7.670948199999999551e-02	1.274533299999999932e-02	-5.428893700000000239e-02	2.021587250000000113e-01	6.018633226999999586e+00
1.319475500000000072e-02	6.526175000000000379e-03	7.934746600000000538e-02	1.319475500000000072e-02	-4.896280799999999656e-02	2.073839449999999862e-01	6.013561077000000310e+00
1.366002499999999925e-02	6.970887000000000264e-03	8.207135599999999809e-02	1.366002499999999925e-02	-4.331730799999999881e-02	2.125892400000000126e-01	6.008140803999999946e+00
1.414170200000000079e-02	7.445812999999999911e-03	8.488343900000000497e-02	1.414170200000000079e-02	-3.733950300000000305e-02	2.177527340000000033e-01	6.002349736000000213e+00
1.464036299999999999e-02	7.952874999999999875e-03	8.778601499999999502e-02	1.464036299999999999e-02	-3.101712900000000092e-02	2.228497829999999957e-01	5.996163902000000157e+00
1.515660800000000023e-02	8.494099999999999220e-03	9.078137999999999486e-02	1.515660800000000023e-02	-2.433889499999999928e-02	2.278527499999999928e-01	5.989557988999999694e+00
1.569105599999999837e-02	9.071620000000000725e-03	9.387182600000000543e-02	1.569105599999999837e-02	-1.729484400000000019e-02	2.327307690000000040e-01	5.982505297000000333e+00
1.624435000000000115e-02	9.687677000000000441e-03	9.705962999999999397e-02	1.624435000000000115e-02	-9.876779000000000461e-03	2.374495269999999936e-01	5.974977701000000252e+00
1.681715400000000082e-02	1.034462100000000002e-02	1.003470449999999958e-01	1.681715400000000082e-02	-2.078772999999999906e-03	2.419710509999999926e-01	5.966945615000000203e+00
1.741015699999999902e-02	1.104491399999999943e-02	1.037362929999999933e-01	1.741015699999999902e-02	6.102243000000000250e-03	2.462535289999999988e-01	5.958377963000000221e+00
1.802406900000000020e-02	1.179113099999999983e-02	1.072295520000000058e-01	1.802406900000000020e-02	1.466578500000000063e-02	2.502511649999999976e-01	5.949242159999999835e+00
1.865962900000000049e-02	1.258595399999999989e-02	1.108289439999999987e-01	1.865962900000000049e-02	2.360701700000000097e-02	2.539140979999999770e-01	5.939504100999999814e+00
1.931760000000000074e-02	1.343217799999999948e-02	1.145365279999999986e-01	1.931760000000000074e-02	3.291584499999999913e-02	2.571884010000000109e-01	5.929128161000000397e+00
1.999877300000000094e-02	1.433270300000000046e-02	1.183542810000000056e-01	1.999877300000000094e-02	4.257587100000000124e-02	2.600161899999999804e-01	5.918077210999999949e+00
2.070396399999999831e-02	1.529053099999999957e-02	1.222840869999999996e-01	2.070396399999999831e-02	5.256324099999999666e-02	2.623358820000000202e-01	5.906312644999999861e+00
2.143402200000000049e-02	1.630875999999999854e-02	1.263277220000000034e-01	2.143402200000000049e-02	6.284534999999999427e-02	2.640826330000000111e-01	5.893794435000000220e+00
2.218982300000000088e-02	1.739057499999999840e-02	1.304868389999999934e-01	2.218982300000000088e-02	7.337944600000000095e-02	2.651890190000000258e-01	5.880481199000000103e+00
2.297227500000000033e-02	1.853924100000000144e-02	1.347629549999999898e-01	2.297227500000000033e-02	8.411113200000000512e-02	2.655860050000000139e-01	5.866330297000000193e+00
2.378231800000000021e-02	1.975808800000000004e-02	1.391574279999999997e-01	2.378231800000000021e-02	9.497280399999999401e-02	2.652042600000000250e-01	5.851297957999999966e+00
2.462092399999999889e-02	2.105049599999999840e-02	1.436714490000000066e-01	2.462092399999999889e-02	1.058820869999999997e-01	2.639759050000000107e-01	5.835339434999999852e+00
2.548910100000000012e-02	2.241987900000000020e-02	1.483060190000000111e-01	2.548910100000000012e-02	1.167403209999999941e-01	2.618367289999999903e-01	5.818409200999999698e+00
2.638789100000000012e-02	2.386966299999999930e-02	1.530619380000000085e-01	2.638789100000000012e-02	1.274312270000000080e-01	2.587289680000000036e-01	5.800461180000000105e+00
2.731837399999999944e-02	2.540325900000000095e-02	1.579397879999999976e-01	2.731837399999999944e-02	1.378198529999999922e-01	2.546046730000000036e-01	5.781449027999999934e+00
2.828166799999999939e-02	2.702404099999999865e-02	1.629399209999999876e-01	2.828166799999999939e-02	1.477519939999999976e-01	2.494297159999999958e-01	5.761326457000000012e+00
2.927892899999999868e-02	2.873530900000000055e-02	1.680624460000000042e-01	2.927892899999999868e-02	1.570542699999999958e-01	2.431884109999999932e-01	5.740047612999999771e+00
3.031135500000000163e-02	3.054025399999999932e-02	1.733072190000000123e-01	3.031135500000000163e-02	1.655350929999999943e-01	2.358887129999999999e-01	5.717567514999999823e+00
3.138018599999999741e-02	3.244192199999999804e-02	1.786738400000000004e-01	3.138018599999999741e-02	1.729867840000000045e-01	2.275678550000000133e-01	5.693842543999999783e+00
3.248670699999999661e-02	3.444316800000000317e-02	1.841616490000000106e-01	3.248670699999999661e-02	1.791890859999999974e-01	2.182982209999999867e-01	5.668831002000000119e+00
3.363224499999999811e-02	3.654660600000000231e-02	1.897697289999999981e-01	3.363224499999999811e-02	1.839143020000000017e-01	2.081931509999999930e-01	5.642493725999999654e+00
3.481817599999999929e-02	3.875456800000000313e-02	1.954969139999999939e-01	3.481817599999999929e-02	1.869342449999999989e-01	1.974122600000000061e-01	5.614794765000000076e+00
3.604592599999999897e-02	4.106903900000000163e-02	2.013418060000000120e-01	3.604592599999999897e-02	1.880290629999999963e-01	1.861657630000000119e-01	5.585702119999999660e+00
3.731696799999999897e-02	4.349161199999999894e-02	2.073027950000000119e-01	3.731696799999999897e-02	1.869978670000000120e-01	1.747172080000000127e-01	5.555188532999999929e+00
3.863282999999999995e-02	4.602342799999999817e-02	2.133780949999999899e-01	3.863282999999999995e-02	1.836709079999999938e-01	1.633840119999999951e-01	5.523232323000000221e+00
3.999509100000000344e-02	4.866511999999999921e-02	2.195657799999999882e-01	3.999509100000000344e-02	1.779228170000000109e-01	1.525351909999999866e-01	5.489818253000000148e+00
4.140538800000000130e-02	5.141675999999999885e-02	2.258638410000000096e-01	4.140538800000000130e-02	1.696862120000000029e-01	1.425858289999999973e-01	5.454938421999999676e+00
4.286541399999999752e-02	5.427781100000000220e-02	2.322702389999999895e-01	4.286541399999999752e-02	1.589647869999999963e-01	1.339880220000000122e-01	5.418593142999999834e+00
4.437692299999999868e-02	5.724708199999999775e-02	2.387829860000000026e-01	4.437692299999999868e-02	1.458448940000000027e-01	1.272183040000000043e-01	5.380791803000000151e+00
4.594173099999999954e-02	6.032269299999999668e-02	2.454002230000000007e-01	4.594173099999999954e-02	1.305045999999999984e-01	1.227619409999999994e-01	5.341553656000000316e+00
4.756171700000000335e-02	6.350205000000000433e-02	2.521203120000000131e-01	4.756171700000000335e-02	1.132193900000000031e-01	1.210947799999999991e-01	5.300908525999999732e+00
4.923882599999999943e-02	6.678183599999999720e-02	2.589419339999999847e-01	4.923882599999999943e-02	9.436393299999999706e-02	1.226636380000000054e-01	5.258897366000000240e+00
5.097507300000000269e-02	7.015801600000000360e-02	2.658641979999999960e-01	5.097507300000000269e-02	7.440971500000000127e-02	1.278663329999999987e-01	5.215572640999999621e+00
5.277254399999999762e-02	7.362586100000000078e-02	2.728867429999999872e-01	5.277254399999999762e-02	5.391883900000000313e-02	1.370324669999999911e-01	5.170998484000000062e+00
5.463339600000000074e-02	7.717999300000000229e-02	2.800098420000000088e-01	5.463339600000000074e-02	3.353464400000000234e-02	1.504057789999999895e-01	5.125250573999999837e+00
5.655986500000000083e-02	8.081444499999999864e-02	2.872345040000000016e-01	5.655986500000000083e-02	1.397012899999999953e-02	1.681284779999999979e-01	5.078415697999999701e+00
5.855426400000000170e-02	8.452274699999999530e-02	2.945625530000000047e-01	5.855426400000000170e-02	-4.004729000000000275e-03	1.902273939999999941e-01	5.030590962999999860e+00
6.061898999999999760e-02	8.829802800000000063e-02	3.019966929999999827e-01	6.061898999999999760e-02	-1.957590000000000025e-02	2.166010820000000003e-01	4.981882631000000394e+00
6.275652099999999567e-02	9.213312699999999522e-02	3.095405540000000233e-01	6.275652099999999567e-02	-3.189803000000000083e-02	2.470064160000000064e-01	4.932404586999999729e+00
6.496942599999999679e-02	9.602071099999999471e-02	3.171986989999999729e-01	6.496942599999999679e-02	-4.010743299999999789e-02	2.810426039999999737e-01	4.882276448999999907e+00
6.726036200000000409e-02	9.995339300000000149e-02	3.249766009999999761e-01	6.726036200000000409e-02	-4.333706200000000258e-02	3.181302480000000044e-01	4.831621379999999633e+00
6.963207899999999950e-02	1.039238319999999938e-01	3.328805910000000035e-01	6.963207899999999950e-02	-4.073689500000000213e-02	3.574831219999999865e-01	4.780563697999999917e+00
7.208742799999999507e-02	1.079248079999999971e-01	3.409177689999999816e-01	7.208742799999999507e-02	-3.150556999999999663e-02	3.980710599999999766e-01	4.729226409999999881e+00
7.462935699999999339e-02	1.119492569999999965e-01	3.490958940000000177e-01	7.462935699999999339e-02	-1.494203600000000055e-02	4.385743979999999764e-01	4.677728830999999587e+00
7.726091799999999787e-02	1.159902569999999994e-01	3.574232629999999911e-01	7.726091799999999787e-02	9.470637000000000499e-03	4.773346210000000145e-01	4.626184502000000087e+00
7.998527299999999562e-02	1.200409469999999951e-01	3.659085999999999728e-01	7.998527299999999562e-02	4.193436100000000333e-02	5.123137530000000384e-01	4.574699619000000439e+00
8.280569399999999913e-02	1.240943979999999947e-01	3.745609719999999920e-01	8.280569399999999913e-02	8.214353800000000205e-02	5.410881749999999490e-01	4.523372181000000047e+00
8.572556700000000252e-02	1.281434150000000105e-01	3.833897740000000165e-01	8.572556700000000252e-02	1.290253670000000019e-01	5.609214750000000027e-01	4.472292064000000344e+00
8.874840100000000453e-02	1.321803179999999911e-01	3.924047920000000023e-01	8.874840100000000453e-02	1.804334300000000058e-01	5.689819019999999838e-01	4.421542125000000212e+00
9.187782399999999683e-02	1.361967060000000007e-01	4.016163790000000233e-01	9.187782399999999683e-02	2.328678050000000110e-01	5.627790719999999913e-01	4.371200360999999646e+00
9.511759699999999818e-02	1.401832789999999940e-01	4.110357590000000005e-01	9.511759699999999818e-02	2.813733820000000052e-01	5.408624349999999747e-01	4.321342972000000060e+00
9.847161000000000108e-02	1.441297460000000030e-01	4.206754449999999812e-01	9.847161000000000108e-02	3.198385409999999762e-01	5.037125230000000231e-01	4.272048022999999972e+00
1.019438909999999948e-01	1.480249050000000122e-01	4.305497449999999837e-01	1.019438909999999948e-01	3.418938240000000128e-01	4.545578869999999938e-01	4.223399191999999580e+00
1.055386100000000049e-01	1.518569300000000011e-01	4.406752959999999941e-01	1.055386100000000049e-01	3.423928110000000191e-01	3.996592959999999972e-01	4.175488900999999586e+00
1.092600860000000063e-01	1.556139119999999931e-01	4.510715299999999983e-01	1.092600860000000063e-01	3.190590589999999782e-01	3.476305880000000181e-01	4.128420045000000371e+00
1.131127880000000058e-01	1.592846360000000072e-01	4.617609560000000002e-01	1.131127880000000058e-01	2.735657000000000227e-01	3.077733069999999960e-01	4.082305507000000055e+00
1.171013419999999972e-01	1.628595459999999939e-01	4.727691319999999808e-01	1.171013419999999972e-01	2.114483910000000133e-01	2.880092369999999735e-01	4.037264847000000323e+00
1.212305399999999977e-01	1.663317440000000036e-01	4.841242130000000254e-01	1.212305399999999977e-01	1.408748989999999979e-01	2.932942559999999754e-01	3.993417930000000116e+00
1.255053409999999925e-01	1.696978409999999882e-01	4.958560200000000084e-01	1.255053409999999925e-01	7.092552900000000105e-02	3.250775379999999992e-01	3.950875852999999882e+00
1.299308779999999997e-01	1.729584110000000063e-01	5.079946920000000254e-01	1.299308779999999997e-01	1.016565600000000034e-02	3.817141929999999794e-01	3.909730296000000216e+00
1.345124679999999961e-01	1.761178019999999900e-01	5.205690619999999713e-01	1.345124679999999961e-01	-3.408296300000000084e-02	4.592878810000000089e-01	3.870043196000000130e+00
1.392556130000000003e-01	1.791831429999999892e-01	5.336051200000000438e-01	1.392556130000000003e-01	-5.584919199999999889e-02	5.522752159999999577e-01	3.831839224999999960e+00
1.441660090000000116e-01	1.821625430000000101e-01	5.471249510000000260e-01	1.441660090000000116e-01	-5.037587500000000051e-02	6.537215579999999804e-01	3.795103672999999844e+00
1.492495550000000060e-01	1.850627390000000039e-01	5.611466459999999712e-01	1.492495550000000060e-01	-1.423431600000000033e-02	7.548849370000000336e-01	3.759787744000000043e+00
1.545123549999999901e-01	1.878866969999999914e-01	5.756854999999999611e-01	1.545123549999999901e-01	5.377302199999999671e-02	8.446243839999999503e-01	3.725821808000000068e+00
1.599607299999999954e-01	1.906319479999999955e-01	5.907565510000000186e-01	1.599607299999999954e-01	1.504733550000000031e-01	9.093208769999999719e-01	3.693134875000000150e+00
1.656012249999999908e-01	1.932904440000000057e-01	6.063780279999999578e-01	1.656012249999999908e-01	2.651807860000000017e-01	9.348544819999999866e-01	3.661675978999999970e+00
1.714406139999999912e-01	1.958505030000000091e-01	6.225747649999999744e-01	1.714406139999999912e-01	3.777276920000000038e-01	9.122507410000000316e-01	3.631431035999999946e+00
1.774859089999999973e-01	1.983008009999999988e-01	6.393802530000000095e-01	1.774859089999999973e-01	4.621504579999999862e-01	8.458153659999999574e-01	3.602428248999999916e+00
1.837443719999999892e-01	2.006354409999999977e-01	6.568360170000000497e-01	1.837443719999999892e-01	4.982961439999999964e-01	7.567520880000000449e-01	3.574727261000000045e+00
1.902235200000000070e-01	2.028582899999999967e-01	6.749876930000000552e-01	1.902235200000000070e-01	4.840134709999999729e-01	6.747531159999999861e-01	3.548392398999999919e+00
1.969311340000000077e-01	2.049843120000000019e-01	6.938784719999999684e-01	1.969311340000000077e-01	4.356282910000000008e-01	6.220179420000000459e-01	3.523457458000000209e+00
2.038752699999999973e-01	2.070362249999999904e-01	7.135422209999999765e-01	2.038752699999999973e-01	3.758974239999999800e-01	6.036608770000000401e-01	3.499895904999999807e+00
2.110642679999999993e-01	2.090366070000000132e-01	7.339997019999999761e-01	2.110642679999999993e-01	3.206169150000000023e-01	6.104452110000000431e-01	3.477612339000000219e+00
2.185067629999999927e-01	2.109982019999999958e-01	7.552610159999999517e-01	2.185067629999999927e-01	2.719729960000000224e-01	6.287938109999999803e-01	3.456465176000000028e+00
2.262116929999999915e-01	2.129174020000000056e-01	7.773349630000000454e-01	2.262116929999999915e-01	2.199822830000000007e-01	6.523337930000000506e-01	3.436316453999999965e+00
2.341883130000000091e-01	2.147759509999999927e-01	8.002419170000000248e-01	2.341883130000000091e-01	1.522877810000000109e-01	6.903148199999999957e-01	3.417087335999999809e+00
2.424462019999999995e-01	2.165525030000000073e-01	8.240230379999999855e-01	2.424462019999999995e-01	6.905081100000000360e-02	7.658638399999999624e-01	3.398787161000000001e+00
2.509952779999999883e-01	2.182392999999999972e-01	8.487382409999999489e-01	2.509952779999999883e-01	-8.331279000000000462e-03	9.025939570000000023e-01	3.381490863999999874e+00
2.598458100000000104e-01	2.198534040000000023e-01	8.744507350000000345e-01	2.598458100000000104e-01	-4.049912099999999904e-02	1.111436936000000042e+00	3.365267785999999983e+00
2.690084280000000216e-01	2.214319240000000022e-01	9.012057829999999825e-01	2.690084280000000216e-01	2.664387400000000142e-02	1.384994888999999896e+00	3.350102410999999947e+00
2.784941349999999760e-01	2.230099209999999998e-01	9.290194059999999920e-01	2.784941349999999760e-01	2.705022349999999798e-01	1.681577024999999947e+00	3.335867041999999838e+00
2.883143249999999824e-01	2.245947440000000128e-01	9.578902470000000280e-01	2.883143249999999824e-01	7.832959959999999944e-01	1.854977147999999909e+00	3.322381735000000003e+00
2.984807919999999948e-01	2.261595419999999912e-01	9.878310630000000092e-01	2.984807919999999948e-01	1.472785530999999981e+00	1.552728311000000083e+00	3.309529760000000209e+00
3.090057460000000256e-01	2.276685230000000115e-01	1.018895118999999960e+00	3.090057460000000256e-01	1.675420182000000091e+00	6.747925989999999929e-01	3.297333891000000072e+00
3.199018279999999992e-01	2.291176109999999988e-01	1.051168193999999945e+00	3.199018279999999992e-01	1.112686886000000097e+00	6.157908299999999974e-02	3.285908677000000111e+00
3.311821260000000211e-01	2.305501020000000068e-01	1.084724295000000005e+00	3.311821260000000211e-01	4.717500980000000066e-01	5.754170000000000118e-02	3.275310503000000040e+00
3.428601860000000112e-01	2.320210209999999940e-01	1.119586069999999989e+00	3.428601860000000112e-01	8.364872600000000658e-02	3.478185899999999831e-01	3.265430382999999992e+00
3.549500360000000243e-01	2.335389200000000109e-01	1.155740959000000068e+00	3.549500360000000243e-01	-5.464634499999999895e-02	7.139489650000000465e-01	3.256066609999999972e+00
3.674661940000000238e-01	2.350553410000000010e-01	1.193208818000000004e+00	3.674661940000000238e-01	2.608260499999999829e-02	1.042580628999999925e+00	3.247125415999999820e+00
3.804236939999999789e-01	2.365311710000000123e-01	1.232081709000000025e+00	3.804236939999999789e-01	2.803410390000000141e-01	1.206489029000000102e+00	3.238709175999999967e+00
3.938380980000000253e-01	2.380041579999999934e-01	1.272468543000000007e+00	3.938380980000000253e-01	5.305369389999999852e-01	1.089872350000000045e+00	3.230943243000000020e+00
4.077255180000000090e-01	2.395518090000000044e-01	1.314403865000000060e+00	4.077255180000000090e-01	5.212624590000000113e-01	8.113315530000000386e-01	3.223746878000000038e+00
4.221026319999999776e-01	2.411813090000000104e-01	1.357862214999999928e+00	4.221026319999999776e-01	2.520835750000000042e-01	6.570814040000000356e-01	3.216900611999999882e+00
4.369867080000000015e-01	2.428192279999999981e-01	1.402882696999999901e+00	4.369867080000000015e-01	-8.358478199999999636e-02	7.383208860000000096e-01	3.210355531999999901e+00
4.523956230000000245e-01	2.444476610000000105e-01	1.449603363999999894e+00	4.523956230000000245e-01	-3.444528820000000158e-01	1.018105830999999961e+00	3.204282467000000079e+00
4.683478830000000204e-01	2.461600409999999961e-01	1.498114071000000047e+00	4.683478830000000204e-01	-4.464569179999999804e-01	1.441257363000000069e+00	3.198720703000000221e+00
4.848626480000000072e-01	2.480007250000000052e-01	1.548383580000000093e+00	4.848626480000000072e-01	-2.831583320000000126e-01	1.935451411999999927e+00	3.193447849000000005e+00
5.019597519999999813e-01	2.498813370000000089e-01	1.600437923000000096e+00	5.019597519999999813e-01	2.666879879999999869e-01	2.249590947000000174e+00	3.188378979999999974e+00
5.196597299999999864e-01	2.517833769999999749e-01	1.654445278999999935e+00	5.196597299999999864e-01	8.681979560000000484e-01	1.940732584999999899e+00	3.183708842999999789e+00
5.379838399999999909e-01	2.538298820000000067e-01	1.710482489999999967e+00	5.379838399999999909e-01	8.591547649999999869e-01	1.389790689000000024e+00	3.179430983000000044e+00
5.569540910000000400e-01	2.560170669999999871e-01	1.768497261999999903e+00	5.569540910000000400e-01	5.373971789999999471e-01	1.171444632999999902e+00	3.175301683999999902e+00
5.765932649999999660e-01	2.582376200000000011e-01	1.828607263999999955e+00	5.765932649999999660e-01	2.260706449999999867e-01	1.214786318000000032e+00	3.171398931000000143e+00
5.969249509999999814e-01	2.605906250000000202e-01	1.890984223000000020e+00	5.969249509999999814e-01	2.481722499999999831e-02	1.439942794000000026e+00	3.167875995999999805e+00
6.179735680000000286e-01	2.631461990000000251e-01	1.955576637000000062e+00	6.179735680000000286e-01	5.502962799999999710e-02	1.730374363999999998e+00	3.164498838000000092e+00
6.397643960000000130e-01	2.657706710000000139e-01	2.022468008999999789e+00	6.397643960000000130e-01	2.992482779999999787e-01	1.813918813999999990e+00	3.161270028000000121e+00
6.623236059999999537e-01	2.685613860000000130e-01	2.091864633000000140e+00	6.623236059999999537e-01	3.989398650000000046e-01	1.578910953000000061e+00	3.158372454000000218e+00
6.856782940000000215e-01	2.715866049999999809e-01	2.163701198000000048e+00	6.856782940000000215e-01	1.524861180000000038e-01	1.349593883999999910e+00	3.155563209999999952e+00
7.098565079999999972e-01	2.747063459999999901e-01	2.238119425999999912e+00	7.098565079999999972e-01	-2.856117570000000216e-01	1.377402562000000108e+00	3.152918090000000007e+00
7.348872889999999991e-01	2.780891360000000145e-01	2.315280446000000047e+00	7.348872889999999991e-01	-6.822043650000000348e-01	1.702702385999999901e+00	3.150524550000000090e+00
7.608006990000000247e-01	2.816788840000000183e-01	2.395116928000000200e+00	7.608006990000000247e-01	-8.968477729999999593e-01	2.218787761000000192e+00	3.148152901000000004e+00
7.876278610000000402e-01	2.854581950000000257e-01	2.477900132999999894e+00	7.876278610000000402e-01	-8.800363380000000291e-01	2.853200136999999970e+00	3.146029051999999826e+00
8.154009960000000445e-01	2.895667210000000269e-01	2.563590818000000215e+00	8.154009960000000445e-01	-4.493870500000000101e-01	3.519993989000000045e+00	3.143963315000000147e+00
8.441534600000000221e-01	2.938526080000000151e-01	2.652365361000000199e+00	8.441534600000000221e-01	4.325207309999999916e-01	3.665341815000000114e+00	3.142041687999999944e+00
8.739197859999999762e-01	2.985252709999999809e-01	2.744315992000000204e+00	8.739197859999999762e-01	9.911509160000000485e-01	3.119773545999999786e+00	3.140237853999999995e+00
9.047357240000000189e-01	3.034192589999999967e-01	2.839518824000000219e+00	9.047357240000000189e-01	8.967664910000000544e-01	2.469881378999999821e+00	3.138506358999999968e+00
9.366382869999999583e-01	3.087393809999999794e-01	2.938145186999999936e+00	9.366382869999999583e-01	4.353707499999999730e-01	2.194465431999999883e+00	3.136904852999999882e+00
9.696657890000000002e-01	3.143329790000000123e-01	3.040247334000000023e+00	9.696657890000000002e-01	-7.892750199999999661e-02	2.237873113000000025e+00	3.135355880000000095e+00
1.003857898999999998e+00	3.204065280000000238e-01	3.145995554999999833e+00	1.003857898999999998e+00	-5.117113920000000427e-01	2.586995423999999932e+00	3.133905264000000024e+00
1.039255682999999930e+00	3.268075690000000200e-01	3.255499812000000048e+00	1.039255682999999930e+00	-7.345811979999999908e-01	3.127145034000000212e+00	3.132530200000000153e+00
1.075901653999999930e+00	3.337380640000000009e-01	3.368849389000000194e+00	1.075901653999999930e+00	-5.762022169999999610e-01	3.739346878000000096e+00	3.131187108000000219e+00
1.113839825999999977e+00	3.410980339999999944e-01	3.486279805000000120e+00	1.113839825999999977e+00	-2.367679420000000090e-01	3.901101960000000091e+00	3.129965118999999962e+00
1.153115764999999904e+00	3.489782969999999929e-01	3.607780758000000088e+00	1.153115764999999904e+00	-2.462035200000000090e-01	4.005822455999999754e+00	3.128723818000000101e+00
1.193776641999999999e+00	3.574633939999999899e-01	3.733633454000000018e+00	1.193776641999999999e+00	-2.499588450000000128e-01	4.445288732999999937e+00	3.127581261000000001e+00
1.235871291999999899e+00	3.664718980000000181e-01	3.863929563000000122e+00	1.235871291999999899e+00	2.279407669999999886e-01	4.968551365999999803e+00	3.126482173999999947e+00
1.279450272999999916e+00	3.761499200000000265e-01	3.998760519999999818e+00	1.279450272999999916e+00	1.275712022000000001e+00	4.769246801999999619e+00	3.125373923000000165e+00
1.324565924999999922e+00	3.865496749999999815e-01	4.138387117999999809e+00	1.324565924999999922e+00	1.201083965999999892e+00	3.655192092000000059e+00	3.124334575999999863e+00
1.371272433999999985e+00	3.976354129999999931e-01	4.282947961999999720e+00	1.371272433999999985e+00	2.902579980000000170e-01	3.410725930999999989e+00	3.123338481000000222e+00
1.419625896000000109e+00	4.094912119999999933e-01	4.432545070999999837e+00	1.419625896000000109e+00	-3.747694509999999757e-01	3.901652707999999858e+00	3.122333202000000085e+00
1.469684385999999954e+00	4.222241689999999825e-01	4.587377249000000212e+00	1.469684385999999954e+00	-5.051832219999999873e-01	4.685364500000000376e+00	3.121334956000000105e+00
1.521508026000000013e+00	4.358796759999999937e-01	4.747662642999999960e+00	1.521508026000000013e+00	-1.320263150000000052e-01	5.082806621999999663e+00	3.120366479999999942e+00
1.575159057000000029e+00	4.504922969999999860e-01	4.913581896000000171e+00	1.575159057000000029e+00	-2.012270509999999901e-01	5.026359508999999726e+00	3.119419510999999812e+00
1.630701917999999973e+00	4.661258099999999738e-01	5.085305066000000096e+00	1.630701917999999973e+00	-6.461995609999999779e-01	5.536755478999999980e+00	3.118476166999999855e+00
1.688203316999999926e+00	4.828638350000000190e-01	5.263018692000000165e+00	1.688203316999999926e+00	-4.234290609999999955e-01	6.715724308999999614e+00	3.117526568000000164e+00
1.747732314999999925e+00	5.007939529999999584e-01	5.446926035999999804e+00	1.747732314999999925e+00	9.738275389999999643e-01	6.988549289999999914e+00	3.116567673000000038e+00
1.809360410999999891e+00	5.200042240000000149e-01	5.637239055000000221e+00	1.809360410999999891e+00	1.148784384999999908e+00	6.167140577999999707e+00	3.115597655999999827e+00
1.873161620000000083e+00	5.405861809999999990e-01	5.834173956999999966e+00	1.873161620000000083e+00	7.991051179999999476e-01	6.317970934999999955e+00	3.114613225999999901e+00
1.939212571999999968e+00	5.626372210000000207e-01	6.037949913000000279e+00	1.939212571999999968e+00	1.057676191999999959e+00	6.752724337000000077e+00	3.113609101000000212e+00
2.007592595999999840e+00	5.862595550000000433e-01	6.248788915000000443e+00	2.007592595999999840e+00	1.440097120999999980e+00	6.719784978999999936e+00	3.112578184000000192e+00
2.078383818999999910e+00	6.115557289999999924e-01	6.466919329000000438e+00	2.078383818999999910e+00	1.997776972999999900e+00	6.548322229000000050e+00	3.111513508999999900e+00
2.151671263999999972e+00	6.386289910000000347e-01	6.692588759000000387e+00	2.151671263999999972e+00	1.920237430000000023e+00	5.518991996999999650e+00	3.110414157000000124e+00
2.227542951999999854e+00	6.676083229999999480e-01	6.926073859999999804e+00	2.227542951999999854e+00	8.473724980000000295e-01	5.116754398000000315e+00	3.109288579000000219e+00
2.306090009000000052e+00	6.986789829999999757e-01	7.167635758000000301e+00	2.306090009000000052e+00	-2.548968449999999830e-01	5.608530616000000357e+00	3.108133564000000071e+00
2.387406771999999844e+00	7.319998789999999644e-01	7.417457989999999945e+00	2.387406771999999844e+00	-8.964846760000000359e-01	6.662967731000000171e+00	3.106910007000000196e+00
2.471590905999999865e+00	7.676137600000000338e-01	7.675810943000000108e+00	2.471590905999999865e+00	-8.609675919999999483e-01	8.194933539000000877e+00	3.105615466000000158e+00
2.558743520000000160e+00	8.057580069999999983e-01	7.943101550999999816e+00	2.558743520000000160e+00	8.256461139999999865e-01	8.900982541999999498e+00	3.104297670999999870e+00
2.648969287999999978e+00	8.466736219999999591e-01	8.219431876999999886e+00	2.648969287999999978e+00	1.392665913999999949e+00	7.481731513999999805e+00	3.102879264999999886e+00
2.742376573000000040e+00	8.903782180000000546e-01	8.505227926999999966e+00	2.742376573000000040e+00	9.277350700000000505e-02	6.866285530999999942e+00	3.101407738999999886e+00
2.839077563000000026e+00	9.372916540000000296e-01	8.800681846999999891e+00	2.839077563000000026e+00	-1.345874698999999897e+00	7.616860034000000113e+00	3.099838468999999819e+00
2.939188398999999841e+00	9.874183260000000129e-01	9.106209629000000305e+00	2.939188398999999841e+00	-2.020741230000000055e+00	9.618090284000000878e+00	3.098205489000000146e+00
3.042829316999999811e+00	1.041128854999999964e+00	9.421944166999999482e+00	3.042829316999999811e+00	-6.295973400000000331e-02	1.131772988300000016e+01	3.096441892000000085e+00
3.150124796000000060e+00	1.098674761999999916e+00	9.748382764000000478e+00	3.150124796000000060e+00	8.148331079999999726e-01	9.520813278000000324e+00	3.094602086000000085e+00
3.261203699999999817e+00	1.160198840000000065e+00	1.008577539999999928e+01	3.261203699999999817e+00	-9.508267030000000508e-01	8.980545442000000378e+00	3.092654223999999896e+00
3.376199440999999801e+00	1.226042145000000083e+00	1.043438113500000064e+01	3.376199440999999801e+00	-2.798205869999999873e+00	1.035938642600000037e+01	3.090570126999999889e+00
3.495250132999999870e+00	1.296538318000000078e+00	1.079456313799999911e+01	3.495250132999999870e+00	-3.094287629000000095e+00	1.324837218899999947e+01	3.088352115000000175e+00
3.618498760000000036e+00	1.371990623000000076e+00	1.116667740299999956e+01	3.618498760000000036e+00	-1.477721529999999950e+00	1.439317517499999965e+01	3.085997299999999832e+00
3.746093349000000128e+00	1.452726573999999937e+00	1.155106326900000013e+01	3.746093349000000128e+00	-2.069806011999999917e+00	1.472906753600000052e+01	3.083495843000000125e+00
3.878187146000000141e+00	1.539116039999999908e+00	1.194805932200000065e+01	3.878187146000000141e+00	-3.083481248000000008e+00	1.777533603299999854e+01	3.080836193000000112e+00
4.014938800999999557e+00	1.631566249000000024e+00	1.235798261699999934e+01	4.014938800999999557e+00	8.606619020000000342e-01	2.218092955599999883e+01	3.078000246000000217e+00
4.156512558000000190e+00	1.730449676000000103e+00	1.278111730000000001e+01	4.156512558000000190e+00	5.032621995000000403e+00	2.112871831000000000e+01	3.074961791000000222e+00
4.303078454000000441e+00	1.836100617999999907e+00	1.321789047400000072e+01	4.303078454000000441e+00	7.233801828999999906e+00	1.965914611799999889e+01	3.071728906999999786e+00
4.454812518999999860e+00	1.949185063999999912e+00	1.366872588000000022e+01	4.454812518999999860e+00	8.537510817999999446e+00	1.691614609699999860e+01	3.068305528999999865e+00
4.611896992000000139e+00	2.070045186999999842e+00	1.413369171599999952e+01	4.611896992000000139e+00	8.306021321999999429e+00	1.541669461799999929e+01	3.064615653999999800e+00
4.774520539000000063e+00	2.199293162000000024e+00	1.461346109299999974e+01	4.774520539000000063e+00	7.181876082999999689e+00	1.439159468100000083e+01	3.060718028999999785e+00
4.942878474999999661e+00	2.337319814000000218e+00	1.510808501700000051e+01	4.942878474999999661e+00	5.630106250999999951e+00	1.388854912999999947e+01	3.056535799999999803e+00
5.117173006999999885e+00	2.484926156000000219e+00	1.561796203799999994e+01	5.117173006999999885e+00	4.172067267000000079e+00	1.503649493300000017e+01	3.052068401000000097e+00
5.297613468999999853e+00	2.642634854000000200e+00	1.614349477300000046e+01	5.297613468999999853e+00	3.990175482999999801e+00	1.703479979600000149e+01	3.047314581999999827e+00
5.484416576000000099e+00	2.811056433000000077e+00	1.668493142000000162e+01	5.484416576000000099e+00	5.589570457999999853e+00	1.881155909299999962e+01	3.042243635000000168e+00
5.677806688000000435e+00	2.990879769000000188e+00	1.724254315099999957e+01	5.677806688000000435e+00	7.532538330999999587e+00	1.794218810099999928e+01	3.036831666999999957e+00
5.878016072000000314e+00	3.182833165999999991e+00	1.781665229700000097e+01	5.878016072000000314e+00	6.951527780000000156e+00	1.649225443399999946e+01	3.031065597000000000e+00
6.085285189999999567e+00	3.387806759000000056e+00	1.840753319199999893e+01	6.085285189999999567e+00	5.363912956000000065e+00	1.695723374600000000e+01	3.024925309999999978e+00
6.299862978000000169e+00	3.606534615000000166e+00	1.901517221299999960e+01	6.299862978000000169e+00	4.860480093999999696e+00	1.906202015499999902e+01	3.018346950999999834e+00
6.522007154999999834e+00	3.839722888999999917e+00	1.964015322999999924e+01	6.522007154999999834e+00	6.591565511999999849e+00	2.077341281200000012e+01	3.011366403999999886e+00
6.751984522999999960e+00	4.088462625000000017e+00	2.028224765699999921e+01	6.751984522999999960e+00	8.239247190000000387e+00	2.003173473300000040e+01	3.003894274999999947e+00
6.990071294999999907e+00	4.353689709000000185e+00	2.094192205499999915e+01	6.990071294999999907e+00	7.817554637999999834e+00	1.943192755600000154e+01	2.995952568999999954e+00
7.236553423000000151e+00	4.636244755999999967e+00	2.161916829400000140e+01	7.236553423000000151e+00	7.486611277999999814e+00	2.005337055300000060e+01	2.987495156000000041e+00
7.491726940999999584e+00	4.937184664000000112e+00	2.231397718899999916e+01	7.491726940999999584e+00	8.153697697000000133e+00	2.035189516399999832e+01	2.978482447000000199e+00
7.755898323000000261e+00	5.257528481999999670e+00	2.302640676600000091e+01	7.755898323000000261e+00	7.764745984000000156e+00	2.008608292799999973e+01	2.968889714999999985e+00
8.029384849999999574e+00	5.598518273999999906e+00	2.375656746199999958e+01	8.029384849999999574e+00	6.943728729000000044e+00	2.068218430099999949e+01	2.958703300999999897e+00
8.312514990000000381e+00	5.961331712999999866e+00	2.450394320899999911e+01	8.312514990000000381e+00	6.747642950000000361e+00	2.198168940800000115e+01	2.947837476000000123e+00
8.605628792999999277e+00	6.346985080999999695e+00	2.526887720099999868e+01	8.605628792999999277e+00	6.538049413000000420e+00	2.372382499200000083e+01	2.936319682000000153e+00
8.909078300999999200e+00	6.756702624999999962e+00	2.605073337900000041e+01	8.909078300999999200e+00	7.630993855999999909e+00	2.414489587099999923e+01	2.924066047999999807e+00
9.223227968999999860e+00	7.191904768999999753e+00	2.684932350900000131e+01	9.223227968999999860e+00	8.573208295000000589e+00	2.511377199500000046e+01	2.911054957999999804e+00
9.548455103000000221e+00	7.653894059999999833e+00	2.766423623400000054e+01	9.548455103000000221e+00	7.322531460999999631e+00	2.555312440399999829e+01	2.897247349000000138e+00
9.885150314000000549e+00	8.143793453000000682e+00	2.849481716600000070e+01	9.885150314000000549e+00	7.262954619000000278e+00	2.722136356800000101e+01	2.882588151000000209e+00
1.023371798600000027e+01	8.663045879000000227e+00	2.934094890800000144e+01	1.023371798600000027e+01	8.893496840999999264e+00	3.014457538999999997e+01	2.867085936000000057e+00
1.059457676399999926e+01	9.212950817999999487e+00	3.020133284699999976e+01	1.059457676399999926e+01	1.173967391499999913e+01	3.048912121100000050e+01	2.850640805999999916e+00
1.096816005300000008e+01	9.795037277000000486e+00	3.107547664599999848e+01	1.096816005300000008e+01	1.278360508599999967e+01	2.938365455099999934e+01	2.833244271999999953e+00
1.135491654099999970e+01	1.041058456000000021e+01	3.196250002400000056e+01	1.135491654099999970e+01	1.211799242000000021e+01	2.918264758000000114e+01	2.814859969000000017e+00
1.175531073900000045e+01	1.106111383300000028e+01	3.286108396600000248e+01	1.175531073900000045e+01	1.202804000399999929e+01	3.030326392599999963e+01	2.795424527000000214e+00
1.216982353600000089e+01	1.174743186799999961e+01	3.377023418400000310e+01	1.216982353600000089e+01	1.273613011399999984e+01	3.077574853799999843e+01	2.774915683000000133e+00
1.259895277799999924e+01	1.247141258199999925e+01	3.468840871599999787e+01	1.259895277799999924e+01	1.203653671100000011e+01	3.075920060400000011e+01	2.753277144000000121e+00
1.304321386700000041e+01	1.323410682099999924e+01	3.561441390800000306e+01	1.304321386700000041e+01	1.022853832300000043e+01	3.277335432400000315e+01	2.730493747000000138e+00
1.350314037899999953e+01	1.403691256599999981e+01	3.654655221400000187e+01	1.350314037899999953e+01	1.026559486899999918e+01	3.749007174500000161e+01	2.706522423000000011e+00
1.397928470299999937e+01	1.488054672500000031e+01	3.748267921600000108e+01	1.397928470299999937e+01	1.461804556200000071e+01	4.143697534500000046e+01	2.681301654999999950e+00
1.447221870699999968e+01	1.576654116799999983e+01	3.842131794400000189e+01	1.447221870699999968e+01	1.951460336499999926e+01	4.066614602300000314e+01	2.654832594999999795e+00
1.498253442699999916e+01	1.669544170100000002e+01	3.936032078600000261e+01	1.498253442699999916e+01	2.183387168899999864e+01	3.893205672500000247e+01	2.627080283000000183e+00
1.551084477000000028e+01	1.766843195599999916e+01	4.029760859900000014e+01	1.551084477000000028e+01	2.244250122100000056e+01	3.640760123300000117e+01	2.598027973000000213e+00
1.605778425800000164e+01	1.868580132900000024e+01	4.123028322399999723e+01	1.605778425800000164e+01	2.031058266300000170e+01	3.574723272699999654e+01	2.567619700999999921e+00
1.662400978899999870e+01	1.974842720499999871e+01	4.215636663600000134e+01	1.662400978899999870e+01	1.889829394299999876e+01	3.822837776400000109e+01	2.535872341999999779e+00
1.721020142200000080e+01	2.085671077299999965e+01	4.307321206999999674e+01	1.721020142200000080e+01	2.015335182100000111e+01	4.108679211500000150e+01	2.502772107000000190e+00
1.781706319499999935e+01	2.201023970500000004e+01	4.397773585600000246e+01	1.781706319499999935e+01	2.308268024999999923e+01	4.282978584800000021e+01	2.468293195999999856e+00
1.844532397600000095e+01	2.320950334799999837e+01	4.486750538399999755e+01	1.844532397600000095e+01	2.457878139299999987e+01	4.197702882800000168e+01	2.432459600000000055e+00
1.909573832899999957e+01	2.445422606700000046e+01	4.573961837400000263e+01	1.909573832899999957e+01	2.524344250000000045e+01	4.137830579799999953e+01	2.395278862000000064e+00
1.976908742799999885e+01	2.574323186399999841e+01	4.659081473100000181e+01	1.976908742799999885e+01	2.460944746699999897e+01	4.295911000099999910e+01	2.356750906999999895e+00
2.046617999400000087e+01	2.707637705200000156e+01	4.741841691500000167e+01	2.046617999400000087e+01	2.564492631799999955e+01	4.472393690799999888e+01	2.316915854999999969e+00
2.118785326100000077e+01	2.845241863200000054e+01	4.821899656099999731e+01	2.118785326100000077e+01	2.692851306500000064e+01	4.626352152999999845e+01	2.275784901999999832e+00
2.193497398899999951e+01	2.986977881900000042e+01	4.899018872999999985e+01	2.193497398899999951e+01	2.890435731299999844e+01	4.785052899499999768e+01	2.233428165999999937e+00
2.270843949900000069e+01	3.132660591200000155e+01	4.972860178999999903e+01	2.270843949900000069e+01	3.099607161100000141e+01	4.922157839300000148e+01	2.189873142999999800e+00
2.350917875500000065e+01	3.282167942000000238e+01	5.043161823300000179e+01	2.350917875500000065e+01	3.449439703000000179e+01	5.020713021800000320e+01	2.145188429000000063e+00
2.433815347499999859e+01	3.435193170499999837e+01	5.109634013499999838e+01	2.433815347499999859e+01	3.808682807499999967e+01	4.830829841500000299e+01	2.099433722000000113e+00
2.519635929300000043e+01	3.591558280999999653e+01	5.172045261800000304e+01	2.519635929300000043e+01	3.822935676099999824e+01	4.546080436700000149e+01	2.052695470999999827e+00
2.608482694799999990e+01	3.750922105699999776e+01	5.230101873499999954e+01	2.608482694799999990e+01	3.668652439600000292e+01	4.525461122299999772e+01	2.005036062999999924e+00
2.700462352399999943e+01	3.912994651599999685e+01	5.283651561100000293e+01	2.700462352399999943e+01	3.635131753000000288e+01	4.680025044900000353e+01	1.956572938999999955e+00
2.795685373499999926e+01	4.077476398499999988e+01	5.332425337699999801e+01	2.795685373499999926e+01	3.692474519600000349e+01	4.823265495700000116e+01	1.907376769999999944e+00
2.894266124700000020e+01	4.243953352500000165e+01	5.376296951100000143e+01	2.894266124700000020e+01	3.802795826999999917e+01	4.968399295799999749e+01	1.857568281000000043e+00
2.996323005500000036e+01	4.412140260200000341e+01	5.415115357300000198e+01	2.996323005500000036e+01	3.949465704499999674e+01	5.148407911299999995e+01	1.807253540000000047e+00
3.101978590099999877e+01	4.581563811099999839e+01	5.448772487899999817e+01	3.101978590099999877e+01	4.138915572399999832e+01	5.186778931900000345e+01	1.756547419999999970e+00
3.211359775300000052e+01	4.751900022600000284e+01	5.477168231800000342e+01	3.211359775300000052e+01	4.168197117799999774e+01	5.279236989500000021e+01	1.705560452999999921e+00
3.324597932300000025e+01	4.922681995100000307e+01	5.500308742099999648e+01	3.324597932300000025e+01	4.374812975399999715e+01	5.599556654700000280e+01	1.654428250999999905e+00
3.441829064499999902e+01	5.093511126100000297e+01	5.518197733699999930e+01	3.441829064499999902e+01	4.749555273200000016e+01	5.638062015999999943e+01	1.603274778999999928e+00
3.563193971199999766e+01	5.263997409099999913e+01	5.530787800600000281e+01	3.563193971199999766e+01	4.955835539499999953e+01	5.618624824500000159e+01	1.552199472000000080e+00
3.688838416699999811e+01	5.433701397299999769e+01	5.538224108200000018e+01	3.688838416699999811e+01	5.287874586400000254e+01	5.713104411700000185e+01	1.501346354000000050e+00
3.818913304800000219e+01	5.602220797399999697e+01	5.540610446800000233e+01	3.818913304800000219e+01	5.573678881499999704e+01	5.584269952399999681e+01	1.450834308999999989e+00
3.953574860700000215e+01	5.769168391699999887e+01	5.538007046100000252e+01	3.953574860700000215e+01	5.679157555700000160e+01	5.452525561400000242e+01	1.400759373999999946e+00
4.092984818499999733e+01	5.934152673599999872e+01	5.530680442700000299e+01	4.092984818499999733e+01	5.778800716800000004e+01	5.415437741000000216e+01	1.351258480000000040e+00
4.237310614900000161e+01	6.096834712700000125e+01	5.518781416800000272e+01	4.237310614900000161e+01	5.903474949699999996e+01	5.426871279499999901e+01	1.302425504999999983e+00
4.386725590999999724e+01	6.256871398300000209e+01	5.502549098200000088e+01	4.386725590999999724e+01	6.042606652599999961e+01	5.464870978799999790e+01	1.254363644000000111e+00
4.541409200399999690e+01	6.413907713300000069e+01	5.482279950800000279e+01	4.541409200399999690e+01	6.259771569699999816e+01	5.473581894099999801e+01	1.207175947000000082e+00
4.701547224000000114e+01	6.567649220699999546e+01	5.458163821099999780e+01	4.701547224000000114e+01	6.510152879100000689e+01	5.417700157499999847e+01	1.160929276999999926e+00
4.867331994199999912e+01	6.717852516899999671e+01	5.430612212599999822e+01	4.867331994199999912e+01	6.678356187599999316e+01	5.243877221099999986e+01	1.115726690000000021e+00
5.038962625100000281e+01	6.864278482500000678e+01	5.399842180899999988e+01	5.038962625100000281e+01	6.703844621300000028e+01	5.079868682200000052e+01	1.071617827000000078e+00
5.216645251900000346e+01	7.006655999299999849e+01	5.366232498299999776e+01	5.216645251900000346e+01	6.635939904399999989e+01	5.031154940799999764e+01	1.028674988999999984e+00
5.400593278499999883e+01	7.144848751400000708e+01	5.330151454599999994e+01	5.400593278499999883e+01	6.576497455999999886e+01	5.114483987300000223e+01	9.869566509999999626e-01
5.591027634099999943e+01	7.278717642300000534e+01	5.291894362600000079e+01	5.591027634099999943e+01	6.607431103400000438e+01	5.324943161200000219e+01	9.464976219999999829e-01
5.788177037700000227e+01	7.408064823200000149e+01	5.251808788999999678e+01	5.788177037700000227e+01	6.793265254099999595e+01	5.591378313599999927e+01	9.073338210000000403e-01
5.992278273800000221e+01	7.532841737200000409e+01	5.210319591500000058e+01	5.992278273800000221e+01	7.186357063399999845e+01	5.763245553200000160e+01	8.695056129999999550e-01
6.203576476100000292e+01	7.652939071999999499e+01	5.167680237300000101e+01	6.203576476100000292e+01	7.630655171799999437e+01	5.734300663500000184e+01	8.330162859999999947e-01
6.422325422199999423e+01	7.768345945400000119e+01	5.124303200399999980e+01	6.422325422199999423e+01	8.057002807499999619e+01	5.460102807100000177e+01	7.978890610000000105e-01
6.648787838399999828e+01	7.878991469499999312e+01	5.080517889800000120e+01	6.648787838399999828e+01	8.173650730900000383e+01	5.104506682000000239e+01	7.641269379999999778e-01
6.883235715099999652e+01	7.984879462099999614e+01	5.036671865600000331e+01	6.883235715099999652e+01	8.050079788300000416e+01	4.827977317900000287e+01	7.317302610000000485e-01
7.125950633600000117e+01	8.086053350599999590e+01	4.993034443500000208e+01	7.125950633600000117e+01	7.899627020699999491e+01	4.865864903700000355e+01	7.006832769999999933e-01
7.377224104200000454e+01	8.182505877799999894e+01	4.949974038900000295e+01	7.377224104200000454e+01	7.952465763399999332e+01	4.998271237200000172e+01	6.709805709999999701e-01
7.637357916400000590e+01	8.274284428100000355e+01	4.907793332199999981e+01	7.637357916400000590e+01	8.114659353400000441e+01	5.131375220099999979e+01	6.426035530000000495e-01
7.906664501299999870e+01	8.361472483000000011e+01	4.866735600199999823e+01	7.906664501299999870e+01	8.395342030599999816e+01	5.112205339700000195e+01	6.155232210000000093e-01
8.185467307099999346e+01	8.444151989300000594e+01	4.827126727899999992e+01	8.185467307099999346e+01	8.554158077600000354e+01	4.964706232500000027e+01	5.897191379999999761e-01
8.474101186900000471e+01	8.522363782200000060e+01	4.789200826100000086e+01	8.474101186900000471e+01	8.580587306399999648e+01	4.838738141999999698e+01	5.651573800000000425e-01
8.772912801600000421e+01	8.596215279999999836e+01	4.753197672600000345e+01	8.772912801600000421e+01	8.661305846300000155e+01	4.857443780399999866e+01	5.418038200000000471e-01
9.082261035999999876e+01	8.665814007599999513e+01	4.719409097100000139e+01	9.082261035999999876e+01	8.830193406600000117e+01	4.891591351699999990e+01	5.196293170000000350e-01
9.402517429700000662e+01	8.731258369299999345e+01	4.688011275000000211e+01	9.402517429700000662e+01	9.064977724000000592e+01	4.727561982000000285e+01	4.985910749999999947e-01
9.734066623399999685e+01	8.792656569999999761e+01	4.659221852000000297e+01	9.734066623399999685e+01	9.116514873200000579e+01	4.512948442500000112e+01	4.786511159999999876e-01
1.007730682090000016e+02	8.850118503199999509e+01	4.633275464100000107e+01	1.007730682090000016e+02	9.016275298899999768e+01	4.376005232899999697e+01	4.597731860000000004e-01
1.043265026760000040e+02	8.903710705700000005e+01	4.610324061899999748e+01	1.043265026760000040e+02	8.983989677200000301e+01	4.411374837700000029e+01	4.419130270000000138e-01
1.080052374520000029e+02	8.953607915400000650e+01	4.590557468400000118e+01	1.080052374520000029e+02	9.005873755300000028e+01	4.458670187700000298e+01	4.250310059999999890e-01
1.118136908430000034e+02	8.999848483799999599e+01	4.574161170699999701e+01	1.118136908430000034e+02	9.146126239100000532e+01	4.453620569999999645e+01	4.090877540000000256e-01
1.157564369549999981e+02	9.042572755499999460e+01	4.561255987199999851e+01	1.157564369549999981e+02	9.184927260499999591e+01	4.377611843999999763e+01	3.940390799999999860e-01
1.198382111850000058e+02	9.081874741400000062e+01	4.552025399499999736e+01	1.198382111850000058e+02	9.204459424600000261e+01	4.347577847499999848e+01	3.798475760000000201e-01
1.240639159060000054e+02	9.117842887899999482e+01	4.546615073200000268e+01	1.240639159060000054e+02	9.276120613000000503e+01	4.342815327000000281e+01	3.664736069999999790e-01
1.284386263590000112e+02	9.150566708799999560e+01	4.545121832099999892e+01	1.284386263590000112e+02	9.340040239299999314e+01	4.203862698199999670e+01	3.538749950000000255e-01
1.329675967469999875e+02	9.180118056099999535e+01	4.547717118300000294e+01	1.329675967469999875e+02	9.248102009999999495e+01	4.128292869799999920e+01	3.420169450000000166e-01
1.376562665440000046e+02	9.206594343599999775e+01	4.554514903500000145e+01	1.376562665440000046e+02	9.128213144599999396e+01	4.196462542300000109e+01	3.308614289999999847e-01
1.425102670299999943e+02	9.230029120099999318e+01	4.565614198200000118e+01	1.425102670299999943e+02	9.159572639700000707e+01	4.268393734699999698e+01	3.203708960000000161e-01
1.475354280560000007e+02	9.250507518700000276e+01	4.581155156799999872e+01	1.475354280560000007e+02	9.177492032700000379e+01	4.314493322300000244e+01	3.105122080000000118e-01
1.527377850389999878e+02	9.268077327700000012e+01	4.601248364500000321e+01	1.527377850389999878e+02	9.165080616999999563e+01	4.343785030000000091e+01	3.012514789999999887e-01
1.581235862199999929e+02	9.282764080299999421e+01	4.625998772700000217e+01	1.581235862199999929e+02	9.173984331200000497e+01	4.387033947900000186e+01	2.925558979999999809e-01
