1.000000000000000021e-02	4.071419999999999857e-04	5.668435299999999982e-02	1.000000000000000021e-02	-4.904898099999999844e-02	-1.497900800000000025e-02	5.668435346999999958e+00
1.035261699999999972e-02	4.362740000000000042e-04	5.868158099999999655e-02	1.035261699999999972e-02	-5.253843500000000138e-02	-1.406501200000000000e-02	5.668284483999999956e+00
1.071766900000000085e-02	4.674829999999999828e-04	6.074906399999999845e-02	1.071766900000000085e-02	-5.621632199999999913e-02	-1.298016500000000011e-02	5.668122862999999789e+00
1.109559300000000082e-02	5.009170000000000289e-04	6.288926100000000186e-02	1.109559300000000082e-02	-6.008823700000000267e-02	-1.170648900000000048e-02	5.667949723999999634e+00
1.148684300000000005e-02	5.367339999999999741e-04	6.510471600000000691e-02	1.148684300000000005e-02	-6.415925399999999890e-02	-1.022456300000000075e-02	5.667764250000000281e+00
1.189188899999999924e-02	5.751019999999999700e-04	6.739805899999999628e-02	1.189188899999999924e-02	-6.843379600000000507e-02	-8.513464999999999575e-03	5.667565570999999913e+00
1.231121699999999930e-02	6.162010000000000317e-04	6.977201199999999437e-02	1.231121699999999930e-02	-7.291549799999999526e-02	-6.550704000000000075e-03	5.667352754000000381e+00
1.274533299999999932e-02	6.602240000000000539e-04	7.222939000000000442e-02	1.274533299999999932e-02	-7.760704599999999898e-02	-4.312164000000000275e-03	5.667124802000000017e+00
1.319475500000000072e-02	7.073760000000000117e-04	7.477310299999999355e-02	1.319475500000000072e-02	-8.251000699999999632e-02	-1.772055000000000028e-03	5.666880650999999602e+00
1.366002499999999925e-02	7.578790000000000396e-04	7.740616100000000110e-02	1.366002499999999925e-02	-8.762463800000000469e-02	1.097132000000000012e-03	5.666619158999999684e+00
1.414170200000000079e-02	8.119670000000000273e-04	8.013167699999999838e-02	1.414170200000000079e-02	-9.294968300000000516e-02	4.324647000000000040e-03	5.666339111000000095e+00
1.464036299999999999e-02	8.698929999999999467e-04	8.295286999999999800e-02	1.464036299999999999e-02	-9.848214399999999369e-02	7.941505999999999219e-03	5.666039203999999607e+00
1.515660800000000023e-02	9.319239999999999902e-04	8.587306499999999843e-02	1.515660800000000023e-02	-1.042170449999999943e-01	1.198048999999999989e-02	5.665718049999999728e+00
1.569105599999999837e-02	9.983489999999999379e-04	8.889570400000000594e-02	1.569105599999999837e-02	-1.101471740000000005e-01	1.647612899999999908e-02	5.665374165000000239e+00
1.624435000000000115e-02	1.069473000000000038e-03	9.202433999999999614e-02	1.624435000000000115e-02	-1.162628059999999963e-01	2.146467100000000114e-02	5.665005962000000395e+00
1.681715400000000082e-02	1.145624000000000035e-03	9.526265000000000427e-02	1.681715400000000082e-02	-1.225514080000000006e-01	2.698402399999999882e-02	5.664611749999999724e+00
1.741015699999999902e-02	1.227152000000000017e-03	9.861443000000000292e-02	1.741015699999999902e-02	-1.289973359999999902e-01	3.307367800000000219e-02	5.664189724999999953e+00
1.802406900000000020e-02	1.314429999999999895e-03	1.020836039999999945e-01	1.802406900000000020e-02	-1.355815009999999932e-01	3.977460199999999918e-02	5.663737958999999655e+00
1.865962900000000049e-02	1.407854000000000050e-03	1.056742269999999956e-01	1.865962900000000049e-02	-1.422810310000000023e-01	4.712910800000000289e-02	5.663254398000000300e+00
1.931760000000000074e-02	1.507850000000000032e-03	1.093904869999999946e-01	1.931760000000000074e-02	-1.490689080000000000e-01	5.518069600000000130e-02	5.662736853000000181e+00
1.999877300000000094e-02	1.614868999999999897e-03	1.132367110000000038e-01	1.999877300000000094e-02	-1.559135879999999919e-01	6.397385499999999614e-02	5.662182989999999805e+00
2.070396399999999831e-02	1.729393999999999983e-03	1.172173640000000044e-01	2.070396399999999831e-02	-1.627786079999999913e-01	7.355383999999999534e-02	5.661590322000000342e+00
2.143402200000000049e-02	1.851936999999999897e-03	1.213370619999999955e-01	2.143402200000000049e-02	-1.696221599999999941e-01	8.396640700000000679e-02	5.660956202999999576e+00
2.218982300000000088e-02	1.983044000000000213e-03	1.256005649999999974e-01	2.218982300000000088e-02	-1.763966509999999877e-01	9.525751200000000252e-02	5.660277814999999713e+00
2.297227500000000033e-02	2.123296000000000211e-03	1.300127909999999887e-01	2.297227500000000033e-02	-1.830482320000000052e-01	1.074729640000000042e-01	5.659552161999999775e+00
2.378231800000000021e-02	2.273311999999999989e-03	1.345788109999999926e-01	2.378231800000000021e-02	-1.895162830000000076e-01	1.206580319999999984e-01	5.658776057999999942e+00
2.462092399999999889e-02	2.433748999999999808e-03	1.393038610000000010e-01	2.462092399999999889e-02	-1.957328690000000038e-01	1.348569930000000083e-01	5.657946117999999913e+00
2.548910100000000012e-02	2.605304000000000127e-03	1.441933410000000026e-01	2.548910100000000012e-02	-2.016221290000000110e-01	1.501126170000000037e-01	5.657058747999999859e+00
2.638789100000000012e-02	2.788717999999999926e-03	1.492528180000000093e-01	2.638789100000000012e-02	-2.070996079999999906e-01	1.664655670000000087e-01	5.656110134999999595e+00
2.731837399999999944e-02	2.984777000000000090e-03	1.544880349999999958e-01	2.731837399999999944e-02	-2.120715039999999940e-01	1.839536999999999978e-01	5.655096234000000166e+00
2.828166799999999939e-02	3.194314000000000181e-03	1.599049110000000107e-01	2.828166799999999939e-02	-2.164338219999999979e-01	2.026112369999999996e-01	5.654012762999999886e+00
2.927892899999999868e-02	3.418210999999999992e-03	1.655095450000000079e-01	2.927892899999999868e-02	-2.200714079999999961e-01	2.224677670000000107e-01	5.652855184999999949e+00
3.031135500000000163e-02	3.657402000000000136e-03	1.713082210000000105e-01	3.031135500000000163e-02	-2.228568529999999936e-01	2.435470319999999966e-01	5.651618705999999825e+00
3.138018599999999741e-02	3.912874000000000213e-03	1.773074119999999976e-01	3.138018599999999741e-02	-2.246492380000000011e-01	2.658654249999999886e-01	5.650298259000000378e+00
3.248670699999999661e-02	4.185669999999999842e-03	1.835137830000000136e-01	3.248670699999999661e-02	-2.252927210000000013e-01	2.894301100000000182e-01	5.648888495999999648e+00
3.363224499999999811e-02	4.476888000000000048e-03	1.899341930000000012e-01	3.363224499999999811e-02	-2.246149430000000113e-01	3.142366449999999811e-01	5.647383780000000186e+00
3.481817599999999929e-02	4.787689000000000354e-03	1.965756999999999921e-01	3.481817599999999929e-02	-2.224252830000000014e-01	3.402659550000000088e-01	5.645778176000000315e+00
3.604592599999999897e-02	5.119292000000000113e-03	2.034455659999999944e-01	3.604592599999999897e-02	-2.185129829999999940e-01	3.674804460000000161e-01	5.644065443999999765e+00
3.731696799999999897e-02	5.472979000000000212e-03	2.105512559999999922e-01	3.731696799999999897e-02	-2.126452390000000137e-01	3.958190070000000005e-01	5.642239034000000153e+00
3.863282999999999995e-02	5.850095999999999942e-03	2.179004439999999987e-01	3.863282999999999995e-02	-2.045654150000000004e-01	4.251905890000000077e-01	5.640292076999999793e+00
3.999509100000000344e-02	6.252052000000000130e-03	2.255010169999999980e-01	3.999509100000000344e-02	-1.939916449999999903e-01	4.554659260000000209e-01	5.638217388000000163e+00
4.140538800000000130e-02	6.680321000000000349e-03	2.333610740000000017e-01	4.140538800000000130e-02	-1.806162600000000007e-01	4.864669640000000017e-01	5.636007461000000163e+00
4.286541399999999752e-02	7.136443999999999600e-03	2.414889319999999895e-01	4.286541399999999752e-02	-1.641067559999999925e-01	5.179534159999999998e-01	5.633654470999999830e+00
4.437692299999999868e-02	7.622023999999999813e-03	2.498931249999999937e-01	4.437692299999999868e-02	-1.441093569999999935e-01	5.496058919999999848e-01	5.631150281000000035e+00
4.594173099999999954e-02	8.138729000000000796e-03	2.585824119999999837e-01	4.594173099999999954e-02	-1.202567930000000007e-01	5.810050960000000542e-01	5.628486446000000143e+00
4.756171700000000335e-02	8.688286999999999399e-03	2.675657750000000057e-01	4.756171700000000335e-02	-9.218262200000000572e-02	6.116068730000000508e-01	5.625654229000000228e+00
4.923882599999999943e-02	9.272489999999999552e-03	2.768524210000000152e-01	4.923882599999999943e-02	-5.954540199999999728e-02	6.407135090000000144e-01	5.622644611000000126e+00
5.097507300000000269e-02	9.893180999999999156e-03	2.864517899999999839e-01	5.097507300000000269e-02	-2.206706900000000166e-02	6.674429790000000473e-01	5.619448313000000361e+00
5.277254399999999762e-02	1.055226000000000081e-02	2.963735499999999856e-01	5.277254399999999762e-02	2.040902799999999920e-02	6.907000970000000128e-01	5.616055825000000112e+00
5.463339600000000074e-02	1.125167200000000076e-02	3.066276070000000242e-01	5.463339600000000074e-02	6.783456300000000050e-02	7.091572550000000419e-01	5.612457432000000246e+00
5.655986500000000083e-02	1.199340299999999970e-02	3.172241029999999795e-01	5.655986500000000083e-02	1.198425300000000027e-01	7.212579529999999517e-01	5.608643253000000328e+00
5.855426400000000170e-02	1.277947299999999953e-02	3.281734219999999924e-01	5.855426400000000170e-02	1.756035800000000091e-01	7.252634110000000245e-01	5.604603286999999767e+00
6.061898999999999760e-02	1.361192699999999936e-02	3.394861940000000189e-01	6.061898999999999760e-02	2.336635549999999950e-01	7.193694680000000119e-01	5.600327462000000089e+00
6.275652099999999567e-02	1.449282500000000085e-02	3.511733000000000215e-01	6.275652099999999567e-02	2.917928539999999904e-01	7.019232389999999766e-01	5.595805692999999970e+00
6.496942599999999679e-02	1.542423000000000058e-02	3.632458769999999948e-01	6.496942599999999679e-02	3.469055699999999964e-01	6.717581150000000445e-01	5.591027954000000300e+00
6.726036200000000409e-02	1.640819599999999989e-02	3.757153269999999878e-01	6.726036200000000409e-02	3.951328900000000144e-01	6.286312630000000512e-01	5.585984347000000128e+00
6.963207899999999950e-02	1.744675000000000045e-02	3.885933220000000188e-01	6.963207899999999950e-02	4.321398240000000057e-01	5.736848509999999957e-01	5.580665191999999664e+00
7.208742799999999507e-02	1.854188299999999859e-02	4.018918180000000118e-01	7.208742799999999507e-02	4.537273000000000001e-01	5.097767309999999830e-01	5.575061115999999650e+00
7.462935699999999339e-02	1.969552299999999950e-02	4.156230650000000137e-01	7.462935699999999339e-02	4.566475790000000257e-01	4.414861130000000133e-01	5.569163158000000280e+00
7.726091799999999787e-02	2.090952500000000172e-02	4.297996210000000206e-01	7.726091799999999787e-02	4.394147030000000176e-01	3.746577939999999884e-01	5.562962876000000279e+00
7.998527299999999562e-02	2.218564300000000142e-02	4.444343689999999958e-01	7.998527299999999562e-02	4.028088630000000170e-01	3.155241540000000011e-01	5.556452465999999646e+00
8.280569399999999913e-02	2.352551400000000084e-02	4.595405390000000256e-01	8.280569399999999913e-02	3.498490699999999842e-01	2.696571649999999765e-01	5.549624885000000063e+00
8.572556700000000252e-02	2.493063100000000171e-02	4.751317270000000037e-01	8.572556700000000252e-02	2.852326430000000079e-01	2.411055119999999941e-01	5.542473983999999909e+00
8.874840100000000453e-02	2.640232299999999838e-02	4.912219219999999775e-01	8.874840100000000453e-02	2.144741880000000100e-01	2.319791170000000124e-01	5.534994643000000103e+00
9.187782399999999683e-02	2.794172799999999901e-02	5.078255400000000197e-01	9.187782399999999683e-02	1.430680779999999874e-01	2.425208050000000060e-01	5.527182909000000421e+00
9.511759699999999818e-02	2.954977400000000087e-02	5.249574540000000455e-01	9.511759699999999818e-02	7.591533799999999887e-02	2.715064660000000019e-01	5.519036134000000260e+00
9.847161000000000108e-02	3.122714899999999918e-02	5.426330350000000413e-01	9.847161000000000108e-02	1.709089000000000094e-02	3.167414439999999831e-01	5.510553113000000280e+00
1.019438909999999948e-01	3.297428300000000007e-02	5.608681920000000432e-01	1.019438909999999948e-01	-3.010918699999999906e-02	3.754609899999999945e-01	5.501734221999999619e+00
1.055386100000000049e-01	3.479132699999999689e-02	5.796794219999999997e-01	1.055386100000000049e-01	-6.296377200000000118e-02	4.445245150000000089e-01	5.492581537000000402e+00
1.092600860000000063e-01	3.667812899999999682e-02	5.990838649999999932e-01	1.092600860000000063e-01	-7.910096599999999478e-02	5.203585569999999993e-01	5.483098960999999605e+00
1.131127880000000058e-01	3.863422500000000120e-02	6.190993519999999917e-01	1.131127880000000058e-01	-7.639277399999999663e-02	5.986371879999999868e-01	5.473292317000000295e+00
1.171013419999999972e-01	4.065882199999999724e-02	6.397444740000000074e-01	1.171013419999999972e-01	-5.315904600000000146e-02	6.737208059999999499e-01	5.463169442999999958e+00
1.212305399999999977e-01	4.275078599999999895e-02	6.610386459999999520e-01	1.212305399999999977e-01	-8.971087000000000852e-03	7.379821979999999781e-01	5.452740254000000064e+00
1.255053409999999925e-01	4.490864499999999704e-02	6.830021710000000468e-01	1.255053409999999925e-01	5.357217799999999808e-02	7.814709370000000321e-01	5.442016782999999691e+00
1.299308779999999997e-01	4.713058099999999778e-02	7.056563160000000057e-01	1.299308779999999997e-01	1.259910270000000054e-01	7.930210869999999579e-01	5.431013204000000094e+00
1.345124679999999961e-01	4.941444400000000181e-02	7.290233860000000510e-01	1.345124679999999961e-01	1.912239269999999880e-01	7.644986240000000155e-01	5.419745811000000302e+00
1.392556130000000003e-01	5.175775999999999988e-02	7.531267980000000417e-01	1.392556130000000003e-01	2.248776939999999891e-01	6.985626150000000534e-01	5.408232979000000107e+00
1.441660090000000116e-01	5.415774799999999861e-02	7.779911609999999866e-01	1.441660090000000116e-01	2.046225200000000022e-01	6.149829949999999767e-01	5.396495091000000244e+00
1.492495550000000060e-01	5.661134999999999778e-02	8.036423489999999781e-01	1.492495550000000060e-01	1.241000349999999974e-01	5.462361930000000365e-01	5.384554421999999896e+00
1.545123549999999901e-01	5.911525499999999850e-02	8.301075829999999822e-01	1.545123549999999901e-01	-2.044512000000000065e-03	5.218711019999999756e-01	5.372435005999999902e+00
1.599607299999999954e-01	6.166594200000000137e-02	8.574155020000000516e-01	1.599607299999999954e-01	-1.479945129999999942e-01	5.559124840000000400e-01	5.360162462999999988e+00
1.656012249999999908e-01	6.425972100000000575e-02	8.855962360000000366e-01	1.656012249999999908e-01	-2.902845259999999872e-01	6.476059490000000141e-01	5.347763797999999902e+00
1.714406139999999912e-01	6.689277899999999943e-02	9.146814789999999640e-01	1.714406139999999912e-01	-4.135704809999999898e-01	7.900162920000000089e-01	5.335267178999999693e+00
1.774859089999999973e-01	6.956123499999999904e-02	9.447045480000000328e-01	1.774859089999999973e-01	-5.085913060000000208e-01	9.774778400000000422e-01	5.322701687000000348e+00
1.837443719999999892e-01	7.226119999999999766e-02	9.757004500000000524e-01	1.837443719999999892e-01	-5.667486940000000528e-01	1.209084602999999980e+00	5.310097048000000264e+00
1.902235200000000070e-01	7.498883300000000474e-02	1.007705931999999915e+00	1.902235200000000070e-01	-5.729644579999999543e-01	1.489021697999999949e+00	5.297483356999999948e+00
1.969311340000000077e-01	7.774040399999999906e-02	1.040759533999999986e+00	1.969311340000000077e-01	-4.946182829999999919e-01	1.822628018999999933e+00	5.284890781999999732e+00
2.038752699999999973e-01	8.051236000000000503e-02	1.074901630000000052e+00	2.038752699999999973e-01	-2.630074090000000253e-01	2.197410764999999877e+00	5.272349273999999753e+00
2.110642679999999993e-01	8.330138300000000662e-02	1.110174468999999942e+00	2.110642679999999993e-01	2.348187959999999963e-01	2.511605933999999873e+00	5.259888278000000028e+00
2.185067629999999927e-01	8.610445399999999694e-02	1.146622202999999951e+00	2.185067629999999927e-01	1.000249151000000003e+00	2.437596913000000143e+00	5.247536454999999656e+00
2.262116929999999915e-01	8.891891100000000325e-02	1.184290923000000051e+00	2.262116929999999915e-01	1.484671437999999899e+00	1.727695586999999922e+00	5.235321425999999612e+00
2.341883130000000091e-01	9.174250100000000407e-02	1.223228677999999903e+00	2.341883130000000091e-01	1.224891321000000088e+00	1.023152647000000082e+00	5.223269533999999936e+00
2.424462019999999995e-01	9.457343899999999526e-02	1.263485501999999983e+00	2.424462019999999995e-01	6.962206450000000268e-01	8.184574629999999962e-01	5.211405635000000203e+00
2.509952779999999883e-01	9.741045099999999513e-02	1.305113431000000102e+00	2.509952779999999883e-01	2.711368350000000205e-01	9.568463080000000343e-01	5.199752915000000364e+00
2.598458100000000104e-01	1.002528240000000043e-01	1.348166522999999950e+00	2.598458100000000104e-01	4.577293999999999981e-03	1.267399909000000102e+00	5.188332728999999865e+00
2.690084280000000216e-01	1.031004449999999989e-01	1.392700873999999978e+00	2.690084280000000216e-01	-1.057097979999999937e-01	1.695852268999999968e+00	5.177164466999999881e+00
2.784941349999999760e-01	1.059538309999999983e-01	1.438774629000000083e+00	2.784941349999999760e-01	-3.653524000000000008e-03	2.244901360000000068e+00	5.166265454000000368e+00
2.883143249999999824e-01	1.088141610000000065e-01	1.486448004999999961e+00	2.883143249999999824e-01	5.169360269999999646e-01	2.863751464999999996e+00	5.155650888000000265e+00
2.984807919999999948e-01	1.116832940000000024e-01	1.535783311000000095e+00	2.984807919999999948e-01	1.748734798000000090e+00	3.021050989999999992e+00	5.145333815999999949e+00
3.090057460000000256e-01	1.145637919999999976e-01	1.586844979999999961e+00	3.090057460000000256e-01	2.692520216000000133e+00	1.775349711999999913e+00	5.135325153000000142e+00
3.199018279999999992e-01	1.174589350000000004e-01	1.639699596000000037e+00	3.199018279999999992e-01	2.133150167000000152e+00	6.394843119999999992e-01	5.125633709999999787e+00
3.311821260000000211e-01	1.203727460000000027e-01	1.694415932000000069e+00	3.311821260000000211e-01	1.415487391999999955e+00	4.466944729999999808e-01	5.116266245000000268e+00
3.428601860000000112e-01	1.233099970000000045e-01	1.751064978000000050e+00	3.428601860000000112e-01	1.052903761999999910e+00	5.735780339999999589e-01	5.107227517000000105e+00
3.549500360000000243e-01	1.262762159999999967e-01	1.809719987999999891e+00	3.549500360000000243e-01	9.483218199999999820e-01	6.634652909999999570e-01	5.098520372000000300e+00
3.674661940000000238e-01	1.292776919999999996e-01	1.870456528999999923e+00	3.674661940000000238e-01	8.862283819999999812e-01	5.842919960000000357e-01	5.090145867000000379e+00
3.804236939999999789e-01	1.323214789999999919e-01	1.933352554000000056e+00	3.804236939999999789e-01	6.682827209999999685e-01	4.578240880000000179e-01	5.082103412999999570e+00
3.938380980000000253e-01	1.354154190000000091e-01	1.998488464000000020e+00	3.938380980000000253e-01	3.705394819999999756e-01	4.783691460000000228e-01	5.074390904999999563e+00
4.077255180000000090e-01	1.385681609999999953e-01	2.065947169000000194e+00	4.077255180000000090e-01	1.626406370000000046e-01	6.125509249999999684e-01	5.067004831000000209e+00
4.221026319999999776e-01	1.417891559999999995e-01	2.135814154999999825e+00	4.221026319999999776e-01	7.143336799999999709e-02	7.113517529999999756e-01	5.059940386000000068e+00
4.369867080000000015e-01	1.450886680000000040e-01	2.208177579000000001e+00	4.369867080000000015e-01	-3.908134900000000134e-02	6.784799329999999795e-01	5.053191635000000126e+00
4.523956230000000245e-01	1.484777939999999963e-01	2.283128374999999988e+00	4.523956230000000245e-01	-3.201862529999999762e-01	6.361619170000000212e-01	5.046751687999999625e+00
4.683478830000000204e-01	1.519685110000000006e-01	2.360760340000000124e+00	4.683478830000000204e-01	-6.837402750000000085e-01	7.435622360000000430e-01	5.040612808999999750e+00
4.848626480000000072e-01	1.555736930000000129e-01	2.441170216000000170e+00	4.848626480000000072e-01	-1.011313869999999948e+00	9.664366580000000040e-01	5.034766495000000397e+00
5.019597519999999813e-01	1.593071179999999976e-01	2.524457801000000057e+00	5.019597519999999813e-01	-1.301966112999999980e+00	1.237306828999999997e+00	5.029203616000000210e+00
5.196597299999999864e-01	1.631835140000000017e-01	2.610726097000000134e+00	5.196597299999999864e-01	-1.604464826000000066e+00	1.544143315999999988e+00	5.023914583999999905e+00
5.379838399999999909e-01	1.672186340000000049e-01	2.700081407999999961e+00	5.379838399999999909e-01	-1.974467111000000052e+00	1.935391617999999925e+00	5.018889426000000320e+00
5.569540910000000400e-01	1.714292819999999884e-01	2.792633431000000055e+00	5.569540910000000400e-01	-2.471086259999999868e+00	2.550094599999999989e+00	5.014117821000000141e+00
5.765932649999999660e-01	1.758333390000000052e-01	2.888495417000000121e+00	5.765932649999999660e-01	-3.099205963000000175e+00	3.867209005999999949e+00	5.009589241999999665e+00
5.969249509999999814e-01	1.804498670000000138e-01	2.987784326999999962e+00	5.969249509999999814e-01	-1.869543361999999931e+00	7.256573008000000158e+00	5.005293080999999589e+00
6.179735680000000286e-01	1.852991830000000062e-01	3.090620910999999804e+00	6.179735680000000286e-01	2.326315183000000175e+00	4.796301285000000192e+00	5.001218614999999978e+00
6.397643960000000130e-01	1.904028819999999955e-01	3.197129863999999877e+00	6.397643960000000130e-01	1.018225834000000107e+00	3.105700666999999804e+00	4.997355097999999884e+00
6.623236059999999537e-01	1.957839600000000069e-01	3.307440025000000006e+00	6.623236059999999537e-01	1.981650120000000015e-01	3.216153510999999909e+00	4.993691897999999796e+00
6.856782940000000215e-01	2.014669319999999875e-01	3.421684450999999960e+00	6.856782940000000215e-01	6.746040400000000159e-02	3.727764354000000058e+00	4.990218418999999628e+00
7.098565079999999972e-01	2.074778469999999930e-01	3.540000592999999807e+00	7.098565079999999972e-01	5.318668650000000220e-01	3.789690879000000123e+00	4.986924188999999785e+00
7.348872889999999991e-01	2.138444860000000003e-01	3.662530504999999881e+00	7.348872889999999991e-01	3.919588230000000117e-01	3.354680973999999871e+00	4.983798956000000224e+00
7.608006990000000247e-01	2.205964440000000026e-01	3.789420897999999926e+00	7.608006990000000247e-01	-5.254211599999999982e-02	3.492099027000000078e+00	4.980832566000000128e+00
7.876278610000000402e-01	2.277652159999999926e-01	3.920823411999999841e+00	7.876278610000000402e-01	-1.518653259999999949e-01	3.887821612000000204e+00	4.978015133999999620e+00
8.154009960000000445e-01	2.353844409999999998e-01	4.056894712000000069e+00	8.154009960000000445e-01	-2.855910399999999835e-02	4.126010559000000022e+00	4.975336961000000002e+00
8.441534600000000221e-01	2.434899150000000012e-01	4.197796662000000012e+00	8.441534600000000221e-01	-7.632645999999999875e-03	4.218588607000000046e+00	4.972788554000000083e+00
8.739197859999999762e-01	2.521198860000000153e-01	4.343696555000000181e+00	8.739197859999999762e-01	3.808174599999999965e-02	4.590960390000000224e+00	4.970360698000000355e+00
9.047357240000000189e-01	2.613151069999999909e-01	4.494767185999999803e+00	9.047357240000000189e-01	7.873872509999999547e-01	4.429517708999999748e+00	4.968044330999999758e+00
9.366382869999999583e-01	2.711191199999999912e-01	4.651187155999999767e+00	9.366382869999999583e-01	2.610022459999999933e-01	3.470186326999999959e+00	4.965830696000000266e+00
9.696657890000000002e-01	2.815783720000000212e-01	4.813140910000000439e+00	9.696657890000000002e-01	-9.121388780000000418e-01	3.540161716000000069e+00	4.963711170999999922e+00
1.003857898999999998e+00	2.927425000000000166e-01	4.980819069999999904e+00	1.003857898999999998e+00	-2.088810668999999898e+00	4.347271811999999791e+00	4.961677417999999840e+00
1.039255682999999930e+00	3.046644780000000163e-01	5.154418470999999613e+00	1.039255682999999930e+00	-3.204972741000000180e+00	6.260470899999999617e+00	4.959721227000000177e+00
1.075901653999999930e+00	3.174009649999999794e-01	5.334142474000000078e+00	1.075901653999999930e+00	-2.597925653999999973e+00	1.124724526500000010e+01	4.957834625000000273e+00
1.113839825999999977e+00	3.310124320000000231e-01	5.520201068999999627e+00	1.113839825999999977e+00	6.543819307999999779e+00	9.069333325000000556e+00	4.956009776000000144e+00
1.153115764999999904e+00	3.455635850000000064e-01	5.712811078999999737e+00	1.153115764999999904e+00	4.129386435999999883e+00	3.926029644000000207e+00	4.954238987000000094e+00
1.193776641999999999e+00	3.611235429999999913e-01	5.912196412000000123e+00	1.193776641999999999e+00	1.764238857999999910e+00	3.575853436000000052e+00	4.952514737999999639e+00
1.235871291999999899e+00	3.777661999999999964e-01	6.118588131000000097e+00	1.235871291999999899e+00	5.749715659999999895e-01	3.932911601999999895e+00	4.950829565000000265e+00
1.279450272999999916e+00	3.955706150000000143e-01	6.332224745999999627e+00	1.279450272999999916e+00	-1.063172530000000005e-01	4.575214450999999904e+00	4.949176125000000148e+00
1.324565924999999922e+00	4.146212759999999831e-01	6.553352375000000229e+00	1.324565924999999922e+00	-5.072503470000000458e-01	5.003511072000000226e+00	4.947547154999999641e+00
1.371272433999999985e+00	4.350085380000000002e-01	6.782224875999999902e+00	1.371272433999999985e+00	-9.685980280000000553e-01	5.319895819000000081e+00	4.945935399999999760e+00
1.419625896000000109e+00	4.568290649999999786e-01	7.019104072000000194e+00	1.419625896000000109e+00	-1.764993615000000071e+00	5.875593881000000351e+00	4.944333636999999726e+00
1.469684385999999954e+00	4.801862250000000221e-01	7.264259941999999803e+00	1.469684385999999954e+00	-2.882338942000000070e+00	7.115243584999999982e+00	4.942734652000000395e+00
1.521508026000000013e+00	5.051905549999999856e-01	7.517970762000000029e+00	1.521508026000000013e+00	-3.827341651999999872e+00	9.976159211000000582e+00	4.941131191000000200e+00
1.575159057000000029e+00	5.319602770000000369e-01	7.780523258999999747e+00	1.575159057000000029e+00	-5.849209109999999878e-01	1.563940432699999938e+01	4.939515933000000025e+00
1.630701917999999973e+00	5.606218360000000400e-01	8.052212779999999626e+00	1.630701917999999973e+00	8.648297772999999466e+00	1.120264917000000082e+01	4.937881468999999690e+00
1.688203316999999926e+00	5.913104609999999539e-01	8.333343441000000240e+00	1.688203316999999926e+00	5.845060088000000320e+00	4.798602134000000241e+00	4.936220276000000240e+00
1.747732314999999925e+00	6.241707610000000184e-01	8.624228254000000149e+00	1.747732314999999925e+00	2.597010687000000040e+00	3.933407016999999950e+00	4.934524685000000410e+00
1.809360410999999891e+00	6.593573670000000275e-01	8.925189242000000078e+00	1.809360410999999891e+00	6.186509569999999458e-01	4.304659138999999968e+00	4.932786851000000361e+00
1.873161620000000083e+00	6.970356149999999973e-01	9.236557537999999568e+00	1.873161620000000083e+00	-6.766784639999999795e-01	4.992379361000000237e+00	4.930998713000000144e+00
1.939212571999999968e+00	7.373822669999999802e-01	9.558673467000000201e+00	1.939212571999999968e+00	-1.565096754000000034e+00	5.676200234999999594e+00	4.929151969000000300e+00
2.007592595999999840e+00	7.805862860000000181e-01	9.891886600999999501e+00	2.007592595999999840e+00	-2.396794927999999825e+00	6.156654103000000156e+00	4.927238037000000404e+00
2.078383818999999910e+00	8.268496389999999696e-01	1.023655578900000052e+01	2.078383818999999910e+00	-3.683871739000000201e+00	6.659089617000000239e+00	4.925248020999999810e+00
2.151671263999999972e+00	8.763881700000000219e-01	1.059304916700000021e+01	2.151671263999999972e+00	-5.007536113999999650e+00	8.198863763000000304e+00	4.923172672999999833e+00
2.227542951999999854e+00	9.294325119999999885e-01	1.096174413099999967e+01	2.227542951999999854e+00	-5.678357845999999931e+00	9.332855783999999488e+00	4.921002363000000379e+00
2.306090009000000052e+00	9.862290799999999802e-01	1.134302725599999917e+01	2.306090009000000052e+00	-7.115511019000000381e+00	1.061501969000000045e+01	4.918727029000000250e+00
2.387406771999999844e+00	1.047041077000000042e+00	1.173729415200000048e+01	2.387406771999999844e+00	-9.393397519000000528e+00	1.349388525800000060e+01	4.916336121999999698e+00
2.471590905999999865e+00	1.112149521000000085e+00	1.214494933099999940e+01	2.471590905999999865e+00	-1.008195255500000087e+01	2.172350336099999879e+01	4.913818585999999655e+00
2.558743520000000160e+00	1.181854479000000069e+00	1.256640606500000068e+01	2.558743520000000160e+00	-1.071480165999999956e+00	2.548569764699999851e+01	4.911162829000000229e+00
2.648969287999999978e+00	1.256476278999999918e+00	1.300208592599999946e+01	2.648969287999999978e+00	4.495733844000000090e+00	2.007561452699999904e+01	4.908356614999999756e+00
2.742376573000000040e+00	1.336356603000000032e+00	1.345241860800000033e+01	2.742376573000000040e+00	3.226258094999999937e+00	1.675762416399999921e+01	4.905387078999999595e+00
2.839077563000000026e+00	1.421860112000000065e+00	1.391784141399999974e+01	2.839077563000000026e+00	1.402064207000000007e+00	1.655158602099999854e+01	4.902240640999999677e+00
2.939188398999999841e+00	1.513375498999999902e+00	1.439879877399999941e+01	2.939188398999999841e+00	7.475069439999999510e-01	1.748555744700000147e+01	4.898902968999999885e+00
3.042829316999999811e+00	1.611317287000000098e+00	1.489574158099999934e+01	3.042829316999999811e+00	9.022483759999999631e-01	1.899065918000000153e+01	4.895358900999999818e+00
3.150124796000000060e+00	1.716127101000000099e+00	1.540912663399999971e+01	3.150124796000000060e+00	1.980679169999999933e+00	1.979553650200000092e+01	4.891592439000000070e+00
3.261203699999999817e+00	1.828275348000000022e+00	1.593941559599999991e+01	3.261203699999999817e+00	3.305936394999999806e+00	1.941697143000000025e+01	4.887586628000000211e+00
3.376199440999999801e+00	1.948262941999999942e+00	1.648707416799999947e+01	3.376199440999999801e+00	3.650089051999999779e+00	1.878053836400000165e+01	4.883323529000000107e+00
3.495250132999999870e+00	2.076622943999999915e+00	1.705257100000000037e+01	3.495250132999999870e+00	3.681460283999999916e+00	1.827700063099999994e+01	4.878784164999999895e+00
3.618498760000000036e+00	2.213922335999999991e+00	1.763637639199999896e+01	3.618498760000000036e+00	2.719688564000000142e+00	1.707776569199999983e+01	4.873948441999999659e+00
3.746093349000000128e+00	2.360763877000000122e+00	1.823896087700000024e+01	3.746093349000000128e+00	6.083569840000000450e-01	1.667685073899999892e+01	4.868795083000000190e+00
3.878187146000000141e+00	2.517787981000000119e+00	1.886079361399999854e+01	3.878187146000000141e+00	-2.666233763999999784e+00	1.793403384200000161e+01	4.863301565000000437e+00
4.014938800999999557e+00	2.685674640999999863e+00	1.950234057300000146e+01	4.014938800999999557e+00	-5.134943212999999673e+00	2.149251826600000115e+01	4.857444046000000348e+00
4.156512558000000190e+00	2.865145349000000063e+00	2.016406248399999868e+01	4.156512558000000190e+00	-8.307294171000000560e+00	2.682817553900000007e+01	4.851197295999999604e+00
4.303078454000000441e+00	3.056965041999999855e+00	2.084641263800000033e+01	4.303078454000000441e+00	-7.028098170999999894e+00	3.776899002199999700e+01	4.844534642000000169e+00
4.454812518999999860e+00	3.261944247999999824e+00	2.154983433800000014e+01	4.454812518999999860e+00	1.658985177199999939e+01	4.307753328999999809e+01	4.837427893000000090e+00
4.611896992000000139e+00	3.480940826999999960e+00	2.227475788399999956e+01	4.611896992000000139e+00	1.514022173899999935e+01	2.563539652500000088e+01	4.829847223999999883e+00
4.774520539000000063e+00	3.714862044000000196e+00	2.302159790199999989e+01	4.774520539000000063e+00	9.173263507999999788e+00	2.407854380399999883e+01	4.821761204000000411e+00
4.942878474999999661e+00	3.964666391999999817e+00	2.379074938999999844e+01	4.942878474999999661e+00	7.165607226999999746e+00	2.521706693000000143e+01	4.813136617999999700e+00
5.117173006999999885e+00	4.231365550999999670e+00	2.458258439100000103e+01	5.117173006999999885e+00	6.044277649999999724e+00	2.498515637399999889e+01	4.803938493999999615e+00
5.297613468999999853e+00	4.516025856999999810e+00	2.539744766300000123e+01	5.297613468999999853e+00	3.996521407999999997e+00	2.642528414799999936e+01	4.794130001000000085e+00
5.484416576000000099e+00	4.819770022000000154e+00	2.623565214299999937e+01	5.484416576000000099e+00	1.762974215000000067e+00	2.828363585800000024e+01	4.783672389000000358e+00
5.677806688000000435e+00	5.143778497999999644e+00	2.709747410700000003e+01	5.677806688000000435e+00	-6.293037139999999585e-01	3.218226835800000174e+01	4.772524954999999736e+00
5.878016072000000314e+00	5.489290613999999735e+00	2.798314784900000163e+01	5.878016072000000314e+00	-5.817303700000000521e-01	3.898248906799999958e+01	4.760645003999999680e+00
6.085285189999999567e+00	5.857605520999999982e+00	2.889285989200000060e+01	6.085285189999999567e+00	5.392589057000000352e+00	4.523497687799999767e+01	4.747987808000000420e+00
6.299862978000000169e+00	6.250082629999999639e+00	2.982674266500000115e+01	6.299862978000000169e+00	1.253702247200000031e+01	4.457795467599999739e+01	4.734506570999999830e+00
6.522007154999999834e+00	6.668141766999999831e+00	3.078486822700000047e+01	6.522007154999999834e+00	1.414255482299999933e+01	4.159096411200000176e+01	4.720152477000000069e+00
6.751984522999999960e+00	7.113263136999999681e+00	3.176724060600000143e+01	6.751984522999999960e+00	1.425659067900000032e+01	4.348222938899999690e+01	4.704874617999999842e+00
6.990071294999999907e+00	7.586986184999999772e+00	3.277378882899999724e+01	6.990071294999999907e+00	1.773296111799999863e+01	4.532696256599999884e+01	4.688620108000000286e+00
7.236553423000000151e+00	8.090908247999999858e+00	3.380435845899999947e+01	7.236553423000000151e+00	2.230958251099999856e+01	4.385783207200000078e+01	4.671334057000000151e+00
7.491726940999999584e+00	8.626682519999999244e+00	3.485870339800000295e+01	7.491726940999999584e+00	2.243324937599999913e+01	3.994768970999999880e+01	4.652959680999999570e+00
7.755898323000000261e+00	9.196015017000000569e+00	3.593647710900000192e+01	7.755898323000000261e+00	2.416458961800000083e+01	3.923033292899999935e+01	4.633438399000000096e+00
8.029384849999999574e+00	9.800660886999999377e+00	3.703722348699999856e+01	8.029384849999999574e+00	1.994218364299999990e+01	3.480012630800000295e+01	4.612709962000000274e+00
8.312514990000000381e+00	1.044241951999999962e+01	3.816036715100000265e+01	8.312514990000000381e+00	1.482031452700000074e+01	3.878538532700000019e+01	4.590712582000000097e+00
8.605628792999999277e+00	1.112312858399999982e+01	3.930520442200000275e+01	8.605628792999999277e+00	1.350212748799999929e+01	4.865586921700000289e+01	4.567383205999999696e+00
8.909078300999999200e+00	1.184465718599999917e+01	4.047089283700000095e+01	8.909078300999999200e+00	2.656773047000000076e+01	5.627925325199999662e+01	4.542657666000000205e+00
9.223227968999999860e+00	1.260889747000000050e+01	4.165644197400000337e+01	9.223227968999999860e+00	3.831417712399999687e+01	4.620587606200000153e+01	4.516471035000000356e+00
9.548455103000000221e+00	1.341775479700000062e+01	4.286070353400000243e+01	9.548455103000000221e+00	3.506100021400000344e+01	3.679978064200000176e+01	4.488757926999999981e+00
9.885150314000000549e+00	1.427313652299999980e+01	4.408236196800000073e+01	9.885150314000000549e+00	2.850116945199999918e+01	3.326123030099999767e+01	4.459452873000000039e+00
1.023371798600000027e+01	1.517693946400000016e+01	4.531992591200000220e+01	1.023371798600000027e+01	2.172638789000000159e+01	3.635671545499999979e+01	4.428490796000000174e+00
1.059457676399999926e+01	1.613103540299999850e+01	4.657171920199999704e+01	1.059457676399999926e+01	2.096935532699999882e+01	4.419810556200000207e+01	4.395807425000000102e+00
1.096816005300000008e+01	1.713725523100000103e+01	4.783587432699999908e+01	1.096816005300000008e+01	2.416150054499999911e+01	4.982395653599999719e+01	4.361339924000000146e+00
1.135491654099999970e+01	1.819737114400000166e+01	4.911032566400000121e+01	1.135491654099999970e+01	3.104461524899999958e+01	5.023755589600000349e+01	4.325027443999999832e+00
1.175531073900000045e+01	1.931307757800000147e+01	5.039280459599999773e+01	1.175531073900000045e+01	3.247908014800000132e+01	4.697057435400000003e+01	4.286811784000000181e+00
1.216982353600000089e+01	2.048596995500000162e+01	5.168083661200000023e+01	1.216982353600000089e+01	3.129996977900000132e+01	4.660024032900000179e+01	4.246638125999999680e+00
1.259895277799999924e+01	2.171752309600000075e+01	5.297173974399999707e+01	1.259895277799999924e+01	3.166745809300000047e+01	4.950616060400000151e+01	4.204455773000000285e+00
1.304321386700000041e+01	2.300906677000000045e+01	5.426262595000000033e+01	1.304321386700000041e+01	3.434186774799999853e+01	5.058239830600000175e+01	4.160218985000000202e+00
1.350314037899999953e+01	2.436176136999999997e+01	5.555040440599999840e+01	1.350314037899999953e+01	3.463856789599999786e+01	4.971309488600000037e+01	4.113887796000000208e+00
1.397928470299999937e+01	2.577657180499999967e+01	5.683178802300000143e+01	1.397928470299999937e+01	3.430363020699999765e+01	5.250412254100000098e+01	4.065428898999999596e+00
1.447221870699999968e+01	2.725424187300000156e+01	5.810330356499999738e+01	1.447221870699999968e+01	3.628633882900000174e+01	5.911312761599999988e+01	4.014816576000000303e+00
1.498253442699999916e+01	2.879526709599999990e+01	5.936130416200000326e+01	1.498253442699999916e+01	4.649903629300000318e+01	5.740221206999999737e+01	3.962033556999999817e+00
1.551084477000000028e+01	3.039986922499999977e+01	6.060198627999999843e+01	1.551084477000000028e+01	4.588300717100000270e+01	5.019765316800000221e+01	3.907071934999999829e+00
1.605778425800000164e+01	3.206797020399999809e+01	6.182140980700000199e+01	1.605778425800000164e+01	3.974191975499999785e+01	5.133832062199999768e+01	3.849934014000000015e+00
1.662400978899999870e+01	3.379916869899999909e+01	6.301552302200000355e+01	1.662400978899999870e+01	4.110815731200000300e+01	6.093360937900000351e+01	3.790633176000000049e+00
1.721020142200000080e+01	3.559271746999999664e+01	6.418019007799999542e+01	1.721020142200000080e+01	4.869511281500000166e+01	6.463777348399999312e+01	3.729194592999999891e+00
1.781706319499999935e+01	3.744750357099999860e+01	6.531122296499999891e+01	1.781706319499999935e+01	5.795843190699999781e+01	6.246493281699999756e+01	3.665655908000000185e+00
1.844532397600000095e+01	3.936203256600000344e+01	6.640441732200000047e+01	1.844532397600000095e+01	6.307999606700000328e+01	5.539721474499999943e+01	3.600067822999999834e+00
1.909573832899999957e+01	4.133441513799999711e+01	6.745559062899999958e+01	1.909573832899999957e+01	6.009746324299999998e+01	5.135997402400000311e+01	3.532494499999999871e+00
1.976908742799999885e+01	4.336235873399999718e+01	6.846062367199999699e+01	1.976908742799999885e+01	5.989834975099999781e+01	5.067329321100000072e+01	3.463013854999999808e+00
2.046617999400000087e+01	4.544316500000000048e+01	6.941550452100000257e+01	2.046617999400000087e+01	5.926628157100000038e+01	4.931830527900000050e+01	3.391717680000000179e+00
2.118785326100000077e+01	4.757373098800000122e+01	7.031637324899999442e+01	2.118785326100000077e+01	6.014284568400000097e+01	5.050046502800000070e+01	3.318711545999999846e+00
2.193497398899999951e+01	4.975055739300000113e+01	7.115956864499999313e+01	2.193497398899999951e+01	6.011023215000000164e+01	4.979911816799999968e+01	3.244114567000000005e+00
2.270843949900000069e+01	5.196976249699999784e+01	7.194167333999999414e+01	2.270843949900000069e+01	5.952110902399999759e+01	5.056992287399999952e+01	3.168058876999999995e+00
2.350917875500000065e+01	5.422710271100000057e+01	7.265955945499999302e+01	2.350917875500000065e+01	5.990629061199999938e+01	5.197210368199999664e+01	3.090688968999999897e+00
2.433815347499999859e+01	5.651799788900000010e+01	7.331043129100000044e+01	2.433815347499999859e+01	6.139886839399999729e+01	5.338424873400000337e+01	3.012160777000000067e+00
2.519635929300000043e+01	5.883756480200000283e+01	7.389186568899999941e+01	2.519635929300000043e+01	6.262386707400000319e+01	5.462494777500000254e+01	2.932640577999999998e+00
2.608482694799999990e+01	6.118065376700000257e+01	7.440184792399999480e+01	2.608482694799999990e+01	6.509855450700000290e+01	5.626008994499999716e+01	2.852303680999999980e+00
2.700462352399999943e+01	6.354189232200000248e+01	7.483880393799999808e+01	2.700462352399999943e+01	6.852569343999999774e+01	5.630914663400000109e+01	2.771332985999999998e+00
2.795685373499999926e+01	6.591573198800000455e+01	7.520162536499999817e+01	2.795685373499999926e+01	7.063554129400000647e+01	5.520775085500000046e+01	2.689917330000000106e+00
2.894266124700000020e+01	6.829649846799999580e+01	7.548969034099999931e+01	2.894266124700000020e+01	7.295842345600000556e+01	5.482522672399999664e+01	2.608249798000000119e+00
2.996323005500000036e+01	7.067844548899999779e+01	7.570287585600000568e+01	2.996323005500000036e+01	7.394331565199999545e+01	5.453973179599999810e+01	2.526525868999999869e+00
3.101978590099999877e+01	7.305580802199999368e+01	7.584156412400000136e+01	3.101978590099999877e+01	7.566821830700000362e+01	5.327797545899999676e+01	2.444941572999999924e+00
3.211359775300000052e+01	7.542285823699999980e+01	7.590664113200000429e+01	3.211359775300000052e+01	7.612214663199999620e+01	5.472008478899999773e+01	2.363691595999999784e+00
3.324597932300000025e+01	7.777395833699999628e+01	7.589948873100000526e+01	3.324597932300000025e+01	8.063991395899999759e+01	5.705112011700000352e+01	2.282967452999999924e+00
3.441829064499999902e+01	8.010361331500000404e+01	7.582196884299999340e+01	3.441829064499999902e+01	8.407299770500000591e+01	5.142258222200000262e+01	2.202955679000000000e+00
3.563193971199999766e+01	8.240651980500000207e+01	7.567640147100000547e+01	3.563193971199999766e+01	8.439015566300000160e+01	5.020046054699999871e+01	2.123836144999999842e+00
3.688838416699999811e+01	8.467761120800000185e+01	7.546553786100000139e+01	3.688838416699999811e+01	8.372073914499999603e+01	4.919193318899999667e+01	2.045780522999999906e+00
3.818913304800000219e+01	8.691209855600000367e+01	7.519252663100000689e+01	3.818913304800000219e+01	8.387315259599999706e+01	4.922716805000000306e+01	1.968950866999999993e+00
3.953574860700000215e+01	8.910550576999999350e+01	7.486087644299999511e+01	3.953574860700000215e+01	8.755848878599999807e+01	5.029182981200000313e+01	1.893498393000000002e+00
4.092984818499999733e+01	9.125369925699999385e+01	7.447441612100000441e+01	4.092984818499999733e+01	8.914388740699999403e+01	4.795074407100000258e+01	1.819562480999999954e+00
4.237310614900000161e+01	9.335291151600000603e+01	7.403725018100000455e+01	4.237310614900000161e+01	8.906276094199999704e+01	4.516180835499999802e+01	1.747269834999999993e+00
4.386725590999999724e+01	9.539975829499999804e+01	7.355371477900000343e+01	4.386725590999999724e+01	8.725228318000000627e+01	4.561707869199999976e+01	1.676733892999999975e+00
4.541409200399999690e+01	9.739124967200000071e+01	7.302833222399999613e+01	4.541409200399999690e+01	8.765861850800000354e+01	4.755560647899999793e+01	1.608054439000000002e+00
4.701547224000000114e+01	9.932479535500000623e+01	7.246576530900000535e+01	4.701547224000000114e+01	9.127961403000000473e+01	4.883171209799999701e+01	1.541317397000000033e+00
4.867331994199999912e+01	1.011982041760000044e+02	7.187077457499999866e+01	4.867331994199999912e+01	9.432312241099999994e+01	4.667066696100000200e+01	1.476594871000000087e+00
5.038962625100000281e+01	1.030096779130000044e+02	7.124817481300000566e+01	5.038962625100000281e+01	9.488960260300000016e+01	4.488651682799999776e+01	1.413945291999999965e+00
5.216645251900000346e+01	1.047578006730000055e+02	7.060279679600000691e+01	5.216645251900000346e+01	9.598582052099999373e+01	4.448245909999999981e+01	1.353413801000000083e+00
5.400593278499999883e+01	1.064415246110000055e+02	6.993945007199999964e+01	5.400593278499999883e+01	9.796480977000000223e+01	4.284288172800000183e+01	1.295032721000000109e+00
5.591027634099999943e+01	1.080601510630000064e+02	6.926288963800000431e+01	5.591027634099999943e+01	9.825519978699999513e+01	4.018137402400000013e+01	1.238822166000000058e+00
5.788177037700000227e+01	1.096133090919999944e+02	6.857778688800000566e+01	5.788177037700000227e+01	9.746477590000000646e+01	3.937607935599999820e+01	1.184790763000000080e+00
5.992278273800000221e+01	1.111009326190000053e+02	6.788870394500000316e+01	5.992278273800000221e+01	9.757847383399999330e+01	3.925768605100000030e+01	1.132936436999999907e+00
6.203576476100000292e+01	1.125232343219999933e+02	6.720007103800000436e+01	6.203576476100000292e+01	9.859413626399999941e+01	3.764515884699999759e+01	1.083247241000000027e+00
6.422325422199999423e+01	1.138806798739999948e+02	6.651616961000000572e+01	6.422325422199999423e+01	9.749572329000000082e+01	3.603467301999999961e+01	1.035702260999999957e+00
6.648787838399999828e+01	1.151739603120000055e+02	6.584111726499999406e+01	6.648787838399999828e+01	9.608182005599999798e+01	3.697786765699999734e+01	9.902724960000000021e-01
6.883235715099999652e+01	1.164039654099999979e+02	6.517885736399999530e+01	6.883235715099999652e+01	9.544618066300000692e+01	3.692560385499999853e+01	9.469217690000000243e-01
7.125950633600000117e+01	1.175717566839999932e+02	6.453315130900000440e+01	7.125950633600000117e+01	9.529396891899999389e+01	3.881627502300000288e+01	9.056076109999999790e-01
7.377224104200000454e+01	1.186785409419999979e+02	6.390757485099999968e+01	7.377224104200000454e+01	9.610832320599999434e+01	4.053371170700000192e+01	8.662821400000000338e-01
7.637357916400000590e+01	1.197256453250000021e+02	6.330551594100000301e+01	7.637357916400000590e+01	9.892369529299999442e+01	4.086143616500000064e+01	8.288928789999999713e-01
7.906664501299999870e+01	1.207144931360000015e+02	6.273017568099999863e+01	7.906664501299999870e+01	1.003216910329999934e+02	4.050241683699999840e+01	7.933835519999999919e-01
8.185467307099999346e+01	1.216465809660000019e+02	6.218457190299999837e+01	8.185467307099999346e+01	1.018818134029999953e+02	4.004162656500000139e+01	7.596948300000000431e-01
8.474101186900000471e+01	1.225234571820000014e+02	6.167154355099999918e+01	8.474101186900000471e+01	1.035143839119999996e+02	3.839758814599999681e+01	7.277650119999999889e-01
8.772912801600000421e+01	1.233467025049999961e+02	6.119375751799999819e+01	8.772912801600000421e+01	1.038110370269999976e+02	3.604290288800000042e+01	6.975306709999999910e-01
9.082261035999999876e+01	1.241179115329999973e+02	6.075371665400000154e+01	9.082261035999999876e+01	1.022577745979999975e+02	3.507893345400000129e+01	6.689272240000000425e-01
9.402517429700000662e+01	1.248386759689999934e+02	6.035376808800000248e+01	9.402517429700000662e+01	1.009532614019999954e+02	3.540740715399999772e+01	6.418894569999999966e-01
9.734066623399999685e+01	1.255105695259999976e+02	5.999611344200000218e+01	9.734066623399999685e+01	1.014753797529999986e+02	3.753593261900000044e+01	6.163519910000000435e-01
1.007730682090000016e+02	1.261351341689999970e+02	5.968281903900000174e+01	1.007730682090000016e+02	1.033291979990000016e+02	3.798671729899999860e+01	5.922496959999999921e-01
1.043265026760000040e+02	1.267138675970000037e+02	5.941582627999999744e+01	1.043265026760000040e+02	1.047817371710000032e+02	3.579857997199999886e+01	5.695180490000000262e-01
1.080052374520000029e+02	1.272482127269999950e+02	5.919696295199999980e+01	1.080052374520000029e+02	1.044278666029999982e+02	3.396426454000000206e+01	5.480934480000000386e-01
1.118136908430000034e+02	1.277395470050000057e+02	5.902795418299999852e+01	1.118136908430000034e+02	1.029309201190000067e+02	3.360973063299999808e+01	5.279134760000000481e-01
1.157564369549999981e+02	1.281891744179999932e+02	5.891043322000000160e+01	1.157564369549999981e+02	1.011878716629999957e+02	3.309405521200000067e+01	5.089171260000000530e-01
1.198382111850000058e+02	1.285983172189999948e+02	5.884595279100000198e+01	1.198382111850000058e+02	1.000206495999999987e+02	3.484967798000000272e+01	4.910449860000000166e-01
1.240639159060000054e+02	1.289681090859999983e+02	5.883599546500000343e+01	1.240639159060000054e+02	9.931322384400000658e+01	3.636254122599999761e+01	4.742393870000000122e-01
1.284386263590000112e+02	1.292995889370000100e+02	5.888198406299999732e+01	1.284386263590000112e+02	9.990438753899999824e+01	3.785508048599999853e+01	4.584445169999999958e-01
1.329675967469999875e+02	1.295936952950000034e+02	5.898529219899999987e+01	1.329675967469999875e+02	9.965679534900000647e+01	3.945485817000000139e+01	4.436065149999999790e-01
1.376562665440000046e+02	1.298512613329999965e+02	5.914725361600000042e+01	1.376562665440000046e+02	1.012246224579999989e+02	4.048012700000000308e+01	4.296735269999999995e-01
1.425102670299999943e+02	1.300730099220000113e+02	5.936917174999999958e+01	1.425102670299999943e+02	1.023783495410000057e+02	4.124567137100000025e+01	4.165957510000000141e-01
1.475354280560000007e+02	1.302595496440000034e+02	5.965232891499999823e+01	1.475354280560000007e+02	1.024020676319999978e+02	4.112556914999999691e+01	4.043254539999999730e-01
1.527377850389999878e+02	1.304113703209999926e+02	5.999799470899999676e+01	1.527377850389999878e+02	1.037947053350000033e+02	4.255390486900000013e+01	3.928169750000000127e-01
1.581235862199999929e+02	1.305288390050000089e+02	6.040743432899999732e+01	1.581235862199999929e+02	1.047133325300000024e+02	4.237474494800000002e+01	3.820267159999999884e-01
