1.000000000000000021e-02	8.713999999999999917e-06	2.957270099999999985e-02	1.000000000000000021e-02	-7.451057699999999451e-02	8.225118400000000496e-02	2.957270133999999828e+00
1.035261699999999972e-02	9.338999999999999862e-06	3.061548600000000078e-02	1.035261699999999972e-02	-7.270256799999999520e-02	8.458000200000000135e-02	2.957270115000000033e+00
1.071766900000000085e-02	1.001000000000000072e-05	3.169504199999999966e-02	1.071766900000000085e-02	-7.078328100000000345e-02	8.693114600000000081e-02	2.957270094000000071e+00
1.109559300000000082e-02	1.072799999999999961e-05	3.281266399999999833e-02	1.109559300000000082e-02	-6.874744300000000530e-02	8.929940499999999837e-02	2.957270072000000027e+00
1.148684300000000005e-02	1.149800000000000071e-05	3.396969500000000114e-02	1.148684300000000005e-02	-6.658979299999999435e-02	9.167883400000000071e-02	2.957270047999999818e+00
1.189188899999999924e-02	1.232300000000000043e-05	3.516752599999999757e-02	1.189188899999999924e-02	-6.430514199999999569e-02	9.406269500000000172e-02	2.957270021999999887e+00
1.231121699999999930e-02	1.320799999999999958e-05	3.640759400000000146e-02	1.231121699999999930e-02	-6.188843699999999753e-02	9.644338700000000542e-02	2.957269994999999874e+00
1.274533299999999932e-02	1.415599999999999965e-05	3.769138899999999875e-02	1.274533299999999932e-02	-5.933484499999999717e-02	9.881237599999999344e-02	2.957269965000000056e+00
1.319475500000000072e-02	1.517099999999999925e-05	3.902045299999999661e-02	1.319475500000000072e-02	-5.663984300000000222e-02	1.011601349999999983e-01	2.957269934000000156e+00
1.366002499999999925e-02	1.626000000000000017e-05	4.039638200000000151e-02	1.366002499999999925e-02	-5.379933600000000316e-02	1.034760650000000060e-01	2.957269900000000007e+00
1.414170200000000079e-02	1.742700000000000103e-05	4.182082799999999739e-02	1.414170200000000079e-02	-5.080977899999999936e-02	1.057484429999999975e-01	2.957269863000000054e+00
1.464036299999999999e-02	1.867799999999999972e-05	4.329550299999999907e-02	1.464036299999999999e-02	-4.766833399999999971e-02	1.079643549999999980e-01	2.957269825000000019e+00
1.515660800000000023e-02	2.001800000000000045e-05	4.482217799999999724e-02	1.515660800000000023e-02	-4.437304100000000195e-02	1.101096460000000055e-01	2.957269783000000096e+00
1.569105599999999837e-02	2.145500000000000041e-05	4.640268499999999907e-02	1.569105599999999837e-02	-4.092301500000000009e-02	1.121688829999999970e-01	2.957269737999999926e+00
1.624435000000000115e-02	2.299499999999999922e-05	4.803892399999999674e-02	1.624435000000000115e-02	-3.731866999999999823e-02	1.141253299999999971e-01	2.957269689999999951e+00
1.681715400000000082e-02	2.464499999999999867e-05	4.973285999999999679e-02	1.681715400000000082e-02	-3.356197699999999978e-02	1.159609449999999958e-01	2.957269639000000172e+00
1.741015699999999902e-02	2.641400000000000155e-05	5.148652599999999774e-02	1.741015699999999902e-02	-2.965674199999999983e-02	1.176564090000000035e-01	2.957269584000000062e+00
1.802406900000000020e-02	2.830899999999999950e-05	5.330203000000000024e-02	1.802406900000000020e-02	-2.560892400000000166e-02	1.191911799999999938e-01	2.957269525000000066e+00
1.865962900000000049e-02	3.034099999999999970e-05	5.518155200000000177e-02	1.865962900000000049e-02	-2.142697600000000036e-02	1.205436039999999986e-01	2.957269462000000182e+00
1.931760000000000074e-02	3.251800000000000274e-05	5.712734800000000140e-02	1.931760000000000074e-02	-1.712221800000000155e-02	1.216910729999999968e-01	2.957269393999999885e+00
1.999877300000000094e-02	3.485199999999999767e-05	5.914175700000000313e-02	1.999877300000000094e-02	-1.270923499999999928e-02	1.226102480000000050e-01	2.957269321000000062e+00
2.070396399999999831e-02	3.735299999999999965e-05	6.122719699999999710e-02	2.070396399999999831e-02	-8.206292000000000447e-03	1.232773640000000004e-01	2.957269243999999908e+00
2.143402200000000049e-02	4.003400000000000329e-05	6.338617300000000399e-02	2.143402200000000049e-02	-3.635757999999999785e-03	1.236686270000000032e-01	2.957269160000000063e+00
2.218982300000000088e-02	4.290700000000000102e-05	6.562127800000000510e-02	2.218982300000000088e-02	9.754670000000000441e-04	1.237607180000000057e-01	2.957269070999999805e+00
2.297227500000000033e-02	4.598699999999999864e-05	6.793519700000000272e-02	2.297227500000000033e-02	5.595557999999999609e-03	1.235314200000000029e-01	2.957268974999999855e+00
2.378231800000000021e-02	4.928699999999999753e-05	7.033070900000000514e-02	2.378231800000000021e-02	1.018740100000000044e-02	1.229603779999999952e-01	2.957268872000000215e+00
2.462092399999999889e-02	5.282400000000000111e-05	7.281068899999999788e-02	2.462092399999999889e-02	1.470831000000000048e-02	1.220300170000000045e-01	2.957268761999999995e+00
2.548910100000000012e-02	5.661499999999999920e-05	7.537811899999999343e-02	2.548910100000000012e-02	1.910985499999999851e-02	1.207266050000000007e-01	2.957268645000000085e+00
2.638789100000000012e-02	6.067799999999999740e-05	7.803607899999999431e-02	2.638789100000000012e-02	2.333783899999999911e-02	1.190414820000000040e-01	2.957268517999999791e+00
2.731837399999999944e-02	6.503299999999999890e-05	8.078776399999999802e-02	2.731837399999999944e-02	2.733248599999999959e-02	1.169724469999999933e-01	2.957268383000000167e+00
2.828166799999999939e-02	6.970000000000000013e-05	8.363647800000000021e-02	2.828166799999999939e-02	3.102888399999999963e-02	1.145252689999999990e-01	2.957268238000000160e+00
2.927892899999999868e-02	7.470200000000000408e-05	8.658564200000000433e-02	2.927892899999999868e-02	3.435776499999999845e-02	1.117153099999999982e-01	2.957268082000000131e+00
3.031135500000000163e-02	8.006299999999999561e-05	8.963879800000000564e-02	3.031135500000000163e-02	3.724667400000000045e-02	1.085691980000000056e-01	2.957267915000000080e+00
3.138018599999999741e-02	8.580900000000000463e-05	9.279961300000000302e-02	3.138018599999999741e-02	3.962158999999999820e-02	1.051264680000000007e-01	2.957267737000000007e+00
3.248670699999999661e-02	9.196699999999999548e-05	9.607188299999999681e-02	3.248670699999999661e-02	4.140906500000000184e-02	1.014410919999999966e-01	2.957267545000000109e+00
3.363224499999999811e-02	9.856799999999999546e-05	9.945953899999999959e-02	3.363224499999999811e-02	4.253890899999999975e-02	9.758274699999999746e-02	2.957267340000000022e+00
3.481817599999999929e-02	1.056420000000000026e-04	1.029666479999999940e-01	3.481817599999999929e-02	4.294744400000000129e-02	9.363768499999999828e-02	2.957267120000000027e+00
3.604592599999999897e-02	1.132229999999999966e-04	1.065974229999999967e-01	3.604592599999999897e-02	4.258129900000000301e-02	8.970902399999999832e-02	2.957266884000000040e+00
3.731696799999999897e-02	1.213490000000000066e-04	1.103562250000000022e-01	3.731696799999999897e-02	4.140168600000000004e-02	8.591627400000000081e-02	2.957266630999999979e+00
3.863282999999999995e-02	1.300580000000000074e-04	1.142475679999999938e-01	3.863282999999999995e-02	3.938902899999999901e-02	8.239388999999999741e-02	2.957266360000000205e+00
3.999509100000000344e-02	1.393909999999999941e-04	1.182761249999999958e-01	3.999509100000000344e-02	3.654778399999999983e-02	7.928867900000000080e-02	2.957266070000000191e+00
4.140538800000000130e-02	1.493950000000000020e-04	1.224467350000000010e-01	4.140538800000000130e-02	3.291118500000000252e-02	7.675589500000000454e-02	2.957265759000000216e+00
4.286541399999999752e-02	1.601170000000000121e-04	1.267644069999999956e-01	4.286541399999999752e-02	2.854563900000000112e-02	7.495390000000000386e-02	2.957265425000000114e+00
4.437692299999999868e-02	1.716079999999999873e-04	1.312343260000000122e-01	4.437692299999999868e-02	2.355441299999999974e-02	7.403733099999999789e-02	2.957265067999999886e+00
4.594173099999999954e-02	1.839230000000000075e-04	1.358618600000000010e-01	4.594173099999999954e-02	1.808024000000000089e-02	7.414878099999999694e-02	2.957264685000000171e+00
4.756171700000000335e-02	1.971230000000000031e-04	1.406525670000000061e-01	4.756171700000000335e-02	1.230643000000000015e-02	7.540905900000000051e-02	2.957264273999999915e+00
4.923882599999999943e-02	2.112700000000000016e-04	1.456121999999999972e-01	4.923882599999999943e-02	6.456083999999999955e-03	7.790618300000000385e-02	2.957263833999999925e+00
5.097507300000000269e-02	2.264319999999999896e-04	1.507467170000000023e-01	5.097507300000000269e-02	7.889670000000000103e-04	8.168328499999999437e-02	2.957263363000000034e+00
5.277254399999999762e-02	2.426820000000000051e-04	1.560622829999999961e-01	5.277254399999999762e-02	-4.404401999999999970e-03	8.672568699999999575e-02	2.957262856999999912e+00
5.463339600000000074e-02	2.600990000000000181e-04	1.615652820000000045e-01	5.463339600000000074e-02	-8.811997000000000232e-03	9.294742400000000071e-02	2.957262316000000002e+00
5.655986500000000083e-02	2.787649999999999915e-04	1.672623229999999905e-01	5.655986500000000083e-02	-1.211352499999999999e-02	1.001776159999999971e-01	2.957261734999999891e+00
5.855426400000000170e-02	2.987709999999999758e-04	1.731602489999999883e-01	5.855426400000000170e-02	-1.399853199999999930e-02	1.081472349999999943e-01	2.957261112999999941e+00
6.061898999999999760e-02	3.202130000000000189e-04	1.792661409999999900e-01	6.061898999999999760e-02	-1.419055299999999985e-02	1.164771879999999954e-01	2.957260445999999821e+00
6.275652099999999567e-02	3.431940000000000077e-04	1.855873339999999927e-01	6.275652099999999567e-02	-1.247872799999999970e-02	1.246692779999999945e-01	2.957259731000000169e+00
6.496942599999999679e-02	3.678229999999999781e-04	1.921314179999999983e-01	6.496942599999999679e-02	-8.758507000000000445e-03	1.321027029999999880e-01	2.957258964999999851e+00
6.726036200000000409e-02	3.942209999999999920e-04	1.989062520000000056e-01	6.726036200000000409e-02	-3.082769999999999868e-03	1.380403659999999977e-01	2.957258143999999866e+00
6.963207899999999950e-02	4.225130000000000118e-04	2.059199730000000061e-01	6.963207899999999950e-02	4.276438999999999935e-03	1.416515640000000076e-01	2.957257263999999886e+00
7.208742799999999507e-02	4.528350000000000105e-04	2.131810030000000078e-01	7.208742799999999507e-02	1.275824700000000034e-02	1.420601079999999905e-01	2.957256321000000021e+00
7.462935699999999339e-02	4.853330000000000101e-04	2.206980620000000004e-01	7.462935699999999339e-02	2.144331999999999835e-02	1.384289629999999882e-01	2.957255309999999859e+00
7.726091799999999787e-02	5.201640000000000430e-04	2.284801770000000065e-01	7.726091799999999787e-02	2.900083100000000122e-02	1.300918759999999952e-01	2.957254226999999958e+00
7.998527299999999562e-02	5.574939999999999583e-04	2.365366949999999913e-01	7.998527299999999562e-02	3.367949499999999680e-02	1.167362509999999992e-01	2.957253065999999819e+00
8.280569399999999913e-02	5.975040000000000039e-04	2.448772889999999980e-01	8.280569399999999913e-02	3.338004800000000244e-02	9.862571800000000111e-02	2.957251820999999836e+00
8.572556700000000252e-02	6.403840000000000270e-04	2.535119760000000277e-01	8.572556700000000252e-02	2.584710499999999869e-02	7.682411999999999574e-02	2.957250488000000122e+00
8.874840100000000453e-02	6.863420000000000501e-04	2.624511239999999801e-01	8.874840100000000453e-02	8.998416000000000400e-03	5.335051100000000324e-02	2.957249057999999931e+00
9.187782399999999683e-02	7.355989999999999751e-04	2.717054689999999773e-01	9.187782399999999683e-02	-1.863831300000000010e-02	3.117494399999999957e-02	2.957247526000000182e+00
9.511759699999999818e-02	7.883900000000000326e-04	2.812861220000000273e-01	9.511759699999999818e-02	-5.747676499999999911e-02	1.398308900000000063e-02	2.957245884000000213e+00
9.847161000000000108e-02	8.449700000000000093e-04	2.912045890000000137e-01	9.847161000000000108e-02	-1.065561559999999991e-01	5.709220000000000093e-03	2.957244123999999807e+00
1.019438909999999948e-01	9.056100000000000521e-04	3.014727790000000240e-01	1.019438909999999948e-01	-1.634887959999999918e-01	9.940604999999999927e-03	2.957242238000000079e+00
1.055386100000000049e-01	9.706019999999999882e-04	3.121030229999999794e-01	1.055386100000000049e-01	-2.247087829999999953e-01	2.937123000000000164e-02	2.957240216999999838e+00
1.092600860000000063e-01	1.040258000000000068e-03	3.231080840000000176e-01	1.092600860000000063e-01	-2.859309480000000181e-01	6.547075099999999370e-02	2.957238049999999951e+00
1.131127880000000058e-01	1.114912999999999928e-03	3.345011769999999829e-01	1.131127880000000058e-01	-3.426435019999999887e-01	1.184339100000000033e-01	2.957235728000000119e+00
1.171013419999999972e-01	1.194926000000000018e-03	3.462959820000000022e-01	1.171013419999999972e-01	-3.904639759999999904e-01	1.873477110000000001e-01	2.957233239999999874e+00
1.212305399999999977e-01	1.280681000000000094e-03	3.585066599999999770e-01	1.212305399999999977e-01	-4.252684669999999834e-01	2.704279520000000270e-01	2.957230571999999835e+00
1.255053409999999925e-01	1.372589999999999921e-03	3.711478719999999898e-01	1.255053409999999925e-01	-4.431039749999999833e-01	3.651555459999999975e-01	2.957227714000000063e+00
1.299308779999999997e-01	1.471094999999999955e-03	3.842347959999999896e-01	1.299308779999999997e-01	-4.399770290000000195e-01	4.681595880000000154e-01	2.957224650000000121e+00
1.345124679999999961e-01	1.576668999999999944e-03	3.977831450000000046e-01	1.345124679999999961e-01	-4.116941210000000240e-01	5.747128089999999911e-01	2.957221366000000184e+00
1.392556130000000003e-01	1.689820000000000081e-03	4.118091839999999948e-01	1.392556130000000003e-01	-3.540741960000000077e-01	6.777348319999999537e-01	2.957217846999999900e+00
1.441660090000000116e-01	1.811090000000000009e-03	4.263297509999999790e-01	1.441660090000000116e-01	-2.641372339999999985e-01	7.663631950000000526e-01	2.957214074999999998e+00
1.492495550000000060e-01	1.941063999999999940e-03	4.413622799999999957e-01	1.492495550000000060e-01	-1.432287540000000137e-01	8.247975069999999853e-01	2.957210031999999877e+00
1.545123549999999901e-01	2.080364999999999819e-03	4.569248160000000114e-01	1.545123549999999901e-01	-2.730377999999999885e-03	8.337385080000000448e-01	2.957205699999999826e+00
1.599607299999999954e-01	2.229662999999999784e-03	4.730360399999999910e-01	1.599607299999999954e-01	1.300807029999999920e-01	7.786043980000000309e-01	2.957201056000000161e+00
1.656012249999999908e-01	2.389674000000000052e-03	4.897152929999999960e-01	1.656012249999999908e-01	2.152388229999999958e-01	6.654556929999999593e-01	2.957196079000000033e+00
1.714406139999999912e-01	2.561168999999999859e-03	5.069825959999999521e-01	1.714406139999999912e-01	2.213931540000000087e-01	5.312122280000000085e-01	2.957190745000000121e+00
1.774859089999999973e-01	2.744969999999999789e-03	5.248586729999999978e-01	1.774859089999999973e-01	1.511841419999999936e-01	4.278097559999999855e-01	2.957185028000000049e+00
1.837443719999999892e-01	2.941961999999999789e-03	5.433649820000000519e-01	1.837443719999999892e-01	4.023116999999999666e-02	3.901214530000000069e-01	2.957178900999999804e+00
1.902235200000000070e-01	3.153089999999999886e-03	5.625237309999999713e-01	1.902235200000000070e-01	-6.803778200000000498e-02	4.220288799999999951e-01	2.957172335000000096e+00
1.969311340000000077e-01	3.379369000000000123e-03	5.823579150000000038e-01	1.969311340000000077e-01	-1.414581490000000052e-01	5.061080719999999644e-01	2.957165296999999970e+00
2.038752699999999973e-01	3.621885999999999942e-03	6.028913339999999454e-01	2.038752699999999973e-01	-1.619215910000000036e-01	6.160432319999999962e-01	2.957157753999999805e+00
2.110642679999999993e-01	3.881805999999999798e-03	6.241486299999999821e-01	2.110642679999999993e-01	-1.232721749999999977e-01	7.204117249999999473e-01	2.957149669000000092e+00
2.185067629999999927e-01	4.160378999999999640e-03	6.461553079999999838e-01	2.185067629999999927e-01	-3.602088700000000143e-02	7.825784030000000335e-01	2.957141004999999989e+00
2.262116929999999915e-01	4.458941000000000120e-03	6.689377730000000133e-01	2.262116929999999915e-01	6.011598499999999679e-02	7.720126050000000184e-01	2.957131718999999936e+00
2.341883130000000091e-01	4.778929000000000336e-03	6.925233570000000061e-01	2.341883130000000091e-01	1.002986359999999966e-01	6.987794939999999455e-01	2.957121766000000207e+00
2.424462019999999995e-01	5.121877999999999848e-03	7.169403540000000019e-01	2.424462019999999995e-01	4.734585300000000024e-02	6.327453920000000176e-01	2.957111099000000021e+00
2.509952779999999883e-01	5.489436999999999789e-03	7.422180539999999604e-01	2.509952779999999883e-01	-6.123228900000000224e-02	6.494905770000000134e-01	2.957099667000000043e+00
2.598458100000000104e-01	5.883371000000000087e-03	7.683867760000000491e-01	2.598458100000000104e-01	-1.477021320000000137e-01	7.695245240000000431e-01	2.957087415000000163e+00
2.690084280000000216e-01	6.305571999999999740e-03	7.954779039999999579e-01	2.690084280000000216e-01	-1.421361670000000077e-01	9.649712169999999922e-01	2.957074282999999859e+00
2.784941349999999760e-01	6.758069999999999702e-03	8.235239250000000455e-01	2.784941349999999760e-01	1.593536699999999889e-02	1.173645722000000058e+00	2.957060209000000217e+00
2.883143249999999824e-01	7.243035999999999572e-03	8.525584689999999854e-01	2.883143249999999824e-01	3.654634199999999833e-01	1.260242352999999982e+00	2.957045125000000052e+00
2.984807919999999948e-01	7.762802000000000070e-03	8.826163449999999688e-01	2.984807919999999948e-01	7.731416100000000347e-01	9.997950610000000404e-01	2.957028959000000068e+00
3.090057460000000256e-01	8.319863000000000258e-03	9.137335850000000148e-01	3.090057460000000256e-01	8.155445569999999478e-01	4.389352510000000263e-01	2.957011631999999945e+00
3.199018279999999992e-01	8.916893999999999862e-03	9.459474879999999475e-01	3.199018279999999992e-01	4.325422219999999762e-01	8.198573800000000245e-02	2.956993063000000088e+00
3.311821260000000211e-01	9.556764000000000578e-03	9.792966579999999865e-01	3.311821260000000211e-01	1.751478000000000063e-02	6.777574299999999941e-02	2.956973161000000072e+00
3.428601860000000112e-01	1.024254500000000047e-02	1.013821056000000054e+00	3.428601860000000112e-01	-2.631768689999999800e-01	2.076242530000000086e-01	2.956951831000000031e+00
3.549500360000000243e-01	1.097753100000000044e-02	1.049562042999999889e+00	3.549500360000000243e-01	-4.440043120000000121e-01	3.732650980000000174e-01	2.956928970999999962e+00
3.674661940000000238e-01	1.176525200000000035e-02	1.086562432000000022e+00	3.674661940000000238e-01	-5.948208369999999912e-01	5.446279459999999739e-01	2.956904470000000007e+00
3.804236939999999789e-01	1.260948899999999977e-02	1.124866533000000057e+00	3.804236939999999789e-01	-7.374242549999999730e-01	7.706541829999999926e-01	2.956878211999999895e+00
3.938380980000000253e-01	1.351429699999999977e-02	1.164520207999999890e+00	3.938380980000000253e-01	-8.183710530000000150e-01	1.099221398000000072e+00	2.956850070000000219e+00
4.077255180000000090e-01	1.448402000000000023e-02	1.205570927999999986e+00	4.077255180000000090e-01	-7.166038740000000296e-01	1.532972835999999894e+00	2.956819907999999941e+00
4.221026319999999776e-01	1.552331499999999934e-02	1.248067821000000022e+00	4.221026319999999776e-01	-1.989484709999999879e-01	1.895795142999999960e+00	2.956787583000000108e+00
4.369867080000000015e-01	1.663716900000000026e-02	1.292061734000000017e+00	4.369867080000000015e-01	5.277324009999999621e-01	1.425144637999999908e+00	2.956752938999999802e+00
4.523956230000000245e-01	1.783093100000000125e-02	1.337605291000000030e+00	4.523956230000000245e-01	1.224944200000000066e-01	6.538595419999999603e-01	2.956715808999999862e+00
4.683478830000000204e-01	1.911032999999999829e-02	1.384752954000000091e+00	4.683478830000000204e-01	-5.544969229999999749e-01	7.390586160000000016e-01	2.956676015999999851e+00
4.848626480000000072e-01	2.048150699999999949e-02	1.433561083999999930e+00	4.848626480000000072e-01	-9.182661410000000357e-01	1.185591684000000035e+00	2.956633367999999873e+00
5.019597519999999813e-01	2.195104299999999994e-02	1.484088010000000013e+00	5.019597519999999813e-01	-9.942914219999999803e-01	1.772592230999999963e+00	2.956587660999999922e+00
5.196597299999999864e-01	2.352599000000000010e-02	1.536394091000000017e+00	5.196597299999999864e-01	-6.747700789999999671e-01	2.407526042999999838e+00	2.956538675000000005e+00
5.379838399999999909e-01	2.521390500000000173e-02	1.590541787000000040e+00	5.379838399999999909e-01	1.644245589999999979e-01	2.641680248000000120e+00	2.956486175999999855e+00
5.569540910000000400e-01	2.702288599999999943e-02	1.646595733000000061e+00	5.569540910000000400e-01	7.183377709999999583e-01	2.007940397000000043e+00	2.956429910999999855e+00
5.765932649999999660e-01	2.896161100000000169e-02	1.704622805999999935e+00	5.765932649999999660e-01	4.428053189999999750e-01	1.546221190000000023e+00	2.956369610999999953e+00
5.969249509999999814e-01	3.103937999999999836e-02	1.764692208999999901e+00	5.969249509999999814e-01	2.245540500000000050e-01	1.665931754000000042e+00	2.956304986000000135e+00
6.179735680000000286e-01	3.326615799999999706e-02	1.826875538999999993e+00	6.179735680000000286e-01	5.478854629999999615e-01	1.749160234999999952e+00	2.956235726000000064e+00
6.397643960000000130e-01	3.565262200000000187e-02	1.891246874999999994e+00	6.397643960000000130e-01	6.584360929999999446e-01	1.012211846000000026e+00	2.956161499999999887e+00
6.623236059999999537e-01	3.821021499999999876e-02	1.957882858000000059e+00	6.623236059999999537e-01	-1.406919709999999990e-01	7.189463759999999981e-01	2.956081950999999819e+00
6.856782940000000215e-01	4.095119800000000115e-02	2.026862771999999868e+00	6.856782940000000215e-01	-7.050652539999999746e-01	1.074858990000000070e+00	2.955996697999999867e+00
7.098565079999999972e-01	4.388870699999999903e-02	2.098268639000000046e+00	7.098565079999999972e-01	-8.913101500000000232e-01	1.569743075000000099e+00	2.955905333000000024e+00
7.348872889999999991e-01	4.703682000000000002e-02	2.172185300000000208e+00	7.348872889999999991e-01	-7.088642689999999913e-01	1.915326410000000035e+00	2.955807416999999937e+00
7.608006990000000247e-01	5.041061799999999732e-02	2.248700513999999817e+00	7.608006990000000247e-01	-6.208525740000000459e-01	1.731138712999999996e+00	2.955702480999999882e+00
7.876278610000000402e-01	5.402626299999999798e-02	2.327905048999999948e+00	7.876278610000000402e-01	-1.111410629999999955e+00	1.716779867999999931e+00	2.955590024000000149e+00
8.154009960000000445e-01	5.790106999999999893e-02	2.409892778000000124e+00	8.154009960000000445e-01	-1.585426071000000103e+00	2.192479645999999782e+00	2.955469504999999941e+00
8.441534600000000221e-01	6.205358899999999928e-02	2.494760780000000011e+00	8.441534600000000221e-01	-1.774787815999999907e+00	2.999544112000000151e+00	2.955340349000000089e+00
8.739197859999999762e-01	6.650369700000000051e-02	2.582609442999999949e+00	8.739197859999999762e-01	-1.368830108000000045e+00	3.895109499000000142e+00	2.955201937000000001e+00
9.047357240000000189e-01	7.127268700000000123e-02	2.673542564999999982e+00	9.047357240000000189e-01	-6.574524640000000142e-01	4.250686068000000262e+00	2.955053606999999971e+00
9.366382869999999583e-01	7.638337200000000493e-02	2.767667461999999912e+00	9.366382869999999583e-01	1.966536680000000037e-01	4.590980159999999977e+00	2.954894648999999873e+00
9.696657890000000002e-01	8.186019199999999829e-02	2.865095074000000075e+00	9.696657890000000002e-01	1.324006025000000086e+00	3.541195314999999955e+00	2.954724302999999885e+00
1.003857898999999998e+00	8.772932599999999637e-02	2.965940080000000201e+00	1.003857898999999998e+00	6.886142950000000429e-01	2.578007019000000177e+00	2.954541755000000158e+00
1.039255682999999930e+00	9.401882100000000242e-02	3.070321008000000074e+00	1.039255682999999930e+00	8.125445100000000531e-02	2.518850868999999992e+00	2.954346133000000041e+00
1.075901653999999930e+00	1.007587179999999971e-01	3.178360348000000002e+00	1.075901653999999930e+00	-3.035589390000000276e-01	2.551749581000000155e+00	2.954136500999999804e+00
1.113839825999999977e+00	1.079811960000000015e-01	3.290184673000000171e+00	1.113839825999999977e+00	-8.326169100000000434e-01	2.744052034000000084e+00	2.953911859999999834e+00
1.153115764999999904e+00	1.157207239999999970e-01	3.405924752000000222e+00	1.153115764999999904e+00	-1.151054373000000020e+00	3.182031696000000132e+00	2.953671137000000169e+00
1.193776641999999999e+00	1.240142159999999966e-01	3.525715672000000023e+00	1.193776641999999999e+00	-1.395545486000000057e+00	3.595416390000000018e+00	2.953413182999999886e+00
1.235871291999999899e+00	1.329012099999999919e-01	3.649696956000000103e+00	1.235871291999999899e+00	-1.656128618000000108e+00	4.066229865000000387e+00	2.953136769999999967e+00
1.279450272999999916e+00	1.424240489999999970e-01	3.778012688000000008e+00	1.279450272999999916e+00	-1.953623957000000022e+00	4.821333201999999929e+00	2.952840580999999798e+00
1.324565924999999922e+00	1.526280760000000014e-01	3.910811629999999983e+00	1.324565924999999922e+00	-2.061469196000000004e+00	6.065552017999999990e+00	2.952523203999999790e+00
1.371272433999999985e+00	1.635618460000000107e-01	4.048247347000000218e+00	1.371272433999999985e+00	-9.271692409999999773e-01	7.926012084999999985e+00	2.952183128999999795e+00
1.419625896000000109e+00	1.752773489999999990e-01	4.190478326000000031e+00	1.419625896000000109e+00	2.293188656999999964e+00	7.527079932000000362e+00	2.951818740999999857e+00
1.469684385999999954e+00	1.878302520000000031e-01	4.337668099000000055e+00	1.469684385999999954e+00	2.403849924999999832e+00	4.861631274999999697e+00	2.951428305999999946e+00
1.521508026000000013e+00	2.012801489999999915e-01	4.489985357000000121e+00	1.521508026000000013e+00	1.021362252999999942e+00	4.108148624000000027e+00	2.951009972000000037e+00
1.575159057000000029e+00	2.156908399999999948e-01	4.647604072000000031e+00	1.575159057000000029e+00	-1.026024809999999954e-01	4.331725813000000258e+00	2.950561754999999842e+00
1.630701917999999973e+00	2.311306170000000104e-01	4.810703606999999771e+00	1.630701917999999973e+00	-1.011805462999999961e+00	5.019983781999999728e+00	2.950081529000000202e+00
1.688203316999999926e+00	2.476725730000000070e-01	4.979468830000000068e+00	1.688203316999999926e+00	-1.823833335000000000e+00	6.304865558999999564e+00	2.949567022000000094e+00
1.747732314999999925e+00	2.653949400000000236e-01	5.154090212999999920e+00	1.747732314999999925e+00	-2.073934217000000135e+00	9.035902011999999317e+00	2.949015800000000187e+00
1.809360410999999891e+00	2.843814299999999906e-01	5.334763940000000204e+00	1.809360410999999891e+00	2.813675150999999985e+00	1.249006211200000038e+01	2.948425260000000048e+00
1.873161620000000083e+00	3.047216189999999991e-01	5.521691992000000049e+00	1.873161620000000083e+00	5.812045144999999913e+00	6.458824435999999558e+00	2.947792616000000088e+00
1.939212571999999968e+00	3.265113410000000105e-01	5.715082236999999843e+00	1.939212571999999968e+00	3.057044891999999958e+00	4.900783697999999688e+00	2.947114884999999962e+00
2.007592595999999840e+00	3.498531129999999933e-01	5.915148502000000086e+00	2.007592595999999840e+00	1.714700273000000053e+00	5.475621612000000304e+00	2.946388880999999849e+00
2.078383818999999910e+00	3.748565879999999906e-01	6.122110637999999661e+00	2.078383818999999910e+00	1.484754834000000079e+00	6.796335443000000254e+00	2.945611191999999878e+00
2.151671263999999972e+00	4.016390320000000069e-01	6.336194568999999888e+00	2.151671263999999972e+00	2.853671772999999856e+00	7.475019160999999634e+00	2.944778171999999916e+00
2.227542951999999854e+00	4.303258349999999899e-01	6.557632328999999594e+00	2.227542951999999854e+00	3.868726037000000062e+00	5.690662786999999945e+00	2.943885917999999879e+00
2.306090009000000052e+00	4.610510480000000189e-01	6.786662076999999904e+00	2.306090009000000052e+00	2.735751151000000103e+00	4.352211100999999971e+00	2.942930263000000046e+00
2.387406771999999844e+00	4.939579610000000010e-01	7.023528096999999804e+00	2.387406771999999844e+00	1.131752362000000067e+00	4.595664944000000141e+00	2.941906749999999793e+00
2.471590905999999865e+00	5.291997050000000202e-01	7.268480772000000201e+00	2.471590905999999865e+00	1.941887250000000065e-01	5.461190991999999689e+00	2.940810615000000183e+00
2.558743520000000160e+00	5.669398949999999715e-01	7.521776532999999709e+00	2.558743520000000160e+00	7.134769600000000211e-02	6.624267849999999846e+00	2.939636768000000178e+00
2.648969287999999978e+00	6.073533100000000351e-01	7.783677779999999657e+00	2.648969287999999978e+00	6.825228829999999691e-01	6.960487600000000441e+00	2.938379775000000027e+00
2.742376573000000040e+00	6.506266109999999658e-01	8.054452766000000707e+00	2.742376573000000040e+00	2.571202280000000062e-01	6.690225883000000096e+00	2.937033829000000207e+00
2.839077563000000026e+00	6.969590930000000295e-01	8.334375452999999823e+00	2.839077563000000026e+00	-8.082257409999999975e-01	7.425821471999999979e+00	2.935592730000000206e+00
2.939188398999999841e+00	7.465634880000000528e-01	8.623725314999999725e+00	2.939188398999999841e+00	-9.960122259999999450e-01	9.602394055999999622e+00	2.934049862000000175e+00
3.042829316999999811e+00	7.996667990000000392e-01	8.922787101999999138e+00	3.042829316999999811e+00	2.031703030000000076e+00	1.035668385900000033e+01	2.932398163999999863e+00
3.150124796000000060e+00	8.565111800000000386e-01	9.231850554999999403e+00	3.150124796000000060e+00	1.809764724999999963e+00	7.715066865999999912e+00	2.930630102999999931e+00
3.261203699999999817e+00	9.173548660000000465e-01	9.551210055000000310e+00	3.261203699999999817e+00	-3.418777610000000022e-01	7.631398879999999885e+00	2.928737647999999805e+00
3.376199440999999801e+00	9.824731300000000278e-01	9.881164215000000084e+00	3.376199440999999801e+00	-1.998003358000000063e+00	9.318658706000000791e+00	2.926712236000000189e+00
3.495250132999999870e+00	1.052159301999999963e+00	1.022201539799999992e+01	3.495250132999999870e+00	-1.878782782000000040e+00	1.199892579199999965e+01	2.924544742000000142e+00
3.618498760000000036e+00	1.126725812999999965e+00	1.057406916200000069e+01	3.618498760000000036e+00	-7.785029759999999577e-01	1.321805841199999954e+01	2.922225448999999919e+00
3.746093349000000128e+00	1.206505297000000088e+00	1.093763361100000076e+01	3.746093349000000128e+00	1.749689580000000078e-01	1.522057959099999991e+01	2.919744008999999973e+00
3.878187146000000141e+00	1.291851714000000095e+00	1.131301865900000081e+01	3.878187146000000141e+00	3.844102399000000059e+00	1.494092391500000083e+01	2.917089412000000159e+00
4.014938800999999557e+00	1.383141532000000007e+00	1.170053518900000000e+01	4.014938800999999557e+00	3.173885986999999798e+00	1.275612289000000033e+01	2.914249947000000063e+00
4.156512558000000190e+00	1.480774923000000021e+00	1.210049408999999976e+01	4.156512558000000190e+00	1.769505843999999994e+00	1.409657664200000049e+01	2.911213167000000102e+00
4.303078454000000441e+00	1.585177008000000054e+00	1.251320518400000026e+01	4.303078454000000441e+00	3.843719515000000087e+00	1.591363719499999974e+01	2.907965847999999909e+00
4.454812518999999860e+00	1.696799109999999944e+00	1.293897600600000075e+01	4.454812518999999860e+00	5.079112419000000322e+00	1.514357213399999935e+01	2.904493948999999908e+00
4.611896992000000139e+00	1.816120039000000075e+00	1.337811044100000046e+01	4.611896992000000139e+00	6.614948199999999723e+00	1.427674132299999954e+01	2.900782577000000195e+00
4.774520539000000063e+00	1.943647385000000005e+00	1.383090720599999912e+01	4.774520539000000063e+00	5.689386564000000313e+00	1.187816984600000048e+01	2.896815940999999839e+00
4.942878474999999661e+00	2.079918807999999952e+00	1.429765815100000026e+01	4.942878474999999661e+00	3.495559157000000194e+00	1.215707302600000084e+01	2.892577315000000038e+00
5.117173006999999885e+00	2.225503327999999836e+00	1.477864638299999989e+01	5.117173006999999885e+00	2.254832970999999908e+00	1.386705123399999984e+01	2.888048999000000006e+00
5.297613468999999853e+00	2.381002582999999895e+00	1.527414418599999912e+01	5.297613468999999853e+00	2.175899046000000059e+00	1.624367385800000108e+01	2.883212276000000074e+00
5.484416576000000099e+00	2.547052059999999951e+00	1.578441073299999964e+01	5.484416576000000099e+00	4.593259949000000120e+00	1.864428982800000156e+01	2.878047374999999963e+00
5.677806688000000435e+00	2.724322265000000076e+00	1.630968956699999950e+01	5.677806688000000435e+00	7.604781629999999737e+00	1.756067587800000140e+01	2.872533438000000050e+00
5.878016072000000314e+00	2.913519817000000067e+00	1.685020584700000157e+01	5.878016072000000314e+00	7.892357336999999973e+00	1.525107716299999971e+01	2.866648480999999915e+00
6.085285189999999567e+00	3.115388451999999919e+00	1.740616333799999893e+01	6.085285189999999567e+00	6.658813740000000259e+00	1.423715965000000061e+01	2.860369366000000024e+00
6.299862978000000169e+00	3.330709890000000062e+00	1.797774113699999887e+01	6.299862978000000169e+00	5.320146421999999653e+00	1.439720434900000079e+01	2.853671770000000052e+00
6.522007154999999834e+00	3.560304561000000145e+00	1.856509012800000136e+01	6.522007154999999834e+00	4.289562007999999871e+00	1.523894505800000054e+01	2.846530169000000221e+00
6.751984522999999960e+00	3.805032132000000011e+00	1.916832914700000146e+01	6.751984522999999960e+00	3.599893229000000083e+00	1.646880118199999998e+01	2.838917814999999845e+00
6.990071294999999907e+00	4.065791817000000030e+00	1.978754085399999951e+01	6.990071294999999907e+00	3.016025138999999911e+00	1.810873594199999914e+01	2.830806728000000216e+00
7.236553423000000151e+00	4.343522416999999969e+00	2.042276731899999831e+01	7.236553423000000151e+00	3.543673316000000018e+00	2.075320677099999855e+01	2.822167698999999974e+00
7.491726940999999584e+00	4.639202048999999661e+00	2.107400529999999961e+01	7.491726940999999584e+00	6.797042614999999621e+00	2.288183496099999914e+01	2.812970288999999902e+00
7.755898323000000261e+00	4.953847520000000060e+00	2.174120123699999851e+01	7.755898323000000261e+00	9.086904320000000368e+00	1.951259706400000127e+01	2.803182859000000082e+00
8.029384849999999574e+00	5.288513276999999846e+00	2.242424595800000020e+01	8.029384849999999574e+00	7.220660268999999687e+00	1.804924551199999883e+01	2.792772594000000108e+00
8.312514990000000381e+00	5.644289902999999775e+00	2.312296911600000016e+01	8.312514990000000381e+00	4.910798867999999651e+00	1.949000822500000041e+01	2.781705554000000191e+00
8.605628792999999277e+00	6.022302064999999871e+00	2.383713338400000126e+01	8.605628792999999277e+00	4.312396691000000004e+00	2.109556203800000063e+01	2.769946736000000076e+00
8.909078300999999200e+00	6.423705883000000227e+00	2.456642842899999835e+01	8.909078300999999200e+00	4.125308069999999994e+00	2.317988943299999960e+01	2.757460154999999968e+00
9.223227968999999860e+00	6.849685629999999747e+00	2.531046471499999839e+01	9.223227968999999860e+00	5.807232901999999974e+00	2.655844198500000175e+01	2.744208947000000176e+00
9.548455103000000221e+00	7.301449715999999590e+00	2.606876717700000157e+01	9.548455103000000221e+00	6.571095467000000134e+00	2.685883977800000011e+01	2.730155496000000070e+00
9.885150314000000549e+00	7.780225874000000097e+00	2.684076883399999858e+01	9.885150314000000549e+00	7.048617927999999644e+00	2.855787174900000025e+01	2.715261577000000148e+00
1.023371798600000027e+01	8.287255491999999890e+00	2.762580441600000114e+01	1.023371798600000027e+01	9.333283803000000489e+00	3.072128563400000090e+01	2.699488538999999854e+00
1.059457676399999926e+01	8.823787029000000004e+00	2.842310408899999885e+01	1.059457676399999926e+01	1.336400776800000045e+01	3.131546631799999858e+01	2.682797503000000194e+00
1.096816005300000008e+01	9.391068453000000815e+00	2.923178739000000093e+01	1.096816005300000008e+01	1.631161904900000081e+01	2.891456347100000102e+01	2.665149600999999979e+00
1.135491654099999970e+01	9.990338667999999700e+00	3.005085748200000140e+01	1.135491654099999970e+01	1.585642230000000019e+01	2.659541130999999936e+01	2.646506239999999899e+00
1.175531073900000045e+01	1.062281787100000052e+01	3.087919587500000063e+01	1.175531073900000045e+01	1.443709476199999919e+01	2.644437154899999953e+01	2.626829401999999813e+00
1.216982353600000089e+01	1.128969684199999968e+01	3.171555774799999838e+01	1.216982353600000089e+01	1.399823871599999947e+01	2.770234883299999851e+01	2.606081973999999857e+00
1.259895277799999924e+01	1.199212513900000054e+01	3.255856804900000157e+01	1.259895277799999924e+01	1.504591300000000054e+01	2.902427634800000078e+01	2.584228120000000128e+00
1.304321386700000041e+01	1.273119823699999920e+01	3.340671854899999715e+01	1.304321386700000041e+01	1.700254010400000126e+01	2.885034589300000007e+01	2.561233672000000183e+00
1.350314037899999953e+01	1.350794363600000025e+01	3.425836602700000100e+01	1.350314037899999953e+01	1.752285762700000049e+01	2.677970596300000139e+01	2.537066568999999827e+00
1.397928470299999937e+01	1.432330601600000008e+01	3.511173180299999785e+01	1.397928470299999937e+01	1.532668181400000051e+01	2.542759137299999850e+01	2.511697310999999821e+00
1.447221870699999968e+01	1.517813154299999923e+01	3.596490279199999662e+01	1.447221870699999968e+01	1.248827300800000017e+01	2.671344973900000141e+01	2.485099453000000125e+00
1.498253442699999916e+01	1.607315146799999894e+01	3.681583430799999945e+01	1.498253442699999916e+01	1.084725766999999941e+01	3.010410915099999940e+01	2.457250106000000045e+00
1.551084477000000028e+01	1.700896518900000132e+01	3.766235478800000180e+01	1.551084477000000028e+01	1.169936308199999964e+01	3.354306442699999735e+01	2.428130469000000069e+00
1.605778425800000164e+01	1.798602300499999984e+01	3.850217262700000020e+01	1.605778425800000164e+01	1.343786071399999926e+01	3.690021534899999978e+01	2.397726362000000222e+00
1.662400978899999870e+01	1.900460880900000049e+01	3.933288527199999862e+01	1.662400978899999870e+01	1.651725906800000132e+01	3.903885519800000026e+01	2.366028759999999842e+00
1.721020142200000080e+01	2.006482302299999887e+01	4.015199071899999694e+01	1.721020142200000080e+01	1.871126503500000027e+01	3.766612893799999995e+01	2.333034329000000184e+00
1.781706319499999935e+01	2.116656611799999865e+01	4.095690147900000255e+01	1.781706319499999935e+01	1.808439098299999870e+01	4.011930643099999827e+01	2.298745928999999855e+00
1.844532397600000095e+01	2.230952307000000090e+01	4.174496107499999908e+01	1.844532397600000095e+01	2.252829100199999957e+01	4.442625553999999966e+01	2.263173102000000103e+00
1.909573832899999957e+01	2.349314916000000153e+01	4.251346304399999809e+01	1.909573832899999957e+01	3.042461466600000008e+01	4.075670221299999696e+01	2.226332510000000209e+00
1.976908742799999885e+01	2.471665752299999852e+01	4.325967236900000046e+01	1.976908742799999885e+01	3.016738610999999892e+01	3.429993983899999677e+01	2.188248321000000107e+00
2.046617999400000087e+01	2.597900886300000067e+01	4.398084918499999674e+01	2.046617999400000087e+01	2.493815203600000174e+01	3.123772606600000046e+01	2.148952524999999891e+00
2.118785326100000077e+01	2.727890374300000076e+01	4.467427454100000261e+01	2.118785326100000077e+01	1.998511365099999892e+01	3.355551859199999853e+01	2.108485176999999933e+00
2.193497398899999951e+01	2.861477784599999907e+01	4.533727791799999807e+01	2.193497398899999951e+01	1.785954161500000126e+01	3.950022457200000048e+01	2.066894537000000032e+00
2.270843949900000069e+01	2.998480055499999963e+01	4.596726610799999690e+01	2.270843949900000069e+01	2.059238460199999921e+01	4.625958655800000230e+01	2.024237117000000197e+00
2.350917875500000065e+01	3.138687715100000020e+01	4.656175301999999760e+01	2.350917875500000065e+01	2.701609425699999889e+01	4.912839576900000083e+01	1.980577607999999934e+00
2.433815347499999859e+01	3.281865487099999967e+01	4.711838987600000195e+01	2.433815347499999859e+01	3.232230805799999729e+01	4.764869527100000113e+01	1.935988690999999928e+00
2.519635929300000043e+01	3.427753296000000205e+01	4.763499524800000273e+01	2.519635929300000043e+01	3.515340741100000344e+01	4.445519786399999873e+01	1.890550721999999961e+00
2.608482694799999990e+01	3.576067678999999799e+01	4.810958430200000180e+01	2.608482694799999990e+01	3.433889254300000005e+01	4.093538337999999754e+01	1.844351292999999892e+00
2.700462352399999943e+01	3.726503597399999990e+01	4.854039662999999649e+01	2.700462352399999943e+01	3.068674553299999985e+01	4.109383276399999829e+01	1.797484663999999954e+00
2.795685373499999926e+01	3.878736632799999740e+01	4.892592203000000239e+01	2.795685373499999926e+01	2.913657889799999978e+01	4.621617195500000008e+01	1.750051078000000038e+00
2.894266124700000020e+01	4.032425539199999776e+01	4.926492363500000238e+01	2.894266124700000020e+01	3.425144018000000301e+01	5.091770763000000244e+01	1.702155969999999963e+00
2.996323005500000036e+01	4.187215113100000252e+01	4.955645779500000003e+01	2.996323005500000036e+01	3.912332025799999968e+01	4.924309427600000078e+01	1.653909064999999901e+00
3.101978590099999877e+01	4.342739332499999705e+01	4.979989024300000011e+01	3.101978590099999877e+01	3.962513772599999839e+01	4.786679741599999716e+01	1.605423403000000082e+00
3.211359775300000052e+01	4.498624706399999695e+01	4.999490810300000021e+01	3.211359775300000052e+01	4.300135499299999964e+01	4.829459897600000318e+01	1.556814297000000069e+00
3.324597932300000025e+01	4.654493770999999924e+01	5.014152743700000059e+01	3.324597932300000025e+01	4.343104407799999933e+01	4.497833566999999988e+01	1.508198238000000080e+00
3.441829064499999902e+01	4.809968661300000292e+01	5.024009613500000171e+01	3.441829064499999902e+01	4.154863183300000173e+01	4.465531794999999704e+01	1.459691786000000047e+00
3.563193971199999766e+01	4.964674687200000136e+01	5.029129207500000120e+01	3.563193971199999766e+01	4.164070632300000341e+01	4.582627484199999657e+01	1.411410449999999983e+00
3.688838416699999811e+01	5.118243838899999787e+01	5.029611660599999823e+01	3.688838416699999811e+01	4.095111522500000234e+01	4.758002513600000327e+01	1.363467599000000030e+00
3.818913304800000219e+01	5.270318153600000244e+01	5.025588354799999991e+01	3.818913304800000219e+01	4.290584547400000304e+01	5.023656828600000068e+01	1.315973408000000067e+00
3.953574860700000215e+01	5.420552876499999684e+01	5.017220398900000333e+01	3.953574860700000215e+01	4.500405930299999824e+01	5.120161548000000096e+01	1.269033867999999954e+00
4.092984818499999733e+01	5.568619357000000036e+01	5.004696731199999959e+01	4.092984818499999733e+01	4.663654115300000313e+01	5.179050757800000326e+01	1.222749888999999923e+00
4.237310614900000161e+01	5.714207631499999707e+01	4.988231891800000284e+01	4.237310614900000161e+01	4.781857734599999787e+01	5.249642959900000250e+01	1.177216481000000092e+00
4.386725590999999724e+01	5.857028651200000269e+01	4.968063523299999673e+01	4.386725590999999724e+01	4.973919531300000330e+01	5.430498981600000263e+01	1.132522065000000078e+00
4.541409200399999690e+01	5.996816126400000257e+01	4.944449658500000311e+01	4.541409200399999690e+01	5.338872066999999788e+01	5.577177458999999971e+01	1.088747883999999999e+00
4.701547224000000114e+01	6.133327970599999901e+01	4.917665859899999958e+01	4.701547224000000114e+01	5.765681960999999944e+01	5.510293193999999772e+01	1.045967555999999909e+00
4.867331994199999912e+01	6.266347335199999691e+01	4.888002274499999800e+01	4.867331994199999912e+01	6.025228371099999691e+01	5.246243529499999880e+01	1.004246736999999889e+00
5.038962625100000281e+01	6.395683242199999796e+01	4.855760663400000254e+01	5.038962625100000281e+01	6.057038966799999713e+01	5.016113253799999683e+01	9.636429210000000412e-01
5.216645251900000346e+01	6.521170825299999763e+01	4.821251467300000115e+01	5.216645251900000346e+01	5.996009719500000301e+01	4.958462189699999811e+01	9.242053529999999517e-01
5.400593278499999883e+01	6.642671204600000578e+01	4.784790957500000275e+01	5.400593278499999883e+01	6.008344652099999905e+01	5.038856460099999879e+01	8.859750610000000082e-01
5.591027634099999943e+01	6.760071021699999960e+01	4.746698520300000013e+01	5.591027634099999943e+01	6.145820311100000310e+01	5.112747999199999782e+01	8.489849860000000525e-01
5.788177037700000227e+01	6.873281671799999515e+01	4.707294112600000346e+01	5.788177037700000227e+01	6.249648789100000101e+01	5.086995489400000281e+01	8.132602169999999520e-01
5.992278273800000221e+01	6.982238269299999445e+01	4.666895921500000100e+01	5.992278273800000221e+01	6.276756762600000172e+01	5.146078268899999841e+01	7.788182909999999959e-01
6.203576476100000292e+01	7.086898389899999984e+01	4.625818249699999996e+01	6.203576476100000292e+01	6.409916999899999723e+01	5.373000243700000311e+01	7.456695770000000278e-01
6.422325422199999423e+01	7.187240628499999673e+01	4.584369643400000172e+01	6.422325422199999423e+01	6.763532337200000200e+01	5.539098715000000084e+01	7.138177129999999648e-01
6.648787838399999828e+01	7.283263015299999665e+01	4.542851272299999721e+01	6.648787838399999828e+01	7.133600571499999887e+01	5.394294349599999805e+01	6.832600739999999950e-01
6.883235715099999652e+01	7.374981329499999561e+01	4.501555562400000099e+01	6.883235715099999652e+01	7.406504529999999420e+01	5.113133323299999944e+01	6.539882909999999994e-01
7.125950633600000117e+01	7.462427345999999773e+01	4.460765079200000116e+01	7.125950633600000117e+01	7.393867680399999642e+01	5.006154573700000299e+01	6.259887710000000549e-01
7.377224104200000454e+01	7.545647051100000624e+01	4.420751653100000311e+01	7.377224104200000454e+01	7.364852487100000644e+01	4.853329846399999781e+01	5.992432370000000397e-01
7.637357916400000590e+01	7.624698855100000117e+01	4.381775734000000000e+01	7.637357916400000590e+01	7.346764412800000343e+01	5.028484550299999967e+01	5.737292640000000166e-01
7.906664501299999870e+01	7.699651828499999340e+01	4.344085960400000346e+01	7.906664501299999870e+01	7.745434249999999565e+01	5.034273715999999865e+01	5.494208029999999576e-01
8.185467307099999346e+01	7.770583984799999655e+01	4.307918925300000268e+01	8.185467307099999346e+01	7.901494051000000240e+01	4.760453086500000097e+01	5.262886970000000275e-01
8.474101186900000471e+01	7.837580625600000417e+01	4.273499119299999904e+01	8.474101186900000471e+01	7.806094348499999569e+01	4.548008905900000087e+01	5.043011670000000501e-01
8.772912801600000421e+01	7.900732764100000338e+01	4.241039031900000111e+01	8.772912801600000421e+01	7.579923428300000410e+01	4.649982672899999869e+01	4.834242770000000133e-01
9.082261035999999876e+01	7.960135636299999362e+01	4.210739390399999849e+01	9.082261035999999876e+01	7.705925539000000413e+01	4.953856783199999825e+01	4.636223700000000059e-01
9.402517429700000662e+01	8.015887307200000578e+01	4.182789517399999824e+01	9.402517429700000662e+01	8.155736530999999445e+01	5.045935348399999754e+01	4.448584700000000058e-01
9.734066623399999685e+01	8.068087375599999689e+01	4.157367787300000117e+01	9.734066623399999685e+01	8.356014184400000033e+01	4.639616947300000049e+01	4.270946509999999918e-01
1.007730682090000016e+02	8.116835779500000569e+01	4.134642164600000314e+01	1.007730682090000016e+02	8.213749479700000222e+01	4.380379407400000247e+01	4.102923769999999859e-01
1.043265026760000040e+02	8.162231701400000361e+01	4.114770807400000052e+01	1.043265026760000040e+02	8.044744008499999666e+01	4.601092619100000292e+01	3.944128000000000078e-01
1.080052374520000029e+02	8.204372570300000689e+01	4.097902720500000129e+01	1.080052374520000029e+02	8.187793856599999742e+01	4.722441261299999837e+01	3.794170370000000125e-01
1.118136908430000034e+02	8.243353155699999490e+01	4.084178445700000282e+01	1.118136908430000034e+02	8.441806043900000134e+01	4.599320513899999696e+01	3.652664010000000183e-01
1.157564369549999981e+02	8.279264750199999412e+01	4.073730776099999673e+01	1.157564369549999981e+02	8.348034809600000017e+01	4.499213843500000110e+01	3.519226129999999952e-01
1.198382111850000058e+02	8.312194432200000449e+01	4.066685484700000330e+01	1.198382111850000058e+02	8.280536095200000091e+01	4.601944287300000269e+01	3.393479799999999935e-01
1.240639159060000054e+02	8.342224402300000463e+01	4.063162058500000029e+01	1.240639159060000054e+02	8.428253257900000506e+01	4.669983368199999774e+01	3.275055470000000080e-01
1.284386263590000112e+02	8.369431387400000233e+01	4.063274429300000179e+01	1.284386263590000112e+02	8.544548112399999695e+01	4.691680207200000297e+01	3.163592250000000217e-01
1.329675967469999875e+02	8.393886102300000118e+01	4.067131696999999946e+01	1.329675967469999875e+02	8.598093669099999659e+01	4.727793079500000317e+01	3.058738970000000057e-01
1.376562665440000046e+02	8.415652762899999573e+01	4.074838838400000185e+01	1.376562665440000046e+02	8.810694911599999557e+01	4.671530287899999934e+01	2.960154990000000153e-01
1.425102670299999943e+02	8.434788643000000263e+01	4.086497398699999906e+01	1.425102670299999943e+02	8.838489196099999390e+01	4.547344093400000276e+01	2.867510870000000156e-01
1.475354280560000007e+02	8.451343665100000635e+01	4.102206162299999903e+01	1.475354280560000007e+02	8.759473595900000475e+01	4.447914341700000307e+01	2.780488870000000223e-01
1.527377850389999878e+02	8.465360020599999302e+01	4.122061800800000242e+01	1.527377850389999878e+02	8.692053672199999426e+01	4.557106601000000268e+01	2.698783280000000007e-01
1.581235862199999929e+02	8.476871808799999997e+01	4.146159497000000016e+01	1.581235862199999929e+02	8.726203866800000242e+01	4.650415567699999997e+01	2.622100600000000226e-01
