1.000000000000000021e-02	2.107246600000000150e-02	6.496211200000000241e-02	1.000000000000000021e-02	-6.070563999999999821e-02	3.410870199999999769e-02	6.496211180000000418e+00
1.035261699999999972e-02	2.107545300000000094e-02	6.725278699999999443e-02	1.035261699999999972e-02	-6.167117400000000221e-02	3.562715999999999800e-02	6.496210980999999940e+00
1.071766900000000085e-02	2.107865600000000117e-02	6.962423600000000601e-02	1.071766900000000085e-02	-6.269420700000000179e-02	3.723082600000000159e-02	6.496210768000000080e+00
1.109559300000000082e-02	2.108208799999999883e-02	7.207930499999999630e-02	1.109559300000000082e-02	-6.377725800000000334e-02	3.892565399999999703e-02	6.496210538999999784e+00
1.148684300000000005e-02	2.108576599999999884e-02	7.462094499999999409e-02	1.148684300000000005e-02	-6.492281699999999378e-02	4.071803599999999912e-02	6.496210295000000023e+00
1.189188899999999924e-02	2.108970900000000162e-02	7.725220700000000329e-02	1.189188899999999924e-02	-6.613332299999999386e-02	4.261483399999999727e-02	6.496210031999999579e+00
1.231121699999999930e-02	2.109393400000000168e-02	7.997625099999999820e-02	1.231121699999999930e-02	-6.741112900000000019e-02	4.462340499999999793e-02	6.496209751000000310e+00
1.274533299999999932e-02	2.109846300000000133e-02	8.279635000000000467e-02	1.274533299999999932e-02	-6.875847000000000209e-02	4.675162199999999962e-02	6.496209450000000274e+00
1.319475500000000072e-02	2.110331699999999991e-02	8.571588900000000344e-02	1.319475500000000072e-02	-7.017742500000000161e-02	4.900790299999999849e-02	6.496209127000000194e+00
1.366002499999999925e-02	2.110851899999999920e-02	8.873837699999999329e-02	1.366002499999999925e-02	-7.166986699999999821e-02	5.140122800000000020e-02	6.496208780999999988e+00
1.414170200000000079e-02	2.111409399999999992e-02	9.186744199999999361e-02	1.414170200000000079e-02	-7.323741999999999752e-02	5.394116200000000083e-02	6.496208410999999572e+00
1.464036299999999999e-02	2.112006900000000173e-02	9.510684199999999699e-02	1.464036299999999999e-02	-7.488139600000000284e-02	5.663786600000000199e-02	6.496208013000000392e+00
1.515660800000000023e-02	2.112647399999999925e-02	9.846046899999999491e-02	1.515660800000000023e-02	-7.660273800000000355e-02	5.950211300000000231e-02	6.496207587999999866e+00
1.569105599999999837e-02	2.113333800000000151e-02	1.019323500000000049e-01	1.569105599999999837e-02	-7.840194899999999856e-02	6.254528600000000549e-02	6.496207131000000246e+00
1.624435000000000115e-02	2.114069400000000154e-02	1.055266549999999970e-01	1.624435000000000115e-02	-8.027902200000000543e-02	6.577938299999999683e-02	6.496206642999999836e+00
1.681715400000000082e-02	2.114857900000000068e-02	1.092477010000000026e-01	1.681715400000000082e-02	-8.223336000000000534e-02	6.921699900000000127e-02	6.496206119000000001e+00
1.741015699999999902e-02	2.115702900000000081e-02	1.130999560000000015e-01	1.741015699999999902e-02	-8.426369200000000115e-02	7.287130799999999575e-02	6.496205556999999686e+00
1.802406900000000020e-02	2.116608500000000115e-02	1.170880470000000007e-01	1.802406900000000020e-02	-8.636798499999999434e-02	7.675602800000000392e-02	6.496204954999999615e+00
1.865962900000000049e-02	2.117579199999999884e-02	1.212167640000000046e-01	1.865962900000000049e-02	-8.854335700000000309e-02	8.088537199999999705e-02	6.496204310999999620e+00
1.931760000000000074e-02	2.118619500000000141e-02	1.254910650000000127e-01	1.931760000000000074e-02	-9.078598400000000013e-02	8.527398199999999817e-02	6.496203620000000178e+00
1.999877300000000094e-02	2.119734499999999938e-02	1.299160849999999867e-01	1.999877300000000094e-02	-9.309101300000000023e-02	8.993684999999999874e-02	6.496202879000000152e+00
2.070396399999999831e-02	2.120929499999999954e-02	1.344971369999999888e-01	2.070396399999999831e-02	-9.545247599999999444e-02	9.488921000000000161e-02	6.496202086000000264e+00
2.143402200000000049e-02	2.122210299999999911e-02	1.392397220000000102e-01	2.143402200000000049e-02	-9.786321500000000340e-02	1.001464150000000025e-01	6.496201236000000101e+00
2.218982300000000088e-02	2.123583000000000068e-02	1.441495379999999937e-01	2.218982300000000088e-02	-1.003148170000000006e-01	1.057237840000000012e-01	6.496200325000000220e+00
2.297227500000000033e-02	2.125054200000000074e-02	1.492324800000000007e-01	2.297227500000000033e-02	-1.027975740000000027e-01	1.116364329999999933e-01	6.496199349000000289e+00
2.378231800000000021e-02	2.126631000000000007e-02	1.544946530000000096e-01	2.378231800000000021e-02	-1.053004609999999980e-01	1.178990689999999952e-01	6.496198302999999896e+00
2.462092399999999889e-02	2.128320900000000085e-02	1.599423769999999967e-01	2.462092399999999889e-02	-1.078111489999999950e-01	1.245257659999999961e-01	6.496197182000000403e+00
2.548910100000000012e-02	2.130132100000000153e-02	1.655821939999999881e-01	2.548910100000000012e-02	-1.103160630000000059e-01	1.315297199999999889e-01	6.496195980999999620e+00
2.638789100000000012e-02	2.132073300000000143e-02	1.714208779999999988e-01	2.638789100000000012e-02	-1.128004930000000017e-01	1.389229800000000015e-01	6.496194693999999714e+00
2.731837399999999944e-02	2.134153800000000017e-02	1.774654400000000021e-01	2.731837399999999944e-02	-1.152487650000000030e-01	1.467161650000000095e-01	6.496193315000000190e+00
2.828166799999999939e-02	2.136383600000000063e-02	1.837231400000000070e-01	2.828166799999999939e-02	-1.176444930000000028e-01	1.549181870000000127e-01	6.496191837999999663e+00
2.927892899999999868e-02	2.138773399999999852e-02	1.902014919999999998e-01	2.927892899999999868e-02	-1.199709209999999943e-01	1.635359690000000032e-01	6.496190255000000136e+00
3.031135500000000163e-02	2.141334799999999872e-02	1.969082779999999921e-01	3.031135500000000163e-02	-1.222113660000000018e-01	1.725742040000000088e-01	6.496188560000000223e+00
3.138018599999999741e-02	2.144079999999999944e-02	2.038515509999999920e-01	3.138018599999999741e-02	-1.243497870000000033e-01	1.820351580000000025e-01	6.496186741999999903e+00
3.248670699999999661e-02	2.147022100000000114e-02	2.110396489999999958e-01	3.248670699999999661e-02	-1.263714730000000119e-01	1.919185559999999902e-01	6.496184795999999650e+00
3.363224499999999811e-02	2.150175400000000139e-02	2.184812060000000111e-01	3.363224499999999811e-02	-1.282638710000000015e-01	2.022215970000000029e-01	6.496182710000000249e+00
3.481817599999999929e-02	2.153555000000000053e-02	2.261851569999999978e-01	3.481817599999999929e-02	-1.300175590000000048e-01	2.129391270000000058e-01	6.496180475000000065e+00
3.604592599999999897e-02	2.157177199999999948e-02	2.341607549999999982e-01	3.604592599999999897e-02	-1.316273420000000083e-01	2.240640570000000109e-01	6.496178081000000049e+00
3.731696799999999897e-02	2.161059300000000086e-02	2.424175759999999957e-01	3.731696799999999897e-02	-1.330934649999999941e-01	2.355880740000000084e-01	6.496175516000000094e+00
3.863282999999999995e-02	2.165219900000000045e-02	2.509655370000000163e-01	3.863282999999999995e-02	-1.344228919999999883e-01	2.475027320000000031e-01	6.496172768000000097e+00
3.999509100000000344e-02	2.169679199999999947e-02	2.598149029999999859e-01	3.999509100000000344e-02	-1.356305989999999906e-01	2.598010190000000219e-01	6.496169822999999788e+00
4.140538800000000130e-02	2.174458500000000030e-02	2.689763000000000015e-01	4.140538800000000130e-02	-1.367407690000000120e-01	2.724794870000000202e-01	6.496166668999999949e+00
4.286541399999999752e-02	2.179580799999999985e-02	2.784607290000000179e-01	4.286541399999999752e-02	-1.377877550000000118e-01	2.855410369999999975e-01	6.496163289000000063e+00
4.437692299999999868e-02	2.185070700000000046e-02	2.882795810000000070e-01	4.437692299999999868e-02	-1.388166249999999990e-01	2.989984350000000068e-01	6.496159668999999859e+00
4.594173099999999954e-02	2.190954499999999902e-02	2.984446439999999812e-01	4.594173099999999954e-02	-1.398830269999999931e-01	3.128786089999999742e-01	6.496155790000000430e+00
4.756171700000000335e-02	2.197260599999999869e-02	3.089681260000000096e-01	4.756171700000000335e-02	-1.410520809999999958e-01	3.272277189999999725e-01	6.496151634000000286e+00
4.923882599999999943e-02	2.204019299999999959e-02	3.198626629999999915e-01	4.923882599999999943e-02	-1.423959140000000123e-01	3.421169050000000267e-01	6.496147181000000437e+00
5.097507300000000269e-02	2.211263000000000117e-02	3.311413360000000083e-01	5.097507300000000269e-02	-1.439894379999999974e-01	3.576485220000000242e-01	6.496142410000000034e+00
5.277254399999999762e-02	2.219026500000000068e-02	3.428176880000000093e-01	5.277254399999999762e-02	-1.459039319999999862e-01	3.739625140000000236e-01	6.496137298999999921e+00
5.463339600000000074e-02	2.227347199999999902e-02	3.549057400000000251e-01	5.463339600000000074e-02	-1.481980169999999875e-01	3.912423910000000227e-01	6.496131821999999723e+00
5.655986500000000083e-02	2.236265000000000128e-02	3.674200040000000222e-01	5.655986500000000083e-02	-1.509057040000000016e-01	4.097201109999999979e-01	6.496125955000000118e+00
5.855426400000000170e-02	2.245822800000000022e-02	3.803755079999999733e-01	5.855426400000000170e-02	-1.540213390000000071e-01	4.296789520000000029e-01	6.496119667000000319e+00
6.061898999999999760e-02	2.256066500000000058e-02	3.937878040000000190e-01	6.061898999999999760e-02	-1.574814969999999981e-01	4.514533210000000185e-01	6.496112929999999785e+00
6.275652099999999567e-02	2.267045399999999961e-02	4.076729969999999814e-01	6.275652099999999567e-02	-1.611441479999999871e-01	4.754243750000000102e-01	6.496105711000000227e+00
6.496942599999999679e-02	2.278812100000000146e-02	4.220477570000000234e-01	6.496942599999999679e-02	-1.647657349999999965e-01	5.020103019999999638e-01	6.496097975999999719e+00
6.726036200000000409e-02	2.291423299999999913e-02	4.369293410000000266e-01	6.726036200000000409e-02	-1.679770529999999873e-01	5.316502199999999512e-01	6.496089686000000363e+00
6.963207899999999950e-02	2.304939500000000030e-02	4.523356139999999970e-01	6.963207899999999950e-02	-1.702589549999999896e-01	5.647808029999999979e-01	6.496080801999999821e+00
7.208742799999999507e-02	2.319425699999999937e-02	4.682850720000000244e-01	7.208742799999999507e-02	-1.709189819999999971e-01	6.018047570000000235e-01	6.496071280999999864e+00
7.462935699999999339e-02	2.334951399999999830e-02	4.847968599999999961e-01	7.462935699999999339e-02	-1.690698619999999874e-01	6.430501699999999765e-01	6.496061078000000322e+00
7.726091799999999787e-02	2.351591399999999887e-02	5.018907999999999703e-01	7.726091799999999787e-02	-1.636107669999999903e-01	6.887191289999999855e-01	6.496050141999999639e+00
7.998527299999999562e-02	2.369425500000000087e-02	5.195874090000000001e-01	7.998527299999999562e-02	-1.532124649999999921e-01	7.388227790000000406e-01	6.496038420999999730e+00
8.280569399999999913e-02	2.388539500000000024e-02	5.379079289999999514e-01	8.280569399999999913e-02	-1.363086219999999904e-01	7.930979839999999781e-01	6.496025859000000402e+00
8.572556700000000252e-02	2.409025100000000003e-02	5.568743480000000190e-01	8.572556700000000252e-02	-1.110984680000000058e-01	8.508980170000000065e-01	6.496012395000000161e+00
8.874840100000000453e-02	2.430980799999999872e-02	5.765094299999999894e-01	8.874840100000000453e-02	-7.557218799999999848e-02	9.110468520000000181e-01	6.495997962999999764e+00
9.187782399999999683e-02	2.454512099999999961e-02	5.968367380000000333e-01	9.187782399999999683e-02	-2.758173300000000064e-02	9.716453329999999999e-01	6.495982494999999801e+00
9.511759699999999818e-02	2.479732000000000117e-02	6.178806669999999945e-01	9.511759699999999818e-02	3.500131799999999654e-02	1.029821810000000060e+00	6.495965915000000201e+00
9.847161000000000108e-02	2.506761799999999984e-02	6.396664699999999870e-01	9.847161000000000108e-02	1.139714849999999974e-01	1.081438477999999925e+00	6.495948144999999840e+00
1.019438909999999948e-01	2.535731199999999991e-02	6.622202849999999641e-01	1.019438909999999948e-01	2.102177269999999931e-01	1.120813915999999910e+00	6.495929098000000401e+00
1.055386100000000049e-01	2.566779400000000072e-02	6.855691750000000306e-01	1.055386100000000049e-01	3.227816059999999987e-01	1.140625395000000042e+00	6.495908684999999849e+00
1.092600860000000063e-01	2.600055700000000053e-02	7.097411519999999863e-01	1.092600860000000063e-01	4.475054459999999734e-01	1.132325478000000052e+00	6.495886805999999680e+00
1.131127880000000058e-01	2.635719799999999835e-02	7.347652129999999726e-01	1.131127880000000058e-01	5.755090729999999821e-01	1.087589836000000032e+00	6.495863357000000171e+00
1.171013419999999972e-01	2.673943200000000048e-02	7.606713750000000385e-01	1.171013419999999972e-01	6.923211240000000100e-01	1.001262864999999946e+00	6.495838226000000049e+00
1.212305399999999977e-01	2.714909299999999914e-02	7.874907119999999816e-01	1.212305399999999977e-01	7.791730829999999886e-01	8.755137160000000529e-01	6.495811293000000042e+00
1.255053409999999925e-01	2.758815100000000173e-02	8.152553879999999698e-01	1.255053409999999925e-01	8.177955510000000094e-01	7.232476079999999863e-01	6.495782429000000135e+00
1.299308779999999997e-01	2.805871399999999849e-02	8.439986980000000472e-01	1.299308779999999997e-01	7.978499890000000372e-01	5.674632819999999578e-01	6.495751494000000292e+00
1.345124679999999961e-01	2.856304299999999977e-02	8.737551070000000308e-01	1.345124679999999961e-01	7.228129250000000505e-01	4.348222780000000065e-01	6.495718340999999896e+00
1.392556130000000003e-01	2.910356000000000054e-02	9.045602910000000163e-01	1.392556130000000003e-01	6.097816099999999739e-01	3.463847780000000043e-01	6.495682808999999835e+00
1.441660090000000116e-01	2.968286200000000083e-02	9.364511770000000235e-01	1.441660090000000116e-01	4.832516949999999811e-01	3.112815150000000086e-01	6.495644729000000339e+00
1.492495550000000060e-01	3.030373000000000094e-02	9.694659909999999714e-01	1.492495550000000060e-01	3.675486929999999819e-01	3.261782140000000219e-01	6.495603916000000311e+00
1.545123549999999901e-01	3.096914799999999843e-02	1.003644296999999908e+00	1.545123549999999901e-01	2.821181329999999932e-01	3.784221660000000043e-01	6.495560173000000326e+00
1.599607299999999954e-01	3.168231099999999772e-02	1.039027048999999980e+00	1.599607299999999954e-01	2.400528419999999885e-01	4.490849599999999775e-01	6.495513292000000050e+00
1.656012249999999908e-01	3.244664399999999671e-02	1.075656637000000027e+00	1.656012249999999908e-01	2.473352229999999929e-01	5.138663129999999635e-01	6.495463045000000157e+00
1.714406139999999912e-01	3.326581700000000308e-02	1.113576936999999933e+00	1.714406139999999912e-01	2.994120319999999946e-01	5.427565009999999468e-01	6.495409192000000331e+00
1.774859089999999973e-01	3.414376300000000058e-02	1.152833361999999973e+00	1.774859089999999973e-01	3.728438960000000080e-01	5.032575369999999770e-01	6.495351474999999652e+00
1.837443719999999892e-01	3.508470000000000338e-02	1.193472915000000079e+00	1.837443719999999892e-01	4.165307329999999864e-01	3.761781820000000276e-01	6.495289617000000071e+00
1.902235200000000070e-01	3.609314300000000114e-02	1.235544243999999958e+00	1.902235200000000070e-01	3.625407600000000174e-01	1.856932629999999973e-01	6.495223322000000188e+00
1.969311340000000077e-01	3.717393599999999770e-02	1.279097700999999976e+00	1.969311340000000077e-01	1.739701110000000106e-01	1.067443400000000001e-02	6.495152272000000337e+00
2.038752699999999973e-01	3.833226800000000267e-02	1.324185396999999931e+00	2.038752699999999973e-01	-1.136958170000000046e-01	-6.389247000000000676e-02	6.495076125999999839e+00
2.110642679999999993e-01	3.957369799999999743e-02	1.370861263000000108e+00	2.110642679999999993e-01	-4.219298419999999994e-01	-8.221996999999999986e-03	6.494994517000000300e+00
2.185067629999999927e-01	4.090418700000000157e-02	1.419181114999999993e+00	2.185067629999999927e-01	-6.881821179999999538e-01	1.535884230000000017e-01	6.494907053999999569e+00
2.262116929999999915e-01	4.233011999999999886e-02	1.469202716000000075e+00	2.262116929999999915e-01	-8.846573439999999566e-01	3.815416919999999878e-01	6.494813315000000031e+00
2.341883130000000091e-01	4.385834100000000207e-02	1.520985843999999920e+00	2.341883130000000091e-01	-1.004784574000000097e+00	6.418860029999999828e-01	6.494712851000000065e+00
2.424462019999999995e-01	4.549618400000000201e-02	1.574592358000000081e+00	2.424462019999999995e-01	-1.049114941000000023e+00	9.076307519999999851e-01	6.494605179999999756e+00
2.509952779999999883e-01	4.725150699999999815e-02	1.630086272000000003e+00	2.509952779999999883e-01	-1.023017464000000043e+00	1.151191674999999970e+00	6.494489785999999931e+00
2.598458100000000104e-01	4.913273399999999735e-02	1.687533826999999986e+00	2.598458100000000104e-01	-9.466195929999999814e-01	1.343152115000000091e+00	6.494366117000000216e+00
2.690084280000000216e-01	5.114888800000000346e-02	1.747003564999999981e+00	2.690084280000000216e-01	-8.633306739999999646e-01	1.471719935000000090e+00	6.494233578000000229e+00
2.784941349999999760e-01	5.330964299999999684e-02	1.808566404000000016e+00	2.784941349999999760e-01	-8.132945679999999955e-01	1.570937556000000068e+00	6.494091533999999832e+00
2.883143249999999824e-01	5.562535999999999869e-02	1.872295725999999938e+00	2.883143249999999824e-01	-7.789897350000000165e-01	1.700109754000000084e+00	6.493939303000000329e+00
2.984807919999999948e-01	5.810714599999999841e-02	1.938267447000000088e+00	2.984807919999999948e-01	-6.764339369999999851e-01	1.871541300999999935e+00	6.493776152999999773e+00
3.090057460000000256e-01	6.076689999999999869e-02	2.006560115000000089e+00	3.090057460000000256e-01	-4.117423599999999739e-01	1.978772361000000091e+00	6.493601303000000158e+00
3.199018279999999992e-01	6.361737300000000483e-02	2.077254985000000165e+00	3.199018279999999992e-01	-6.503566700000000533e-02	1.763477661999999890e+00	6.493413915999999730e+00
3.311821260000000211e-01	6.667222700000000057e-02	2.150436116999999925e+00	3.311821260000000211e-01	-1.098594769999999970e-01	1.212564882999999982e+00	6.493213093999999685e+00
3.428601860000000112e-01	6.994610399999999506e-02	2.226190461999999926e+00	3.428601860000000112e-01	-6.572019249999999646e-01	9.221606519999999696e-01	6.492997875000000363e+00
3.549500360000000243e-01	7.345469100000000251e-02	2.304607958000000067e+00	3.549500360000000243e-01	-1.224108592999999967e+00	1.074939059000000086e+00	6.492767225999999781e+00
3.674661940000000238e-01	7.721479400000000326e-02	2.385781629999999875e+00	3.674661940000000238e-01	-1.591055724999999921e+00	1.462335597000000043e+00	6.492520040999999686e+00
3.804236939999999789e-01	8.124442099999999722e-02	2.469807682999999976e+00	3.804236939999999789e-01	-1.698431229000000098e+00	1.937743068999999929e+00	6.492255137999999981e+00
3.938380980000000253e-01	8.556286800000000026e-02	2.556785611000000014e+00	3.938380980000000253e-01	-1.457670350999999975e+00	2.255858542999999994e+00	6.491971248999999666e+00
4.077255180000000090e-01	9.019080599999999837e-02	2.646818296000000181e+00	4.077255180000000090e-01	-1.271884910000000035e+00	1.961177651000000077e+00	6.491667016000000068e+00
4.221026319999999776e-01	9.515038400000000451e-02	2.740012113000000138e+00	4.221026319999999776e-01	-1.813338496999999938e+00	1.643940377999999924e+00	6.491340980000000371e+00
4.369867080000000015e-01	1.004653269999999932e-01	2.836477046000000168e+00	4.369867080000000015e-01	-2.554630378999999785e+00	1.805842571999999979e+00	6.490991582000000371e+00
4.523956230000000245e-01	1.061610560000000036e-01	2.936326792000000019e+00	4.523956230000000245e-01	-3.273545035999999797e+00	2.223550923999999984e+00	6.490617151999999557e+00
4.683478830000000204e-01	1.122648009999999974e-01	3.039678879999999861e+00	4.683478830000000204e-01	-4.097278085000000125e+00	2.852048670999999924e+00	6.490215901000000009e+00
4.848626480000000072e-01	1.188057349999999956e-01	3.146654782000000150e+00	4.848626480000000072e-01	-5.263274593000000223e+00	3.984175610999999950e+00	6.489785910000000158e+00
5.019597519999999813e-01	1.258151040000000109e-01	3.257380030999999843e+00	5.019597519999999813e-01	-6.786466277999999797e+00	7.224004868999999829e+00	6.489325123000000417e+00
5.196597299999999864e-01	1.333263789999999949e-01	3.371984343999999911e+00	5.196597299999999864e-01	-6.409469499999999320e-02	1.298201375100000021e+01	6.488831341000000030e+00
5.379838399999999909e-01	1.413754150000000043e-01	3.490601739999999786e+00	5.379838399999999909e-01	2.331494504000000134e+00	6.016665524000000431e+00	6.488302209000000431e+00
5.569540910000000400e-01	1.500006100000000064e-01	3.613370659000000096e+00	5.569540910000000400e-01	2.130094299999999927e-02	4.750122874999999745e+00	6.487735200999999563e+00
5.765932649999999660e-01	1.592430920000000028e-01	3.740434089999999934e+00	5.765932649999999660e-01	-1.510941526999999951e+00	5.441472897999999780e+00	6.487127612000000099e+00
5.969249509999999814e-01	1.691469070000000130e-01	3.871939696000000097e+00	5.969249509999999814e-01	-2.070895136999999941e+00	7.732967797999999782e+00	6.486476548999999814e+00
6.179735680000000286e-01	1.797592249999999947e-01	4.008039933000000055e+00	6.179735680000000286e-01	2.375352459000000138e+00	9.241511814000000768e+00	6.485778909999999620e+00
6.397643960000000130e-01	1.911305570000000065e-01	4.148892176999999570e+00	6.397643960000000130e-01	1.909073505999999920e+00	4.796769980999999738e+00	6.485031372999999988e+00
6.623236059999999537e-01	2.033149890000000015e-01	4.294658851000000332e+00	6.623236059999999537e-01	-4.583774019999999894e-01	4.639611856000000145e+00	6.484230385000000041e+00
6.856782940000000215e-01	2.163704349999999998e-01	4.445507544999999894e+00	6.856782940000000215e-01	-2.224285919000000167e+00	5.552377506000000018e+00	6.483372138000000007e+00
7.098565079999999972e-01	2.303588930000000090e-01	4.601611136999999907e+00	7.098565079999999972e-01	-4.535301614999999842e+00	7.482253747999999760e+00	6.482452555000000061e+00
7.348872889999999991e-01	2.453467420000000065e-01	4.763147916000000315e+00	7.348872889999999991e-01	-9.759345442000000759e+00	1.569330335399999932e+01	6.481467274999999972e+00
7.608006990000000247e-01	2.614050359999999795e-01	4.930301693999999735e+00	7.608006990000000247e-01	2.058619669999999857e+01	7.445587137000000411e+00	6.480411624000000259e+00
7.876278610000000402e-01	2.786098269999999766e-01	5.103261923999999894e+00	7.876278610000000402e-01	5.704209629000000170e+00	4.164823741000000190e+00	6.479280604000000388e+00
8.154009960000000445e-01	2.970425170000000059e-01	5.282223801999999857e+00	8.154009960000000445e-01	2.198192265999999950e+00	6.488888579000000156e+00	6.478068863999999927e+00
8.441534600000000221e-01	3.167902129999999872e-01	5.467388373000000357e+00	8.441534600000000221e-01	4.185097099999999792e-01	1.270021934200000047e+01	6.476770676000000115e+00
8.739197859999999762e-01	3.379461300000000112e-01	5.658962626000000107e+00	8.739197859999999762e-01	3.571106489200000311e+01	-4.162640039000000236e+00	6.475379914000000348e+00
9.047357240000000189e-01	3.606099979999999872e-01	5.857159577000000006e+00	9.047357240000000189e-01	4.758495159999999835e+00	-3.191234001000000209e+00	6.473890020999999884e+00
9.366382869999999583e-01	3.848885080000000181e-01	6.062198348999999986e+00	9.366382869999999583e-01	1.699700745999999985e+00	3.774631279999999811e-01	6.472293984000000222e+00
9.696657890000000002e-01	4.108957830000000144e-01	6.274304232000000425e+00	9.696657890000000002e-01	5.784858739999999555e-01	2.534701322000000090e+00	6.470584299999999622e+00
1.003857898999999998e+00	4.387538790000000133e-01	6.493708743000000005e+00	1.003857898999999998e+00	1.114115920000000037e-01	4.051457468999999811e+00	6.468752945000000310e+00
1.039255682999999930e+00	4.685933119999999841e-01	6.720649649000000281e+00	1.039255682999999930e+00	-3.990299509999999938e-01	5.942138849000000000e+00	6.466791339000000249e+00
1.075901653999999930e+00	5.005536280000000282e-01	6.955370997000000166e+00	1.075901653999999930e+00	1.203857997000000069e+00	9.629454650999999643e+00	6.464690308999999857e+00
1.113839825999999977e+00	5.347839939999999848e-01	7.198123102000000273e+00	1.113839825999999977e+00	8.249005213000000225e+00	4.022346637000000058e+00	6.462440048999999576e+00
1.153115764999999904e+00	5.714438419999999796e-01	7.449162523000000036e+00	1.153115764999999904e+00	2.306034085999999927e+00	2.053403626000000148e+00	6.460030075999999788e+00
1.193776641999999999e+00	6.107035299999999944e-01	7.708752012999999792e+00	1.193776641999999999e+00	1.752593110000000010e-01	3.061649421999999898e+00	6.457449193999999615e+00
1.235871291999999899e+00	6.527450550000000185e-01	7.977160429999999636e+00	1.235871291999999899e+00	-1.414474543999999945e+00	4.531339056000000198e+00	6.454685437000000192e+00
1.279450272999999916e+00	6.977628080000000121e-01	8.254662624999999920e+00	1.279450272999999916e+00	-2.701852890000000063e+00	6.634547891999999614e+00	6.451726025000000142e+00
1.324565924999999922e+00	7.459643580000000496e-01	8.541539286000000786e+00	1.324565924999999922e+00	-2.303881774999999799e+00	1.182970950300000013e+01	6.448557314000000318e+00
1.371272433999999985e+00	7.975712919999999873e-01	8.838076737999999821e+00	1.371272433999999985e+00	7.260835004999999676e+00	1.056265673200000066e+01	6.445164736999999811e+00
1.419625896000000109e+00	8.528200929999999458e-01	9.144566699000000298e+00	1.419625896000000109e+00	3.485079811999999944e+00	4.965898466999999705e+00	6.441532746000000031e+00
1.469684385999999954e+00	9.119630589999999648e-01	9.461305982000000725e+00	1.469684385999999954e+00	5.807914659999999785e-01	5.090256636000000334e+00	6.437644757000000162e+00
1.521508026000000013e+00	9.752692760000000183e-01	9.788596138000000835e+00	1.521508026000000013e+00	-1.201664206000000013e+00	6.246674239999999934e+00	6.433483079000000160e+00
1.575159057000000029e+00	1.043025633000000063e+00	1.012674302799999992e+01	1.575159057000000029e+00	-2.697135618999999984e+00	8.373439038000000778e+00	6.429028854000000237e+00
1.630701917999999973e+00	1.115537881000000064e+00	1.047605633200000064e+01	1.630701917999999973e+00	-2.868050525000000128e+00	1.274406956400000013e+01	6.424261979999999816e+00
1.688203316999999926e+00	1.193131737999999942e+00	1.083684896799999997e+01	1.688203316999999926e+00	3.743237752999999834e+00	1.411545805599999959e+01	6.419161046000000148e+00
1.747732314999999925e+00	1.276154047999999985e+00	1.120943642900000015e+01	1.747732314999999925e+00	3.065975392999999993e+00	9.439602712999999312e+00	6.413703248000000023e+00
1.809360410999999891e+00	1.364973964999999900e+00	1.159413601900000046e+01	1.809360410999999891e+00	4.253999330000000079e-01	1.002236403500000073e+01	6.407864320999999919e+00
1.873161620000000083e+00	1.459984198999999983e+00	1.199126597999999966e+01	1.873161620000000083e+00	9.926410430000000007e-01	1.349170352099999981e+01	6.401618445000000435e+00
1.939212571999999968e+00	1.561602283000000035e+00	1.240114450499999954e+01	1.939212571999999968e+00	5.160023653999999738e+00	1.070819696000000043e+01	6.394938173999999975e+00
2.007592595999999840e+00	1.670271886999999955e+00	1.282408861899999941e+01	2.007592595999999840e+00	1.677677499999999933e+00	8.393903760000000602e+00	6.387794339000000043e+00
2.078383818999999910e+00	1.786464151999999972e+00	1.326041292500000068e+01	2.078383818999999910e+00	-4.739715870000000275e-01	9.585797253999999157e+00	6.380155968000000399e+00
2.151671263999999972e+00	1.910679055999999987e+00	1.371042818899999993e+01	2.151671263999999972e+00	-1.268103782000000068e+00	1.146335180400000020e+01	6.371990192000000164e+00
2.227542951999999854e+00	2.043446786000000071e+00	1.417443976799999916e+01	2.227542951999999854e+00	-2.250201108999999811e+00	1.193568143999999975e+01	6.363262156000000225e+00
2.306090009000000052e+00	2.185329126000000066e+00	1.465274585400000085e+01	2.306090009000000052e+00	-3.510983908000000042e+00	1.520314908900000006e+01	6.353934928000000149e+00
2.387406771999999844e+00	2.336920837000000084e+00	1.514563552399999935e+01	2.387406771999999844e+00	-3.347279063000000221e+00	1.802519972099999990e+01	6.343969408000000421e+00
2.471590905999999865e+00	2.498851009000000012e+00	1.565338658900000013e+01	2.471590905999999865e+00	1.209403369999999950e-01	2.172473037900000037e+01	6.333324236000000163e+00
2.558743520000000160e+00	2.671784401000000031e+00	1.617626321799999900e+01	2.558743520000000160e+00	4.999149175000000334e+00	2.195627275200000028e+01	6.321955713999999560e+00
2.648969287999999978e+00	2.856422714999999890e+00	1.671451331700000154e+01	2.648969287999999978e+00	6.606412082000000296e+00	1.886280621999999951e+01	6.309817706999999665e+00
2.742376573000000040e+00	3.053505797000000133e+00	1.726836567699999847e+01	2.742376573000000040e+00	5.626858522000000029e+00	1.690539196299999958e+01	6.296861577999999682e+00
2.839077563000000026e+00	3.263812762000000145e+00	1.783802683600000094e+01	2.839077563000000026e+00	4.377708696000000010e+00	1.643018088299999846e+01	6.283036105999999954e+00
2.939188398999999841e+00	3.488162968000000141e+00	1.842367767400000034e+01	2.939188398999999841e+00	3.186620381000000002e+00	1.750504322400000135e+01	6.268287423000000302e+00
3.042829316999999811e+00	3.727416870999999965e+00	1.902546971299999967e+01	3.042829316999999811e+00	2.901422170000000023e+00	1.843287794500000132e+01	6.252558961000000082e+00
3.150124796000000060e+00	3.982476666000000165e+00	1.964352112799999972e+01	3.150124796000000060e+00	3.293044769000000205e+00	1.957071605999999875e+01	6.235791405999999704e+00
3.261203699999999817e+00	4.254286719999999633e+00	2.027791242400000016e+01	3.261203699999999817e+00	3.361048529000000062e+00	2.072042090600000108e+01	6.217922671000000179e+00
3.376199440999999801e+00	4.543833739000000094e+00	2.092868181900000124e+01	3.376199440999999801e+00	3.630443388000000215e+00	2.159817341500000154e+01	6.198887886999999708e+00
3.495250132999999870e+00	4.852146613000000386e+00	2.159582030500000016e+01	3.495250132999999870e+00	4.183745756999999621e+00	2.176771641999999929e+01	6.178619408000000313e+00
3.618498760000000036e+00	5.180295905000000367e+00	2.227926639000000009e+01	3.618498760000000036e+00	3.899258559999999818e+00	2.197825029499999872e+01	6.157046850000000404e+00
3.746093349000000128e+00	5.529392918000000101e+00	2.297890053000000066e+01	3.746093349000000128e+00	2.665615557999999830e+00	2.263128753999999887e+01	6.134097148999999582e+00
3.878187146000000141e+00	5.900588287999999793e+00	2.369453927300000018e+01	3.878187146000000141e+00	1.415746810999999994e+00	2.523047044899999847e+01	6.109694655000000196e+00
4.014938800999999557e+00	6.295070035000000175e+00	2.442592912299999952e+01	4.014938800999999557e+00	2.288031426999999951e+00	3.019449768500000175e+01	6.083761255999999840e+00
4.156512558000000190e+00	6.714061005999999665e+00	2.517274016100000011e+01	4.156512558000000190e+00	5.897268804000000308e+00	3.629446904299999943e+01	6.056216553999999697e+00
4.303078454000000441e+00	7.158815640000000258e+00	2.593455946299999937e+01	4.303078454000000441e+00	1.204194664299999928e+01	3.055304971400000014e+01	6.026978066999999939e+00
4.454812518999999860e+00	7.630616005000000257e+00	2.671088435800000127e+01	4.454812518999999860e+00	1.442711042600000049e+01	3.077110566700000049e+01	5.995961501000000027e+00
4.611896992000000139e+00	8.130766981000000726e+00	2.750111558000000045e+01	4.611896992000000139e+00	1.148709638400000088e+01	2.953542220499999971e+01	5.963081054999999964e+00
4.774520539000000063e+00	8.660590601999999194e+00	2.830455042999999904e+01	4.774520539000000063e+00	1.779140056800000025e+01	3.028215973300000030e+01	5.928249800999999763e+00
4.942878474999999661e+00	9.221419402000000431e+00	2.912037596400000083e+01	4.942878474999999661e+00	1.588333724900000021e+01	2.802096331999999990e+01	5.891380115999999667e+00
5.117173006999999885e+00	9.814588779999999346e+00	2.994766239300000166e+01	5.117173006999999885e+00	1.366432738099999966e+01	2.431233466899999840e+01	5.852384188000000265e+00
5.297613468999999853e+00	1.044142826699999915e+01	3.078535675899999902e+01	5.297613468999999853e+00	1.037460839399999912e+01	2.499535578000000058e+01	5.811174587000000002e+00
5.484416576000000099e+00	1.110325169500000086e+01	3.163227703900000165e+01	5.484416576000000099e+00	6.955263124000000019e+00	2.933063426200000023e+01	5.767664909999999701e+00
5.677806688000000435e+00	1.180134621800000083e+01	3.248710684499999957e+01	5.677806688000000435e+00	6.671581503999999718e+00	3.736667176899999987e+01	5.721770506000000367e+00
5.878016072000000314e+00	1.253696017799999929e+01	3.334839087400000324e+01	5.878016072000000314e+00	1.732160401599999844e+01	4.671913341300000155e+01	5.673409269999999616e+00
6.085285189999999567e+00	1.331128982000000072e+01	3.421453129500000045e+01	6.085285189999999567e+00	3.183651225299999865e+01	3.591240387199999873e+01	5.622502517000000033e+00
6.299862978000000169e+00	1.412546489100000002e+01	3.508378526900000338e+01	6.299862978000000169e+00	2.559808676400000138e+01	2.425137973000000002e+01	5.568975927000000326e+00
6.522007154999999834e+00	1.498053319899999991e+01	3.595426383699999917e+01	6.522007154999999834e+00	1.812549321999999918e+01	2.368758476400000035e+01	5.512760562999999614e+00
6.751984522999999960e+00	1.587744421999999922e+01	3.682393230800000339e+01	6.751984522999999960e+00	1.252410485400000084e+01	2.674956843800000073e+01	5.453793945000000143e+00
6.990071294999999907e+00	1.681703187400000132e+01	3.769061248700000277e+01	6.990071294999999907e+00	1.002731769000000028e+01	3.294824322600000244e+01	5.392021181999999691e+00
7.236553423000000151e+00	1.779999666100000155e+01	3.855198682099999985e+01	7.236553423000000151e+00	1.240903287499999941e+01	4.080535355600000003e+01	5.327396146999999971e+00
7.491726940999999584e+00	1.882688738099999881e+01	3.940560474899999832e+01	7.491726940999999584e+00	1.909413394799999963e+01	4.475825453200000226e+01	5.259882676000000146e+00
7.755898323000000261e+00	1.989808267100000094e+01	4.024889141100000245e+01	7.755898323000000261e+00	2.442335594800000109e+01	4.440503909600000298e+01	5.189455783999999738e+00
8.029384849999999574e+00	2.101377268399999920e+01	4.107915884300000187e+01	8.029384849999999574e+00	3.086944041099999936e+01	3.947772684200000270e+01	5.116102866000000304e+00
8.312514990000000381e+00	2.217394123400000083e+01	4.189361978400000197e+01	8.312514990000000381e+00	2.695598361200000070e+01	3.265564283900000220e+01	5.039824871000000428e+00
8.605628792999999277e+00	2.337834880899999845e+01	4.268940420300000227e+01	8.605628792999999277e+00	2.282200048300000006e+01	3.393726478100000321e+01	4.960637419000000214e+00
8.909078300999999200e+00	2.462651683800000058e+01	4.346357844500000311e+01	8.909078300999999200e+00	1.953643476999999962e+01	3.736026361199999712e+01	4.878571832000000441e+00
9.223227968999999860e+00	2.591771368199999870e+01	4.421316707199999740e+01	9.223227968999999860e+00	1.814892033699999985e+01	4.388717102700000083e+01	4.793676055999999797e+00
9.548455103000000221e+00	2.725094272999999845e+01	4.493517717000000289e+01	9.548455103000000221e+00	2.328140041700000040e+01	5.357070227500000215e+01	4.706015443000000076e+00
9.885150314000000549e+00	2.862493311100000071e+01	4.562662495000000007e+01	9.885150314000000549e+00	3.689661319999999733e+01	5.421368565499999903e+01	4.615673358999999643e+00
1.023371798600000027e+01	3.003813342200000136e+01	4.628456436799999807e+01	1.023371798600000027e+01	4.608852593799999653e+01	4.676983897699999915e+01	4.522751597000000068e+00
1.059457676399999926e+01	3.148870883100000029e+01	4.690611732299999659e+01	1.059457676399999926e+01	4.469691366299999657e+01	3.615974968100000098e+01	4.427370565999999563e+00
1.096816005300000008e+01	3.297454197599999759e+01	4.748850509500000072e+01	1.096816005300000008e+01	3.952690049499999958e+01	3.227474660299999698e+01	4.329669230000000368e+00
1.135491654099999970e+01	3.449323785200000003e+01	4.802908037099999916e+01	1.135491654099999970e+01	3.615792924400000175e+01	3.203043047300000268e+01	4.229804790000000203e+00
1.175531073900000045e+01	3.604213295600000322e+01	4.852535933699999759e+01	1.175531073900000045e+01	3.305843328600000319e+01	3.213320415100000105e+01	4.127952073000000333e+00
1.216982353600000089e+01	3.761830873200000269e+01	4.897505321900000297e+01	1.216982353600000089e+01	2.998026121499999874e+01	3.429456234199999898e+01	4.024302658999999949e+00
1.259895277799999924e+01	3.921860936099999861e+01	4.937609851100000213e+01	1.259895277799999924e+01	2.749902057099999908e+01	3.714243024999999676e+01	3.919063701999999871e+00
1.304321386700000041e+01	4.083966370000000268e+01	4.972668533000000224e+01	1.304321386700000041e+01	2.621856072599999976e+01	4.184554363099999819e+01	3.812456488000000032e+00
1.350314037899999953e+01	4.247791117599999922e+01	5.002528313399999860e+01	1.350314037899999953e+01	2.760553917200000029e+01	4.774192808200000115e+01	3.704714735000000037e+00
1.397928470299999937e+01	4.412963123800000176e+01	5.027066323199999687e+01	1.397928470299999937e+01	3.234661535699999746e+01	5.276435622399999659e+01	3.596082653999999934e+00
1.447221870699999968e+01	4.579097593200000205e+01	5.046191750399999876e+01	1.447221870699999968e+01	3.827938410200000163e+01	5.217612360500000079e+01	3.486812805000000015e+00
1.498253442699999916e+01	4.745800491800000032e+01	5.059847283999999945e+01	1.498253442699999916e+01	3.966917528799999815e+01	5.068657222800000284e+01	3.377163796000000051e+00
1.551084477000000028e+01	4.912672238500000077e+01	5.068010092800000166e+01	1.551084477000000028e+01	4.047126213500000347e+01	5.437335199500000016e+01	3.267397855000000018e+00
1.605778425800000164e+01	5.079311503099999925e+01	5.070692313100000348e+01	1.605778425800000164e+01	4.595762577400000026e+01	5.764703641500000231e+01	3.157778328000000023e+00
1.662400978899999870e+01	5.245319044000000019e+01	5.067941033700000020e+01	1.662400978899999870e+01	5.377066853600000229e+01	5.350381686899999778e+01	3.048567161999999886e+00
1.721020142200000080e+01	5.410301496400000332e+01	5.059837775399999771e+01	1.721020142200000080e+01	5.485088787099999763e+01	4.777582990500000193e+01	2.940022404000000034e+00
1.781706319499999935e+01	5.573875043500000004e+01	5.046497483699999975e+01	1.781706319499999935e+01	5.182835518299999933e+01	4.659304713499999906e+01	2.832395792999999884e+00
1.844532397600000095e+01	5.735668898200000143e+01	5.028067058199999906e+01	1.844532397600000095e+01	5.122795357599999733e+01	4.477727749799999657e+01	2.725930465999999885e+00
1.909573832899999957e+01	5.895328521500000107e+01	5.004723461599999723e+01	1.909573832899999957e+01	4.721868148400000109e+01	4.807828673600000258e+01	2.620858840999999995e+00
1.976908742799999885e+01	6.052518528200000247e+01	4.976671454499999925e+01	1.976908742799999885e+01	4.987934444100000064e+01	5.450660066199999676e+01	2.517400701000000129e+00
2.046617999400000087e+01	6.206925233599999814e+01	4.944141014299999881e+01	2.046617999400000087e+01	5.727190140100000093e+01	5.634485692900000231e+01	2.415761523000000022e+00
2.118785326100000077e+01	6.358258796999999873e+01	4.907384502899999745e+01	2.118785326100000077e+01	6.261954381299999994e+01	5.114038895699999898e+01	2.316131060000000019e+00
2.193497398899999951e+01	6.506254948900000556e+01	4.866673649700000226e+01	2.193497398899999951e+01	6.157088705299999987e+01	4.688258701600000222e+01	2.218682207000000073e+00
2.270843949900000069e+01	6.650676282899999592e+01	4.822296413800000181e+01	2.270843949900000069e+01	5.867314999500000283e+01	4.796428277199999712e+01	2.123570143999999882e+00
2.350917875500000065e+01	6.791313117599999316e+01	4.774553798699999874e+01	2.350917875500000065e+01	6.024333846500000078e+01	5.015351054199999936e+01	2.030931768999999942e+00
2.433815347499999859e+01	6.927983933500000546e+01	4.723756679200000264e+01	2.433815347499999859e+01	6.213605258199999781e+01	5.043209542000000312e+01	1.940885401999999926e+00
2.519635929300000043e+01	7.060535414100000651e+01	4.670222696999999812e+01	2.519635929300000043e+01	6.295448537800000111e+01	5.087408178100000100e+01	1.853530759000000083e+00
2.608482694799999990e+01	7.188842108500000450e+01	4.614273281599999876e+01	2.608482694799999990e+01	6.441747838499999546e+01	5.393166259000000196e+01	1.768949163999999907e+00
2.700462352399999943e+01	7.312805763400000103e+01	4.556230838300000130e+01	2.700462352399999943e+01	7.130893520300000432e+01	5.589853975599999814e+01	1.687203983999999934e+00
2.795685373499999926e+01	7.432354352299999789e+01	4.496416138499999704e+01	2.795685373499999926e+01	7.560043808999999726e+01	4.988211894199999819e+01	1.608341261000000078e+00
2.894266124700000020e+01	7.547440853700000218e+01	4.435145945699999714e+01	2.894266124700000020e+01	7.313841303799999594e+01	4.704347593300000341e+01	1.532390511000000011e+00
2.996323005500000036e+01	7.658041818099999887e+01	4.372730889700000034e+01	2.996323005500000036e+01	7.263008377399999915e+01	4.811577252000000016e+01	1.459365655999999900e+00
3.101978590099999877e+01	7.764155767299999411e+01	4.309473609700000196e+01	3.101978590099999877e+01	7.406736207599999489e+01	4.758557828499999687e+01	1.389266070999999991e+00
3.211359775300000052e+01	7.865801475499999640e+01	4.245667162600000211e+01	3.211359775300000052e+01	7.478539085699999589e+01	4.755810441500000252e+01	1.322077705000000103e+00
3.324597932300000025e+01	7.963016163000000347e+01	4.181593703899999781e+01	3.324597932300000025e+01	7.539424723199999789e+01	4.850237170700000178e+01	1.257774259999999922e+00
3.441829064499999902e+01	8.055853649399999483e+01	4.117523425699999962e+01	3.441829064499999902e+01	7.902208565399999429e+01	4.916491809099999699e+01	1.196318395999999895e+00
3.563193971199999766e+01	8.144382493499999498e+01	4.053713745499999987e+01	3.563193971199999766e+01	7.912838652400000683e+01	4.726679201000000319e+01	1.137662944999999981e+00
3.688838416699999811e+01	8.228684154100000114e+01	3.990408732200000230e+01	3.688838416699999811e+01	8.017434207300000537e+01	4.823994871499999704e+01	1.081752108000000101e+00
3.818913304800000219e+01	8.308851193300000659e+01	3.927838743200000238e+01	3.818913304800000219e+01	8.253920426899999541e+01	4.991956092899999931e+01	1.028522627000000078e+00
3.953574860700000215e+01	8.384985546000000056e+01	3.866220260699999756e+01	3.953574860700000215e+01	8.590113096400000359e+01	4.976624419499999874e+01	9.779049079999999616e-01
4.092984818499999733e+01	8.457196872500000495e+01	3.805755905099999836e+01	4.092984818499999733e+01	9.178342243900000597e+01	4.718692754700000336e+01	9.298240949999999616e-01
4.237310614900000161e+01	8.525601004300000341e+01	3.746634597500000297e+01	4.237310614900000161e+01	9.170138703300000316e+01	4.120009467100000222e+01	8.842010740000000313e-01
4.386725590999999724e+01	8.590318495399999676e+01	3.689031859899999688e+01	4.386725590999999724e+01	8.874799583899999789e+01	3.861548691699999836e+01	8.409534140000000102e-01
4.541409200399999690e+01	8.651473283800000047e+01	3.633110225699999773e+01	4.541409200399999690e+01	8.786860421800000154e+01	4.058040898000000141e+01	7.999962269999999487e-01
4.701547224000000114e+01	8.709191465499999651e+01	3.579019741500000151e+01	4.701547224000000114e+01	8.946852727700000685e+01	4.095146941000000140e+01	7.612429630000000502e-01
4.867331994199999912e+01	8.763600184000000581e+01	3.526898546999999695e+01	4.867331994199999912e+01	9.085479057999999952e+01	3.954753809599999670e+01	7.246061190000000485e-01
5.038962625100000281e+01	8.814826629099999877e+01	3.476873508999999984e+01	5.038962625100000281e+01	8.994497610099999463e+01	3.890526385500000117e+01	6.899978759999999545e-01
5.216645251900000346e+01	8.862997147199999404e+01	3.429060901700000130e+01	5.216645251900000346e+01	9.074858159800000124e+01	4.101687960099999941e+01	6.573306669999999796e-01
5.400593278499999883e+01	8.908236454599999377e+01	3.383567112699999768e+01	5.400593278499999883e+01	9.515069456300000184e+01	4.087522145500000192e+01	6.265176690000000548e-01
5.591027634099999943e+01	8.950666949300000397e+01	3.340489368899999789e+01	5.591027634099999943e+01	9.703677154300000041e+01	3.645457782399999758e+01	5.974732350000000469e-01
5.788177037700000227e+01	8.990408114500000636e+01	3.299916468899999700e+01	5.788177037700000227e+01	9.480462646899999868e+01	3.408011317599999757e+01	5.701132580000000116e-01
5.992278273800000221e+01	9.027576009000000568e+01	3.261929513500000155e+01	5.992278273800000221e+01	9.444081713900000352e+01	3.435659409200000169e+01	5.443554800000000027e-01
6.203576476100000292e+01	9.062282832200000371e+01	3.226602626900000104e+01	6.203576476100000292e+01	9.389515708800000482e+01	3.444486997100000281e+01	5.201197469999999656e-01
6.422325422199999423e+01	9.094636563699999954e+01	3.194003664799999953e+01	6.422325422199999423e+01	9.349618404400000315e+01	3.441828528500000317e+01	4.973282190000000158e-01
6.648787838399999828e+01	9.124740662099999611e+01	3.164194901500000157e+01	6.648787838399999828e+01	9.507461947000000180e+01	3.512279769399999907e+01	4.759055300000000210e-01
6.883235715099999652e+01	9.152693823100000259e+01	3.137233693700000003e+01	6.883235715099999652e+01	9.704211239800000044e+01	3.573995454800000005e+01	4.557789130000000077e-01
7.125950633600000117e+01	9.178589785500000175e+01	3.113173118899999992e+01	7.125950633600000117e+01	9.810098399999999685e+01	3.296323134200000027e+01	4.368782889999999752e-01
7.377224104200000454e+01	9.202517179699999872e+01	3.092062586600000174e+01	7.377224104200000454e+01	9.872560203199999762e+01	3.114005856100000003e+01	4.191363229999999773e-01
7.637357916400000590e+01	9.224559413599999402e+01	3.073948418799999871e+01	7.637357916400000590e+01	9.713103951899999799e+01	3.052371337399999973e+01	4.024884590000000206e-01
7.906664501299999870e+01	9.244794588499999577e+01	3.058874401599999970e+01	7.906664501299999870e+01	9.591845679700000460e+01	3.086355667000000125e+01	3.868729220000000080e-01
8.185467307099999346e+01	9.263295440900000699e+01	3.046882307799999978e+01	8.185467307099999346e+01	9.675062932599999499e+01	3.167662478600000142e+01	3.722307100000000202e-01
8.474101186900000471e+01	9.280129304099999388e+01	3.038012388799999997e+01	8.474101186900000471e+01	9.700376230999999905e+01	3.179135056899999867e+01	3.585055600000000009e-01
8.772912801600000421e+01	9.295358085799999515e+01	3.032303838500000026e+01	8.772912801600000421e+01	9.762789893900000493e+01	3.107810122200000080e+01	3.456439049999999735e-01
9.082261035999999876e+01	9.309038257800000338e+01	3.029795229999999862e+01	9.082261035999999876e+01	9.775840910300000530e+01	3.180283218299999959e+01	3.335948189999999869e-01
9.402517429700000662e+01	9.321220851299999310e+01	3.030524923799999826e+01	9.402517429700000662e+01	9.849120890700000075e+01	3.092074929800000049e+01	3.223099500000000117e-01
9.734066623399999685e+01	9.331951459100000079e+01	3.034531452999999956e+01	9.734066623399999685e+01	9.916692835700000330e+01	3.067922775499999943e+01	3.117434439999999807e-01
1.007730682090000016e+02	9.341270235999999727e+01	3.041853883599999975e+01	1.007730682090000016e+02	9.921025769300000263e+01	3.038727574099999984e+01	3.018518680000000232e-01
1.043265026760000040e+02	9.349211898199999382e+01	3.052532151799999838e+01	1.043265026760000040e+02	9.998598622900000521e+01	2.934892116900000048e+01	2.925941229999999837e-01
1.080052374520000029e+02	9.355805718800000648e+01	3.066607382100000123e+01	1.080052374520000029e+02	9.899670009499999423e+01	2.845936894800000161e+01	2.839313589999999943e-01
1.118136908430000034e+02	9.361075513100000478e+01	3.084122185100000024e+01	1.118136908430000034e+02	9.745098441999999750e+01	2.832766547800000012e+01	2.758268830000000227e-01
1.157564369549999981e+02	9.365039617200000066e+01	3.105120937599999920e+01	1.157564369549999981e+02	9.770689136599999358e+01	2.982978921699999830e+01	2.682460709999999748e-01
1.198382111850000058e+02	9.367710852700000146e+01	3.129650047599999851e+01	1.198382111850000058e+02	9.746888949799999580e+01	2.976239587099999895e+01	2.611562720000000226e-01
1.240639159060000054e+02	9.369096477600000128e+01	3.157758203699999910e+01	1.240639159060000054e+02	9.757231308699999772e+01	2.965954726400000041e+01	2.545267239999999820e-01
1.284386263590000112e+02	9.369198122000000239e+01	3.189496611899999934e+01	1.284386263590000112e+02	9.688562102800000275e+01	3.097788499600000023e+01	2.483284590000000014e-01
1.329675967469999875e+02	9.368011705300000358e+01	3.224919220999999681e+01	1.329675967469999875e+02	9.720874521199999663e+01	3.149684780899999836e+01	2.425342189999999953e-01
1.376562665440000046e+02	9.365527333500000395e+01	3.264082936599999840e+01	1.376562665440000046e+02	9.823703905399999314e+01	3.173512735499999948e+01	2.371183689999999955e-01
1.425102670299999943e+02	9.361729174799999953e+01	3.307047827299999909e+01	1.425102670299999943e+02	9.729809070899999313e+01	3.220227982699999814e+01	2.320568120000000012e-01
1.475354280560000007e+02	9.356595312100000683e+01	3.353877322499999991e+01	1.475354280560000007e+02	9.800986786900000425e+01	3.275558851600000310e+01	2.273269119999999921e-01
1.527377850389999878e+02	9.350097569199999725e+01	3.404638403799999935e+01	1.527377850389999878e+02	9.877478161000000512e+01	3.333294890199999827e+01	2.229074100000000003e-01
1.581235862199999929e+02	9.342201309700000422e+01	3.459401790500000118e+01	1.581235862199999929e+02	9.868501738700000203e+01	3.355037576000000143e+01	2.187783540000000082e-01
