1.000000000000000021e-02	4.552500000000000204e-05	5.855584400000000272e-02	1.000000000000000021e-02	-7.103619299999999748e-02	9.073516900000000440e-02	5.855584384000000142e+00
1.035261699999999972e-02	4.879200000000000312e-05	6.062062099999999953e-02	1.035261699999999972e-02	-6.963286400000000265e-02	9.349563599999999308e-02	5.855583940999999903e+00
1.071766900000000085e-02	5.229300000000000230e-05	6.275820499999999746e-02	1.071766900000000085e-02	-6.814113700000000440e-02	9.630669099999999982e-02	5.855583466999999764e+00
1.109559300000000082e-02	5.604599999999999838e-05	6.497116299999999844e-02	1.109559300000000082e-02	-6.655650600000000139e-02	9.916526500000000244e-02	5.855582959000000365e+00
1.148684300000000005e-02	6.006800000000000155e-05	6.726215300000000508e-02	1.148684300000000005e-02	-6.487441900000000261e-02	1.020677039999999952e-01	5.855582414999999763e+00
1.189188899999999924e-02	6.437900000000000144e-05	6.963392699999999824e-02	1.189188899999999924e-02	-6.309030799999999772e-02	1.050097059999999943e-01	5.855581831000000292e+00
1.231121699999999930e-02	6.899999999999999667e-05	7.208933400000000491e-02	1.231121699999999930e-02	-6.119964099999999907e-02	1.079862570000000022e-01	5.855581205000000011e+00
1.274533299999999932e-02	7.395199999999999940e-05	7.463132100000000047e-02	1.274533299999999932e-02	-5.919797599999999937e-02	1.109915610000000025e-01	5.855580534999999642e+00
1.319475500000000072e-02	7.925899999999999450e-05	7.726294200000000112e-02	1.319475500000000072e-02	-5.708102500000000051e-02	1.140189630000000010e-01	5.855579815999999660e+00
1.366002499999999925e-02	8.494699999999999831e-05	7.998735799999999452e-02	1.366002499999999925e-02	-5.484473599999999810e-02	1.170608749999999948e-01	5.855579045999999899e+00
1.414170200000000079e-02	9.104300000000000229e-05	8.280783999999999367e-02	1.414170200000000079e-02	-5.248539199999999877e-02	1.201086940000000020e-01	5.855578221000000028e+00
1.464036299999999999e-02	9.757700000000000444e-05	8.572777700000000500e-02	1.464036299999999999e-02	-4.999971699999999908e-02	1.231527210000000067e-01	5.855577335999999633e+00
1.515660800000000023e-02	1.045800000000000050e-04	8.875067400000000162e-02	1.515660800000000023e-02	-4.738501700000000150e-02	1.261820750000000046e-01	5.855576388000000243e+00
1.569105599999999837e-02	1.120849999999999950e-04	9.188016100000000186e-02	1.569105599999999837e-02	-4.463933300000000326e-02	1.291846160000000021e-01	5.855575371999999668e+00
1.624435000000000115e-02	1.201290000000000013e-04	9.511999899999999675e-02	1.624435000000000115e-02	-4.176162099999999877e-02	1.321468630000000033e-01	5.855574283000000158e+00
1.681715400000000082e-02	1.287500000000000124e-04	9.847407599999999372e-02	1.681715400000000082e-02	-3.875196799999999775e-02	1.350539259999999908e-01	5.855573116000000411e+00
1.741015699999999902e-02	1.379899999999999985e-04	1.019464229999999944e-01	1.741015699999999902e-02	-3.561182999999999710e-02	1.378894410000000015e-01	5.855571864999999931e+00
1.802406900000000020e-02	1.478929999999999882e-04	1.055412079999999975e-01	1.802406900000000020e-02	-3.234431900000000332e-02	1.406355290000000091e-01	5.855570523999999999e+00
1.865962900000000049e-02	1.585070000000000055e-04	1.092627480000000068e-01	1.865962900000000049e-02	-2.895451400000000064e-02	1.432727689999999943e-01	5.855569087000000117e+00
1.931760000000000074e-02	1.698830000000000132e-04	1.131155140000000003e-01	1.931760000000000074e-02	-2.544982700000000125e-02	1.457802019999999976e-01	5.855567546999999706e+00
1.999877300000000094e-02	1.820749999999999940e-04	1.171041310000000002e-01	1.999877300000000094e-02	-2.184040699999999918e-02	1.481353719999999874e-01	5.855565896999999964e+00
2.070396399999999831e-02	1.951409999999999939e-04	1.212333909999999959e-01	2.070396399999999831e-02	-1.813959399999999847e-02	1.503144210000000036e-01	5.855564128000000146e+00
2.143402200000000049e-02	2.091460000000000064e-04	1.255082519999999868e-01	2.143402200000000049e-02	-1.436442299999999943e-02	1.522922349999999980e-01	5.855562231999999590e+00
2.218982300000000088e-02	2.241549999999999977e-04	1.299338469999999912e-01	2.218982300000000088e-02	-1.053616800000000027e-02	1.540426769999999890e-01	5.855560200000000215e+00
2.297227500000000033e-02	2.402419999999999946e-04	1.345154909999999870e-01	2.297227500000000033e-02	-6.680934999999999825e-03	1.555389070000000040e-01	5.855558022000000307e+00
2.378231800000000021e-02	2.574829999999999740e-04	1.392586869999999921e-01	2.378231800000000021e-02	-2.830295999999999940e-03	1.567538209999999876e-01	5.855555687999999925e+00
2.462092399999999889e-02	2.759619999999999847e-04	1.441691300000000064e-01	2.462092399999999889e-02	9.780649999999999674e-04	1.576606160000000034e-01	5.855553185999999855e+00
2.548910100000000012e-02	2.957659999999999868e-04	1.492527170000000070e-01	2.548910100000000012e-02	4.699679000000000009e-03	1.582335310000000106e-01	5.855550505000000072e+00
2.638789100000000012e-02	3.169919999999999899e-04	1.545155529999999999e-01	2.638789100000000012e-02	8.282644999999999938e-03	1.584487549999999967e-01	5.855547631000000308e+00
2.731837399999999944e-02	3.397410000000000122e-04	1.599639569999999900e-01	2.731837399999999944e-02	1.166702399999999980e-02	1.582855549999999945e-01	5.855544551000000375e+00
2.828166799999999939e-02	3.641229999999999966e-04	1.656044720000000026e-01	2.828166799999999939e-02	1.478431900000000063e-02	1.577276320000000065e-01	5.855541249999999920e+00
2.927892899999999868e-02	3.902539999999999807e-04	1.714438719999999972e-01	2.927892899999999868e-02	1.755709399999999878e-02	1.567647239999999942e-01	5.855537713000000366e+00
3.031135500000000163e-02	4.182610000000000126e-04	1.774891670000000032e-01	3.031135500000000163e-02	1.989879500000000037e-02	1.553944770000000031e-01	5.855533921000000142e+00
3.138018599999999741e-02	4.482779999999999794e-04	1.837476180000000014e-01	3.138018599999999741e-02	2.171385300000000171e-02	1.536245649999999907e-01	5.855529856999999616e+00
3.248670699999999661e-02	4.804480000000000187e-04	1.902267390000000058e-01	3.248670699999999661e-02	2.289814999999999906e-02	1.514750599999999947e-01	5.855525501999999882e+00
3.363224499999999811e-02	5.149269999999999846e-04	1.969343090000000018e-01	3.363224499999999811e-02	2.333994899999999872e-02	1.489809950000000049e-01	5.855520834000000008e+00
3.481817599999999929e-02	5.518810000000000512e-04	2.038783829999999964e-01	3.481817599999999929e-02	2.292138999999999982e-02	1.461950640000000134e-01	5.855515830999999949e+00
3.604592599999999897e-02	5.914860000000000083e-04	2.110672969999999871e-01	3.604592599999999897e-02	2.152064199999999955e-02	1.431903449999999967e-01	5.855510469000000384e+00
3.731696799999999897e-02	6.339339999999999515e-04	2.185096850000000090e-01	3.731696799999999897e-02	1.901480100000000131e-02	1.400629240000000053e-01	5.855504723000000133e+00
3.863282999999999995e-02	6.794280000000000415e-04	2.262144799999999956e-01	3.863282999999999995e-02	1.528359900000000014e-02	1.369342169999999970e-01	5.855498564000000350e+00
3.999509100000000344e-02	7.281860000000000242e-04	2.341909339999999895e-01	3.999509100000000344e-02	1.021392500000000043e-02	1.339527980000000118e-01	5.855491963000000410e+00
4.140538800000000130e-02	7.804430000000000221e-04	2.424486220000000025e-01	4.140538800000000130e-02	3.705149000000000029e-03	1.312954829999999906e-01	5.855484888000000332e+00
4.286541399999999752e-02	8.364509999999999914e-04	2.509974589999999783e-01	4.286541399999999752e-02	-4.324894000000000134e-03	1.291674140000000082e-01	5.855477306000000048e+00
4.437692299999999868e-02	8.964770000000000160e-04	2.598477080000000106e-01	4.437692299999999868e-02	-1.393340900000000077e-02	1.278009009999999945e-01	5.855469180000000051e+00
4.594173099999999954e-02	9.608110000000000001e-04	2.690099919999999756e-01	4.594173099999999954e-02	-2.514593799999999962e-02	1.274528239999999923e-01	5.855460470999999778e+00
4.756171700000000335e-02	1.029762000000000038e-03	2.784953099999999959e-01	4.756171700000000335e-02	-3.794977299999999915e-02	1.284004460000000014e-01	5.855451136000000112e+00
4.923882599999999943e-02	1.103660000000000014e-03	2.883150489999999899e-01	4.923882599999999943e-02	-5.228789699999999985e-02	1.309356020000000120e-01	5.855441132000000160e+00
5.097507300000000269e-02	1.182860999999999895e-03	2.984809950000000267e-01	5.097507300000000269e-02	-6.805386800000000347e-02	1.353573530000000136e-01	5.855430410000000307e+00
5.277254399999999762e-02	1.267745000000000026e-03	3.090053500000000120e-01	5.277254399999999762e-02	-8.508803800000000472e-02	1.419633100000000092e-01	5.855418918999999889e+00
5.463339600000000074e-02	1.358719999999999893e-03	3.199007449999999864e-01	5.463339600000000074e-02	-1.031754230000000022e-01	1.510399570000000025e-01	5.855406602999999599e+00
5.655986500000000083e-02	1.456222999999999979e-03	3.311802580000000051e-01	5.655986500000000083e-02	-1.220454319999999954e-01	1.628524030000000067e-01	5.855393403999999968e+00
5.855426400000000170e-02	1.560722000000000064e-03	3.428574240000000217e-01	5.855426400000000170e-02	-1.413734710000000006e-01	1.776339959999999885e-01	5.855379258000000142e+00
6.061898999999999760e-02	1.672719999999999936e-03	3.549462569999999872e-01	6.061898999999999760e-02	-1.607843220000000073e-01	1.955762159999999972e-01	5.855364095999999741e+00
6.275652099999999567e-02	1.792753999999999919e-03	3.674612629999999824e-01	6.275652099999999567e-02	-1.798570090000000121e-01	2.168191519999999872e-01	5.855347846999999994e+00
6.496942599999999679e-02	1.921399999999999974e-03	3.804174570000000144e-01	6.496942599999999679e-02	-1.981308200000000130e-01	2.414426500000000086e-01	5.855330431999999696e+00
6.726036200000000409e-02	2.059276999999999982e-03	3.938303859999999768e-01	6.726036200000000409e-02	-2.151121310000000120e-01	2.694580380000000108e-01	5.855311767999999972e+00
6.963207899999999950e-02	2.207045999999999834e-03	4.077161409999999764e-01	6.963207899999999950e-02	-2.302818160000000003e-01	3.008000250000000264e-01	5.855291764999999593e+00
7.208742799999999507e-02	2.365418000000000208e-03	4.220913789999999888e-01	7.208742799999999507e-02	-2.431033250000000090e-01	3.353181829999999919e-01	5.855270327000000385e+00
7.462935699999999339e-02	2.535152000000000152e-03	4.369733439999999858e-01	7.462935699999999339e-02	-2.530319249999999909e-01	3.727672790000000069e-01	5.855247351000000045e+00
7.726091799999999787e-02	2.717063999999999938e-03	4.523798849999999816e-01	7.726091799999999787e-02	-2.595262520000000128e-01	4.127957520000000158e-01	5.855222727000000127e+00
7.998527299999999562e-02	2.912027000000000192e-03	4.683294800000000202e-01	7.998527299999999562e-02	-2.620641009999999937e-01	4.549319720000000178e-01	5.855196335999999668e+00
8.280569399999999913e-02	3.120977999999999947e-03	4.848412530000000276e-01	8.280569399999999913e-02	-2.601652959999999903e-01	4.985687610000000269e-01	5.855168052999999873e+00
8.572556700000000252e-02	3.344918000000000110e-03	5.019350049999999896e-01	8.572556700000000252e-02	-2.534253390000000272e-01	5.429481819999999459e-01	5.855137741000000062e+00
8.874840100000000453e-02	3.584924000000000183e-03	5.196312269999999733e-01	8.874840100000000453e-02	-2.415639149999999902e-01	5.871512469999999873e-01	5.855105253999999704e+00
9.187782399999999683e-02	3.842147000000000184e-03	5.379511329999999703e-01	9.187782399999999683e-02	-2.244914660000000006e-01	6.301010430000000273e-01	5.855070438000000266e+00
9.511759699999999818e-02	4.117820999999999808e-03	5.569166810000000245e-01	9.511759699999999818e-02	-2.023935020000000029e-01	6.705926639999999495e-01	5.855033126000000365e+00
9.847161000000000108e-02	4.413270999999999861e-03	5.765505979999999697e-01	9.847161000000000108e-02	-1.758243459999999925e-01	7.073678589999999877e-01	5.854993137000000125e+00
1.019438909999999948e-01	4.729912999999999652e-03	5.968764109999999956e-01	1.019438909999999948e-01	-1.457880249999999878e-01	7.392529020000000450e-01	5.854950280999999812e+00
1.055386100000000049e-01	5.069266999999999697e-03	6.179184690000000257e-01	1.055386100000000049e-01	-1.137651890000000027e-01	7.653688450000000199e-01	5.854904351000000062e+00
1.092600860000000063e-01	5.432961000000000040e-03	6.397019760000000055e-01	1.092600860000000063e-01	-8.162827400000000067e-02	7.853967809999999883e-01	5.854855128999999714e+00
1.131127880000000058e-01	5.822739000000000387e-03	6.622530180000000266e-01	1.131127880000000058e-01	-5.138844399999999840e-02	7.998356779999999944e-01	5.854802377999999585e+00
1.171013419999999972e-01	6.240471000000000039e-03	6.855985970000000318e-01	1.171013419999999972e-01	-2.475610699999999942e-02	8.101406690000000355e-01	5.854745845000000060e+00
1.212305399999999977e-01	6.688160999999999759e-03	7.097666559999999958e-01	1.212305399999999977e-01	-2.577020000000000179e-03	8.186094170000000059e-01	5.854685259000000030e+00
1.255053409999999925e-01	7.167955000000000160e-03	7.347861199999999871e-01	1.255053409999999925e-01	1.570255900000000135e-02	8.279288820000000326e-01	5.854620330999999567e+00
1.299308779999999997e-01	7.682154000000000066e-03	7.606869219999999876e-01	1.299308779999999997e-01	3.234612099999999851e-02	8.404004969999999686e-01	5.854550749000000387e+00
1.345124679999999961e-01	8.233221000000000636e-03	7.875000410000000395e-01	1.345124679999999961e-01	5.126116700000000331e-02	8.569629109999999939e-01	5.854476180999999890e+00
1.392556130000000003e-01	8.823799000000000226e-03	8.152575410000000300e-01	1.392556130000000003e-01	7.748770100000000605e-02	8.761476719999999885e-01	5.854396269000000430e+00
1.441660090000000116e-01	9.456716999999999901e-03	8.439925999999999817e-01	1.441660090000000116e-01	1.161636320000000028e-01	8.930392940000000390e-01	5.854310631999999792e+00
1.492495550000000060e-01	1.013500799999999917e-02	8.737395569999999445e-01	1.492495550000000060e-01	1.706876230000000105e-01	8.983305510000000327e-01	5.854218859000000386e+00
1.545123549999999901e-01	1.086191899999999939e-02	9.045339439999999787e-01	1.545123549999999901e-01	2.394893580000000133e-01	8.780037450000000021e-01	5.854120511999999721e+00
1.599607299999999954e-01	1.164093299999999914e-02	9.364125330000000469e-01	1.599607299999999954e-01	3.110246070000000085e-01	8.154102210000000461e-01	5.854015121999999849e+00
1.656012249999999908e-01	1.247577700000000039e-02	9.694133729999999671e-01	1.656012249999999908e-01	3.589838209999999807e-01	6.990362469999999995e-01	5.853902183999999842e+00
1.714406139999999912e-01	1.337044899999999953e-02	1.003575834000000055e+00	1.714406139999999912e-01	3.452936200000000233e-01	5.369933300000000465e-01	5.853781159000000400e+00
1.774859089999999973e-01	1.432922699999999994e-02	1.038940653000000047e+00	1.774859089999999973e-01	2.396817069999999938e-01	3.673564779999999863e-01	5.853651471000000051e+00
1.837443719999999892e-01	1.535669899999999970e-02	1.075549980999999988e+00	1.837443719999999892e-01	4.547034400000000282e-02	2.442622829999999967e-01	5.853512498999999814e+00
1.902235200000000070e-01	1.645777699999999982e-02	1.113447424999999935e+00	1.902235200000000070e-01	-1.993062049999999863e-01	2.046088000000000073e-01	5.853363582000000065e+00
1.969311340000000077e-01	1.763772400000000046e-02	1.152678102000000093e+00	1.969311340000000077e-01	-4.493064760000000102e-01	2.514135860000000222e-01	5.853204010999999873e+00
2.038752699999999973e-01	1.890217799999999865e-02	1.193288686000000043e+00	2.038752699999999973e-01	-6.751343549999999638e-01	3.659210150000000161e-01	5.853033024000000140e+00
2.110642679999999993e-01	2.025717700000000121e-02	1.235327459999999933e+00	2.110642679999999993e-01	-8.659280190000000488e-01	5.260452429999999957e-01	5.852849809000000292e+00
2.185067629999999927e-01	2.170918900000000026e-02	1.278844368999999981e+00	2.185067629999999927e-01	-1.021574159999999898e+00	7.154016260000000127e-01	5.852653495000000206e+00
2.262116929999999915e-01	2.326514400000000149e-02	1.323891072999999974e+00	2.262116929999999915e-01	-1.145549608999999913e+00	9.240772900000000512e-01	5.852443147999999873e+00
2.341883130000000091e-01	2.493246199999999899e-02	1.370521003999999987e+00	2.341883130000000091e-01	-1.241355618999999910e+00	1.146191954999999929e+00	5.852217769000000125e+00
2.424462019999999995e-01	2.671908900000000142e-02	1.418789424000000077e+00	2.424462019999999995e-01	-1.312131173000000040e+00	1.377102430000000099e+00	5.851976289999999636e+00
2.509952779999999883e-01	2.863353700000000057e-02	1.468753479999999945e+00	2.509952779999999883e-01	-1.362999593000000065e+00	1.611970716999999942e+00	5.851717565999999593e+00
2.598458100000000104e-01	3.068492000000000094e-02	1.520472266000000072e+00	2.598458100000000104e-01	-1.404993901000000101e+00	1.848245962000000020e+00	5.851440371999999890e+00
2.690084280000000216e-01	3.288299699999999715e-02	1.574006886000000049e+00	2.690084280000000216e-01	-1.455885525000000014e+00	2.093886297000000063e+00	5.851143397000000412e+00
2.784941349999999760e-01	3.523821900000000118e-02	1.629420513999999987e+00	2.784941349999999760e-01	-1.532195320000000027e+00	2.376697570000000148e+00	5.850825236999999568e+00
2.883143249999999824e-01	3.776177299999999848e-02	1.686778458000000036e+00	2.883143249999999824e-01	-1.635715827999999927e+00	2.747735173000000142e+00	5.850484393000000338e+00
2.984807919999999948e-01	4.046563699999999875e-02	1.746148226999999942e+00	2.984807919999999948e-01	-1.739345783000000090e+00	3.286689855000000104e+00	5.850119256000000156e+00
3.090057460000000256e-01	4.336263399999999713e-02	1.807599597999999919e+00	3.090057460000000256e-01	-1.742934616000000103e+00	4.126751664999999569e+00	5.849728110000000036e+00
3.199018279999999992e-01	4.646648999999999918e-02	1.871204681999999897e+00	3.199018279999999992e-01	-1.271811704000000098e+00	5.452017225999999717e+00	5.849309115999999698e+00
3.311821260000000211e-01	4.979189500000000268e-02	1.937037990999999959e+00	3.311821260000000211e-01	8.041321340000000539e-01	6.788160731999999697e+00	5.848860308999999980e+00
3.428601860000000112e-01	5.335457100000000341e-02	2.005176515000000048e+00	3.428601860000000112e-01	3.744406044999999850e+00	5.151555851000000352e+00	5.848379587000000157e+00
3.549500360000000243e-01	5.717134299999999947e-02	2.075699784000000214e+00	3.549500360000000243e-01	3.476534822000000080e+00	2.548160889000000040e+00	5.847864702999999942e+00
3.674661940000000238e-01	6.126021200000000139e-02	2.148689946999999822e+00	3.674661940000000238e-01	2.323189597999999911e+00	1.675283682000000107e+00	5.847313254000000349e+00
3.804236939999999789e-01	6.564043899999999487e-02	2.224231839000000210e+00	3.804236939999999789e-01	1.483693721000000076e+00	1.556134589000000013e+00	5.846722674999999647e+00
3.938380980000000253e-01	7.033262499999999584e-02	2.302413055000000153e+00	3.938380980000000253e-01	9.022162249999999828e-01	1.718766116000000066e+00	5.846090220999999865e+00
4.077255180000000090e-01	7.535880699999999988e-02	2.383324027000000012e+00	4.077255180000000090e-01	5.227433500000000510e-01	2.068794328000000071e+00	5.845412963000000239e+00
4.221026319999999776e-01	8.074255099999999574e-02	2.467058091999999814e+00	4.221026319999999776e-01	4.097426069999999809e-01	2.572212121999999823e+00	5.844687772000000336e+00
4.369867080000000015e-01	8.650905600000000084e-02	2.553711564999999961e+00	4.369867080000000015e-01	7.464476589999999856e-01	3.065555595000000189e+00	5.843911304999999778e+00
4.523956230000000245e-01	9.268526100000000489e-02	2.643383816000000053e+00	4.523956230000000245e-01	1.463763072999999970e+00	2.944738445000000038e+00	5.843079996000000165e+00
4.683478830000000204e-01	9.929996200000000550e-02	2.736177338000000070e+00	4.683478830000000204e-01	1.495803132999999896e+00	2.202750335999999809e+00	5.842190036999999947e+00
4.848626480000000072e-01	1.063839330000000000e-01	2.832197818000000034e+00	4.848626480000000072e-01	9.439738170000000483e-01	1.987246448999999915e+00	5.841237367999999819e+00
5.019597519999999813e-01	1.139700560000000001e-01	2.931554208000000106e+00	5.019597519999999813e-01	5.873510140000000046e-01	2.229698786000000155e+00	5.840217657000000173e+00
5.196597299999999864e-01	1.220934580000000019e-01	3.034358790999999833e+00	5.196597299999999864e-01	5.447840179999999810e-01	2.530849342999999863e+00	5.839126287000000026e+00
5.379838399999999909e-01	1.307916540000000072e-01	3.140727245999999973e+00	5.379838399999999909e-01	6.847827950000000552e-01	2.686265133000000027e+00	5.837958336999999887e+00
5.569540910000000400e-01	1.401047009999999982e-01	3.250778711000000154e+00	5.569540910000000400e-01	8.900308850000000493e-01	2.597218742999999996e+00	5.836708565000000348e+00
5.765932649999999660e-01	1.500753619999999899e-01	3.364635841000000127e+00	5.765932649999999660e-01	7.994179359999999956e-01	2.171403350999999926e+00	5.835371388000000437e+00
5.969249509999999814e-01	1.607492680000000007e-01	3.482424866000000119e+00	5.969249509999999814e-01	1.609219570000000044e-01	2.016031647000000149e+00	5.833940866999999919e+00
6.179735680000000286e-01	1.721751039999999955e-01	3.604275637000000199e+00	6.179735680000000286e-01	-4.439110479999999748e-01	2.429242637000000204e+00	5.832410680999999819e+00
6.397643960000000130e-01	1.844047950000000102e-01	3.730321674999999892e+00	6.397643960000000130e-01	-6.422767400000000126e-01	3.181997840999999827e+00	5.830774111000000204e+00
6.623236059999999537e-01	1.974936999999999943e-01	3.860700206999999828e+00	6.623236059999999537e-01	-1.268992170000000086e-01	3.824235198999999863e+00	5.829024017000000057e+00
6.856782940000000215e-01	2.115008210000000055e-01	3.995552201000000192e+00	6.856782940000000215e-01	5.847468759999999710e-01	3.398667647999999986e+00	5.827152818000000067e+00
7.098565079999999972e-01	2.264890169999999869e-01	4.135022390999999686e+00	7.098565079999999972e-01	7.179467400000000277e-02	2.573954526000000076e+00	5.825152465999999585e+00
7.348872889999999991e-01	2.425252310000000078e-01	4.279259288999999633e+00	7.348872889999999991e-01	-1.013094616999999920e+00	2.615325308000000071e+00	5.823014429999999741e+00
7.608006990000000247e-01	2.596807219999999750e-01	4.428415198999999802e+00	7.608006990000000247e-01	-2.008329702999999800e+00	3.275745183999999810e+00	5.820729664999999997e+00
7.876278610000000402e-01	2.780313110000000032e-01	4.582646204999999640e+00	7.876278610000000402e-01	-2.945016224000000182e+00	4.561642249000000149e+00	5.818288599999999811e+00
8.154009960000000445e-01	2.976576329999999770e-01	4.742112162999999825e+00	8.154009960000000445e-01	-3.255490684000000190e+00	7.494896599999999687e+00	5.815681104000000268e+00
8.441534600000000221e-01	3.186453969999999969e-01	4.906976668000000430e+00	8.441534600000000221e-01	1.845742286999999981e+00	8.697248312999999342e+00	5.812896472000000259e+00
8.739197859999999762e-01	3.410856580000000138e-01	5.077407015000000357e+00	8.739197859999999762e-01	1.425337094000000082e+00	5.696301591000000109e+00	5.809923404000000069e+00
9.047357240000000189e-01	3.650750910000000182e-01	5.253574144999999973e+00	9.047357240000000189e-01	7.725475579999999676e-01	5.768437919000000136e+00	5.806749975999999869e+00
9.366382869999999583e-01	3.907162800000000269e-01	5.435652569000000156e+00	9.366382869999999583e-01	6.699188339999999631e-01	5.849878997000000247e+00	5.803363630999999856e+00
9.696657890000000002e-01	4.181180030000000158e-01	5.623820281000000421e+00	9.696657890000000002e-01	5.975710859999999736e-01	5.740665115999999735e+00	5.799751153999999964e+00
1.003857898999999998e+00	4.473955319999999847e-01	5.818258654000000085e+00	1.003857898999999998e+00	-2.120815610000000018e-01	6.049865914999999816e+00	5.795898659999999758e+00
1.039255682999999930e+00	4.786709270000000238e-01	6.019152312000000116e+00	1.039255682999999930e+00	-1.377419370000000087e-01	7.226090467999999767e+00	5.791791577999999774e+00
1.075901653999999930e+00	5.120733450000000131e-01	6.226688989000000340e+00	1.075901653999999930e+00	4.466209190000000051e-01	8.032394798000000335e+00	5.787414644000000052e+00
1.113839825999999977e+00	5.477393390000000473e-01	6.441059360999999761e+00	1.113839825999999977e+00	1.467659735000000021e+00	7.910076727999999946e+00	5.782751889000000034e+00
1.153115764999999904e+00	5.858131580000000005e-01	6.662456863000000062e+00	1.153115764999999904e+00	1.965728708000000102e+00	7.765320014000000270e+00	5.777786641999999695e+00
1.193776641999999999e+00	6.264470540000000032e-01	6.891077486000000363e+00	1.193776641999999999e+00	1.493099640000000061e+00	7.274482616000000235e+00	5.772501526000000105e+00
1.235871291999999899e+00	6.698015739999999552e-01	7.127119546000000305e+00	1.235871291999999899e+00	1.296803750999999894e+00	7.777133088000000249e+00	5.766878469999999979e+00
1.279450272999999916e+00	7.160458539999999816e-01	7.370783438000000132e+00	1.279450272999999916e+00	1.757679270999999988e+00	8.960037163999999166e+00	5.760898717999999974e+00
1.324565924999999922e+00	7.653578949999999548e-01	7.622271374000000321e+00	1.324565924999999922e+00	2.880753846000000173e+00	8.816727281000000360e+00	5.754542847999999822e+00
1.371272433999999985e+00	8.179248449999999560e-01	7.881787090999999634e+00	1.371272433999999985e+00	3.264350106000000196e+00	7.582772740000000233e+00	5.747790806000000252e+00
1.419625896000000109e+00	8.739432520000000038e-01	8.149535553999999848e+00	1.419625896000000109e+00	2.785444132999999933e+00	7.261733832000000000e+00	5.740621929999999651e+00
1.469684385999999954e+00	9.336193130000000062e-01	8.425722634999999627e+00	1.469684385999999954e+00	2.234744484999999781e+00	7.775199763999999902e+00	5.733015003000000220e+00
1.521508026000000013e+00	9.971691080000000262e-01	8.710554783999999273e+00	1.521508026000000013e+00	2.167409281999999937e+00	8.466437685000000712e+00	5.724948300000000323e+00
1.575159057000000029e+00	1.064818816999999918e+00	9.004238687999999158e+00	1.575159057000000029e+00	2.788554706000000216e+00	8.745591167000000610e+00	5.716399652999999859e+00
1.630701917999999973e+00	1.136804911999999890e+00	9.306980922999999351e+00	1.630701917999999973e+00	3.534438037000000143e+00	8.132972790000000174e+00	5.707346524000000088e+00
1.688203316999999926e+00	1.213374348000000102e+00	9.618987605999999246e+00	1.688203316999999926e+00	3.334559898999999827e+00	6.998390085999999677e+00	5.697766086999999757e+00
1.747732314999999925e+00	1.294784721999999944e+00	9.940464048999999136e+00	1.747732314999999925e+00	2.151056506000000201e+00	6.471571495000000063e+00	5.687635321000000133e+00
1.809360410999999891e+00	1.381304429999999916e+00	1.027161441500000016e+01	1.809360410999999891e+00	7.441351710000000397e-01	6.916625642999999712e+00	5.676931116000000443e+00
1.873161620000000083e+00	1.473212804999999959e+00	1.061264139200000045e+01	1.873161620000000083e+00	-3.310270470000000187e-01	8.210397785999999698e+00	5.665630385000000047e+00
1.939212571999999968e+00	1.570800248000000066e+00	1.096374587600000083e+01	1.939212571999999968e+00	-5.533394019999999802e-01	9.943980226000000755e+00	5.653710187999999803e+00
2.007592595999999840e+00	1.674368365000000081e+00	1.132512668600000083e+01	2.007592595999999840e+00	1.765253200000000133e-01	1.144265546899999997e+01	5.641147864999999761e+00
2.078383818999999910e+00	1.784230098999999958e+00	1.169698028900000075e+01	2.078383818999999910e+00	1.070492599999999905e+00	1.211825713400000026e+01	5.627921169000000390e+00
2.151671263999999972e+00	1.900709881999999906e+00	1.207950057300000068e+01	2.151671263999999972e+00	1.862915767999999916e+00	1.202795626700000042e+01	5.614008411999999559e+00
2.227542951999999854e+00	2.024143812000000153e+00	1.247287863200000047e+01	2.227542951999999854e+00	1.988831189999999971e+00	1.226792276800000003e+01	5.599388609000000017e+00
2.306090009000000052e+00	2.154879864000000200e+00	1.287730260000000015e+01	2.306090009000000052e+00	9.061517070000000285e-01	1.270089599699999994e+01	5.584041625000000231e+00
2.387406771999999844e+00	2.293278153000000152e+00	1.329295750300000023e+01	2.387406771999999844e+00	2.662565605999999807e+00	1.536150026600000018e+01	5.567948311000000317e+00
2.471590905999999865e+00	2.439711261999999881e+00	1.372002515099999975e+01	2.471590905999999865e+00	5.505171986999999767e+00	1.473881545200000076e+01	5.551090642000000130e+00
2.558743520000000160e+00	2.594564651000000222e+00	1.415868404000000069e+01	2.558743520000000160e+00	5.410922721999999574e+00	1.171448617899999967e+01	5.533451839999999677e+00
2.648969287999999978e+00	2.758237165000000157e+00	1.460910927299999962e+01	2.648969287999999978e+00	3.416358750000000111e+00	1.118965915499999930e+01	5.515016478999999805e+00
2.742376573000000040e+00	2.931141659000000121e+00	1.507147247099999987e+01	2.742376573000000040e+00	2.003128685000000075e+00	1.192507962100000007e+01	5.495770572999999715e+00
2.839077563000000026e+00	3.113705751999999993e+00	1.554594167499999990e+01	2.839077563000000026e+00	8.909847079999999586e-01	1.375640634800000051e+01	5.475701641999999758e+00
2.939188398999999841e+00	3.306372727999999928e+00	1.603268119000000169e+01	2.939188398999999841e+00	1.513929698000000101e+00	1.567553910600000044e+01	5.454798745999999809e+00
3.042829316999999811e+00	3.509602598999999934e+00	1.653185137299999852e+01	3.042829316999999811e+00	3.005769331000000211e+00	1.716241248800000108e+01	5.433052480999999823e+00
3.150124796000000060e+00	3.723873332999999786e+00	1.704360830699999951e+01	3.150124796000000060e+00	4.264550511000000377e+00	1.671001636200000107e+01	5.410454954000000427e+00
3.261203699999999817e+00	3.949682263000000138e+00	1.756810334600000090e+01	3.261203699999999817e+00	4.423673743000000158e+00	1.555160296100000039e+01	5.386999697000000253e+00
3.376199440999999801e+00	4.187547665000000308e+00	1.810548247699999891e+01	3.376199440999999801e+00	3.378206386000000006e+00	1.558314696699999935e+01	5.362681558000000237e+00
3.495250132999999870e+00	4.438010504000000189e+00	1.865588546500000078e+01	3.495250132999999870e+00	2.576667522000000154e+00	1.711931745200000066e+01	5.337496533000000376e+00
3.618498760000000036e+00	4.701636343999999745e+00	1.921944472399999881e+01	3.618498760000000036e+00	3.218327109000000075e+00	1.884154317799999845e+01	5.311441567000000141e+00
3.746093349000000128e+00	4.979017375999999828e+00	1.979628388300000097e+01	3.746093349000000128e+00	3.845358796999999829e+00	1.924004219700000107e+01	5.284514303999999996e+00
3.878187146000000141e+00	5.270774563999999884e+00	2.038651598699999923e+01	3.878187146000000141e+00	3.374071101000000183e+00	2.062119146799999925e+01	5.256712794000000244e+00
4.014938800999999557e+00	5.577559844999999683e+00	2.099024129200000033e+01	4.014938800999999557e+00	5.972261286000000169e+00	2.184557646100000028e+01	5.228035178999999921e+00
4.156512558000000190e+00	5.900058347999999953e+00	2.160754461300000173e+01	4.156512558000000190e+00	7.321299289999999793e+00	1.990028954299999953e+01	5.198479329000000426e+00
4.303078454000000441e+00	6.238990564999999933e+00	2.223849218499999836e+01	4.303078454000000441e+00	5.669122122000000097e+00	1.882514265000000009e+01	5.168042466000000168e+00
4.454812518999999860e+00	6.595114412000000037e+00	2.288312800899999999e+01	4.454812518999999860e+00	4.396494932000000411e+00	1.963984650600000137e+01	5.136720773999999601e+00
4.611896992000000139e+00	6.969227110000000280e+00	2.354146965400000013e+01	4.611896992000000139e+00	3.127575805000000209e+00	2.117949277299999977e+01	5.104508989000000163e+00
4.774520539000000063e+00	7.362166784000000241e+00	2.421350350999999890e+01	4.774520539000000063e+00	2.703801142000000102e+00	2.372977756199999888e+01	5.071400010999999708e+00
4.942878474999999661e+00	7.774813713000000348e+00	2.489917947800000064e+01	4.942878474999999661e+00	4.517943913999999950e+00	2.595456218400000026e+01	5.037384512000000036e+00
5.117173006999999885e+00	8.208091124999999266e+00	2.559840511599999857e+01	5.117173006999999885e+00	6.021382471999999986e+00	2.650977426000000037e+01	5.002450588000000309e+00
5.297613468999999853e+00	8.662965442999999155e+00	2.631103925700000090e+01	5.297613468999999853e+00	6.196224278999999946e+00	2.683049069000000131e+01	4.966583426999999773e+00
5.484416576000000099e+00	9.140445879999999690e+00	2.703688513899999890e+01	5.484416576000000099e+00	5.966801180000000038e+00	2.794762388999999914e+01	4.929765047000000067e+00
5.677806688000000435e+00	9.641583294000000137e+00	2.777568309300000138e+01	5.677806688000000435e+00	7.023683196000000351e+00	2.940001717399999848e+01	4.891974070999999924e+00
5.878016072000000314e+00	1.016746818899999916e+01	2.852710285799999923e+01	5.878016072000000314e+00	8.150844407999999319e+00	2.964567206799999965e+01	4.853185583000000136e+00
6.085285189999999567e+00	1.071922778899999962e+01	2.929073560300000167e+01	6.085285189999999567e+00	7.836782407000000283e+00	2.985765698699999859e+01	4.813371057000000341e+00
6.299862978000000169e+00	1.129802208099999916e+01	3.006608574899999908e+01	6.299862978000000169e+00	7.527363864999999876e+00	3.201159089699999782e+01	4.772498363000000410e+00
6.522007154999999834e+00	1.190503875799999989e+01	3.085256270300000025e+01	6.522007154999999834e+00	8.738051539000000645e+00	3.332255333500000205e+01	4.730531870000000083e+00
6.751984522999999960e+00	1.254148697699999992e+01	3.164947263399999855e+01	6.751984522999999960e+00	9.385795083999999733e+00	3.534182386599999859e+01	4.687432638999999845e+00
6.990071294999999907e+00	1.320858989399999928e+01	3.245601042700000249e+01	6.990071294999999907e+00	9.898625214999999145e+00	3.829672489699999716e+01	4.643158710999999883e+00
7.236553423000000151e+00	1.390757590099999952e+01	3.327125197000000156e+01	7.236553423000000151e+00	1.352159119200000070e+01	4.040687291599999753e+01	4.597665494000000130e+00
7.491726940999999584e+00	1.463966856699999930e+01	3.409414694699999870e+01	7.491726940999999584e+00	1.695056335800000014e+01	3.948529522100000122e+01	4.550906248000000431e+00
7.755898323000000261e+00	1.540607524200000000e+01	3.492351232200000055e+01	7.755898323000000261e+00	1.855305925900000119e+01	3.947514038900000344e+01	4.502832665999999762e+00
8.029384849999999574e+00	1.620797435900000139e+01	3.575802670099999858e+01	8.029384849999999574e+00	2.079222612799999936e+01	3.841878729199999754e+01	4.453395541999999985e+00
8.312514990000000381e+00	1.704650144900000086e+01	3.659622577799999732e+01	8.312514990000000381e+00	2.233299706600000079e+01	3.550796769099999750e+01	4.402545538000000036e+00
8.605628792999999277e+00	1.792273394800000119e+01	3.743649908700000140e+01	8.605628792999999277e+00	1.972814290499999856e+01	3.413054000099999996e+01	4.350234013999999760e+00
8.909078300999999200e+00	1.883767487900000148e+01	3.827708826300000311e+01	8.909078300999999200e+00	1.781868408200000076e+01	3.496000782499999815e+01	4.296413946999999567e+00
9.223227968999999860e+00	1.979223554200000024e+01	3.911608704700000061e+01	9.223227968999999860e+00	1.733482124800000079e+01	3.700606221500000004e+01	4.241040899999999780e+00
9.548455103000000221e+00	2.078721737500000089e+01	3.995144322600000208e+01	9.548455103000000221e+00	1.603751155899999858e+01	4.002675037600000252e+01	4.184074050999999628e+00
9.885150314000000549e+00	2.182329319500000153e+01	4.078096273900000313e+01	9.885150314000000549e+00	1.874025875499999927e+01	4.418012996400000247e+01	4.125477251000000400e+00
1.023371798600000027e+01	2.290098805399999904e+01	4.160231611500000071e+01	1.023371798600000027e+01	2.146056305300000133e+01	4.525151911900000101e+01	4.065220105999999944e+00
1.059457676399999926e+01	2.402066001400000061e+01	4.241304742599999855e+01	1.059457676399999926e+01	2.475387287399999892e+01	4.618434265399999816e+01	4.003279070999999689e+00
1.096816005300000008e+01	2.518248114300000040e+01	4.321058586200000207e+01	1.096816005300000008e+01	2.622804661099999990e+01	4.539627335200000147e+01	3.939638522000000087e+00
1.135491654099999970e+01	2.638641911699999909e+01	4.399226004900000220e+01	1.135491654099999970e+01	2.599669918700000082e+01	4.543501701200000298e+01	3.874291799999999952e+00
1.175531073900000045e+01	2.763221982099999963e+01	4.475531511799999862e+01	1.175531073900000045e+01	2.556314028699999952e+01	4.771937735499999889e+01	3.807242200000000132e+00
1.216982353600000089e+01	2.891939135899999869e+01	4.549693253000000226e+01	1.216982353600000089e+01	2.777481975899999966e+01	5.015189077299999809e+01	3.738503881999999834e+00
1.259895277799999924e+01	3.024718992800000095e+01	4.621425255599999815e+01	1.259895277799999924e+01	3.110453036899999901e+01	5.334115313000000214e+01	3.668102687999999834e+00
1.304321386700000041e+01	3.161460800200000065e+01	4.690439925300000112e+01	1.304321386700000041e+01	3.596778653900000222e+01	5.425990049199999987e+01	3.596076835999999943e+00
1.350314037899999953e+01	3.302036525199999772e+01	4.756450770099999659e+01	1.350314037899999953e+01	4.026435202500000088e+01	5.232574989500000129e+01	3.522477465999999779e+00
1.397928470299999937e+01	3.446290263899999928e+01	4.819175316999999836e+01	1.397928470299999937e+01	4.340101302299999730e+01	4.842880078400000343e+01	3.447369032000000111e+00
1.447221870699999968e+01	3.594038004299999756e+01	4.878338181699999865e+01	1.447221870699999968e+01	4.159933621100000067e+01	4.635035057500000022e+01	3.370829505000000115e+00
1.498253442699999916e+01	3.745067776199999798e+01	4.933674243800000170e+01	1.498253442699999916e+01	3.956513960699999899e+01	4.650130615199999795e+01	3.292950380000000177e+00
1.551084477000000028e+01	3.899140212999999733e+01	4.984931871599999909e+01	1.551084477000000028e+01	3.919827401500000263e+01	4.901718746600000287e+01	3.213836477000000080e+00
1.605778425800000164e+01	4.055989542599999709e+01	5.031876136000000344e+01	1.605778425800000164e+01	4.259227846099999937e+01	5.197758594300000112e+01	3.133605517999999979e+00
1.662400978899999870e+01	4.215325012800000337e+01	5.074291948999999846e+01	1.662400978899999870e+01	4.604448289999999844e+01	5.148359575700000335e+01	3.052387489000000009e+00
1.721020142200000080e+01	4.376832747499999954e+01	5.111987058599999756e+01	1.721020142200000080e+01	4.772630738499999836e+01	5.086281504200000114e+01	2.970323782999999995e+00
1.781706319499999935e+01	4.540178016499999814e+01	5.144794832699999887e+01	1.781706319499999935e+01	4.978748790800000279e+01	4.986308437900000001e+01	2.887566135999999783e+00
1.844532397600000095e+01	4.705007891999999714e+01	5.172576767000000331e+01	1.844532397600000095e+01	5.097367999499999769e+01	4.891201763299999783e+01	2.804275366999999797e+00
1.909573832899999957e+01	4.870954248599999659e+01	5.195224654199999748e+01	1.909573832899999957e+01	5.059211160400000296e+01	4.789090517999999719e+01	2.720619944000000068e+00
1.976908742799999885e+01	5.037637059299999720e+01	5.212662362500000057e+01	1.976908742799999885e+01	5.075978054200000145e+01	4.740785848600000207e+01	2.636774399000000102e+00
2.046617999400000087e+01	5.204667923899999948e+01	5.224847175800000088e+01	2.046617999400000087e+01	5.046844704600000142e+01	4.880510907600000081e+01	2.552917632000000214e+00
2.118785326100000077e+01	5.371653762500000084e+01	5.231770662499999958e+01	2.118785326100000077e+01	5.049146697500000158e+01	5.180553418000000221e+01	2.469231118999999808e+00
2.193497398899999951e+01	5.538200600900000126e+01	5.233459049999999735e+01	2.193497398899999951e+01	5.246123561400000312e+01	5.462055802900000145e+01	2.385897084999999862e+00
2.270843949900000069e+01	5.703917368599999804e+01	5.229973096599999849e+01	2.270843949900000069e+01	5.754062465100000168e+01	5.611869304399999692e+01	2.303096651000000161e+00
2.350917875500000065e+01	5.868419634800000040e+01	5.221407464400000009e+01	2.350917875500000065e+01	6.191628045299999883e+01	5.497542781399999967e+01	2.221008024000000081e+00
2.433815347499999859e+01	6.031333203799999865e+01	5.207889612099999965e+01	2.433815347499999859e+01	6.457954778699999565e+01	5.126112817500000318e+01	2.139804738000000039e+00
2.519635929300000043e+01	6.192297503300000017e+01	5.189578238200000015e+01	2.519635929300000043e+01	6.279914486199999857e+01	4.906494592500000351e+01	2.059654006999999787e+00
2.608482694799999990e+01	6.350968698199999807e+01	5.166661316399999748e+01	2.608482694799999990e+01	6.187799767100000281e+01	5.038027237699999716e+01	1.980715197999999955e+00
2.700462352399999943e+01	6.507022479399999781e+01	5.139353774399999963e+01	2.700462352399999943e+01	6.322254129699999936e+01	5.253280102699999787e+01	1.903138463999999974e+00
2.795685373499999926e+01	6.660156481200000655e+01	5.107894875899999931e+01	2.795685373499999926e+01	6.734330156599999384e+01	5.440844786000000255e+01	1.827063561999999974e+00
2.894266124700000020e+01	6.810092296899999553e+01	5.072545369899999912e+01	2.894266124700000020e+01	7.264019700500000454e+01	5.167038803599999852e+01	1.752618851000000033e+00
2.996323005500000036e+01	6.956577071700000658e+01	5.033584473100000167e+01	2.996323005500000036e+01	7.349493278999999291e+01	4.796331876600000044e+01	1.679920510999999950e+00
3.101978590099999877e+01	7.099384664900000530e+01	4.991306754899999731e+01	3.101978590099999877e+01	7.240637361199999589e+01	4.565529133700000131e+01	1.609071955000000109e+00
3.211359775300000052e+01	7.238316384600000220e+01	4.946018988000000149e+01	3.211359775300000052e+01	7.117679749699999547e+01	4.698301100900000193e+01	1.540163461999999983e+00
3.324597932300000025e+01	7.373201308400000187e+01	4.898037028899999967e+01	3.324597932300000025e+01	7.172974608299999488e+01	4.888505303200000185e+01	1.473271994999999945e+00
3.441829064499999902e+01	7.503896213299999829e+01	4.847682782999999773e+01	3.441829064499999902e+01	7.503309855199999845e+01	4.957851895000000297e+01	1.408461226000000011e+00
3.563193971199999766e+01	7.630285144200000502e+01	4.795281304699999936e+01	3.563193971199999766e+01	7.770468145600000298e+01	4.810597952999999904e+01	1.345781718000000016e+00
3.688838416699999811e+01	7.752278658599999517e+01	4.741158074199999817e+01	3.688838416699999811e+01	7.799803734399999655e+01	4.695159653099999986e+01	1.285271279999999905e+00
3.818913304800000219e+01	7.869812786399999993e+01	4.685636485700000264e+01	3.818913304800000219e+01	7.870765692999999885e+01	4.630597575400000210e+01	1.226955448000000004e+00
3.953574860700000215e+01	7.982847749399999771e+01	4.629035572200000104e+01	3.953574860700000215e+01	8.034486588699999743e+01	4.714483166899999844e+01	1.170848088999999925e+00
4.092984818499999733e+01	8.091366483699999890e+01	4.571667984399999796e+01	4.092984818499999733e+01	8.337050096000000110e+01	4.606989695200000057e+01	1.116952098999999921e+00
4.237310614900000161e+01	8.195373008900000400e+01	4.513838235000000054e+01	4.237310614900000161e+01	8.442614905700000349e+01	4.412120047900000230e+01	1.065260171999999894e+00
4.386725590999999724e+01	8.294890686099999755e+01	4.455841209999999819e+01	4.386725590999999724e+01	8.417253295999999807e+01	4.320627678299999985e+01	1.015755629000000049e+00
4.541409200399999690e+01	8.389960405099999718e+01	4.397960944599999777e+01	4.541409200399999690e+01	8.414279010299999584e+01	4.266658785199999926e+01	9.684132720000000472e-01
4.701547224000000114e+01	8.480638734699999759e+01	4.340469655999999787e+01	4.701547224000000114e+01	8.616408352300000217e+01	4.305646735100000200e+01	9.232002679999999906e-01
4.867331994199999912e+01	8.566996072099999537e+01	4.283627019499999733e+01	4.867331994199999912e+01	8.752009840200000212e+01	4.119401312600000153e+01	8.800770159999999898e-01
5.038962625100000281e+01	8.649114815299999748e+01	4.227679672299999680e+01	5.038962625100000281e+01	8.785392416300000207e+01	3.990419809899999848e+01	8.389980209999999827e-01
5.216645251900000346e+01	8.727087586599999725e+01	4.172860927100000339e+01	5.216645251900000346e+01	8.819418016999999566e+01	3.859855431500000122e+01	7.999127270000000456e-01
5.400593278499999883e+01	8.801015523700000642e+01	4.119390674400000307e+01	5.400593278499999883e+01	8.750260647899999356e+01	3.712898760299999878e+01	7.627663220000000521e-01
5.591027634099999943e+01	8.871006655099999705e+01	4.067475453200000146e+01	5.591027634099999943e+01	8.575257569800000113e+01	3.730970834099999678e+01	7.275005100000000446e-01
5.788177037700000227e+01	8.937174372100000141e+01	4.017308669300000190e+01	5.788177037700000227e+01	8.550129198099999428e+01	3.931457675099999705e+01	6.940542149999999744e-01
5.992278273800000221e+01	8.999636003800000594e+01	3.969070939299999878e+01	5.992278273800000221e+01	8.714897063300000468e+01	4.067704860399999944e+01	6.623642560000000401e-01
6.203576476100000292e+01	9.058511502000000348e+01	3.922930540800000188e+01	6.203576476100000292e+01	9.004482229500000301e+01	4.072421051300000272e+01	6.323659510000000372e-01
6.422325422199999423e+01	9.113922236400000543e+01	3.879043950500000193e+01	6.422325422199999423e+01	9.131751820300000588e+01	4.007098778099999947e+01	6.039936780000000338e-01
6.648787838399999828e+01	9.165989900700000703e+01	3.837556450699999999e+01	6.648787838399999828e+01	9.256229091999999525e+01	3.823697413899999731e+01	5.771813670000000007e-01
6.883235715099999652e+01	9.214835527699999318e+01	3.798602790300000009e+01	6.883235715099999652e+01	9.186678618599999879e+01	3.627496018400000111e+01	5.518629529999999894e-01
7.125950633600000117e+01	9.260578608800000211e+01	3.762307883700000133e+01	7.125950633600000117e+01	9.093307001399999479e+01	3.746922024399999884e+01	5.279727680000000367e-01
7.377224104200000454e+01	9.303336312899999427e+01	3.728787536699999805e+01	7.377224104200000454e+01	9.195914265300000068e+01	3.786423617399999841e+01	5.054458809999999858e-01
7.637357916400000590e+01	9.343222799400000156e+01	3.698149185900000191e+01	7.637357916400000590e+01	9.285192774300000451e+01	3.755931850500000024e+01	4.842183939999999964e-01
7.906664501299999870e+01	9.380348617800000000e+01	3.670492644000000126e+01	7.906664501299999870e+01	9.420253677799999537e+01	3.691667419699999897e+01	4.642276960000000230e-01
8.185467307099999346e+01	9.414820186599999374e+01	3.645910841900000321e+01	8.185467307099999346e+01	9.374406717600000150e+01	3.578970904100000183e+01	4.454126689999999833e-01
8.474101186900000471e+01	9.446739345000000299e+01	3.624490560099999925e+01	8.474101186900000471e+01	9.356100254000000405e+01	3.542846416300000101e+01	4.277138639999999992e-01
8.772912801600000421e+01	9.476202969300000234e+01	3.606313145299999690e+01	8.772912801600000421e+01	9.366829731500000378e+01	3.597046551199999698e+01	4.110736340000000211e-01
9.082261035999999876e+01	9.503302646000000209e+01	3.591455206799999900e+01	9.082261035999999876e+01	9.381376413200000286e+01	3.574053198800000075e+01	3.954362459999999913e-01
9.402517429700000662e+01	9.528124395300000060e+01	3.579989289699999944e+01	9.402517429700000662e+01	9.384024960799999349e+01	3.615354908399999800e+01	3.807479559999999985e-01
9.734066623399999685e+01	9.550748438099999760e+01	3.571984522700000042e+01	9.734066623399999685e+01	9.409792868399999577e+01	3.662259771299999755e+01	3.669570650000000267e-01
1.007730682090000016e+02	9.571248998500000482e+01	3.567507237600000281e+01	1.007730682090000016e+02	9.417990516199999718e+01	3.689636589100000208e+01	3.540139540000000196e-01
1.043265026760000040e+02	9.589694136500000354e+01	3.566621562299999937e+01	1.043265026760000040e+02	9.462811332100000072e+01	3.711349262299999907e+01	3.418710939999999865e-01
1.080052374520000029e+02	9.606145605099999329e+01	3.569389983100000308e+01	1.080052374520000029e+02	9.537721085600000492e+01	3.759933896100000084e+01	3.304830460000000025e-01
1.118136908430000034e+02	9.620658724700000164e+01	3.575873880000000327e+01	1.118136908430000034e+02	9.638359785599999441e+01	3.748069061199999652e+01	3.198064429999999958e-01
1.157564369549999981e+02	9.633282271199999514e+01	3.586134033100000096e+01	1.157564369549999981e+02	9.604040684000000283e+01	3.634130385999999646e+01	3.097999670000000094e-01
1.198382111850000058e+02	9.644058371600000612e+01	3.600231102000000050e+01	1.198382111850000058e+02	9.553191002500000195e+01	3.697526072400000174e+01	3.004243030000000036e-01
1.240639159060000054e+02	9.653022403299999610e+01	3.618226078600000051e+01	1.240639159060000054e+02	9.489309646700000656e+01	3.813933824499999758e+01	2.916420989999999880e-01
1.284386263590000112e+02	9.660202892300000599e+01	3.640180715900000052e+01	1.284386263590000112e+02	9.569917030000000580e+01	3.869200731699999807e+01	2.834179110000000223e-01
1.329675967469999875e+02	9.665621405999999638e+01	3.666157931899999767e+01	1.329675967469999875e+02	9.614293891200000530e+01	4.003129137500000212e+01	2.757181459999999973e-01
1.376562665440000046e+02	9.669292437299999676e+01	3.696222192500000148e+01	1.376562665440000046e+02	9.682222238299999617e+01	4.102702610099999703e+01	2.685110010000000269e-01
1.425102670299999943e+02	9.671223276499999599e+01	3.730439873400000295e+01	1.425102670299999943e+02	9.848404152700000225e+01	4.077320381900000257e+01	2.617663940000000133e-01
1.475354280560000007e+02	9.671413866400000359e+01	3.768879603500000286e+01	1.475354280560000007e+02	9.941768347999999378e+01	4.057000226600000303e+01	2.554559029999999842e-01
1.527377850389999878e+02	9.669856638400000293e+01	3.811612590499999698e+01	1.527377850389999878e+02	9.882545742700000346e+01	3.959129331700000165e+01	2.495526949999999911e-01
1.581235862199999929e+02	9.666536325399999896e+01	3.858712931699999871e+01	1.581235862199999929e+02	9.862105615500000511e+01	3.978316991900000232e+01	2.440314580000000066e-01
