1.000000000000000021e-02	8.046690000000000439e-04	1.023905989999999988e-01	1.000000000000000021e-02	8.153845999999999317e-02	-8.208061899999999356e-02	1.023905990399999943e+01
1.035261699999999972e-02	8.623860000000000336e-04	1.059999580000000052e-01	1.035261699999999972e-02	7.859170399999999834e-02	-8.494085299999999672e-02	1.023895244500000068e+01
1.071766900000000085e-02	9.242420000000000323e-04	1.097364680000000037e-01	1.071766900000000085e-02	7.541117499999999696e-02	-8.788899199999999912e-02	1.023883728899999923e+01
1.109559300000000082e-02	9.905310000000000070e-04	1.136045980000000011e-01	1.109559300000000082e-02	7.197732499999999478e-02	-9.092508400000000324e-02	1.023871388499999924e+01
1.148684300000000005e-02	1.061571000000000086e-03	1.176089750000000045e-01	1.148684300000000005e-02	6.826890600000000420e-02	-9.404856899999999853e-02	1.023858164399999993e+01
1.189188899999999924e-02	1.137703000000000108e-03	1.217543880000000051e-01	1.189188899999999924e-02	6.426284000000000163e-02	-9.725814200000000576e-02	1.023843993400000052e+01
1.231121699999999930e-02	1.219290999999999951e-03	1.260457909999999904e-01	1.231121699999999930e-02	5.993406500000000164e-02	-1.005516000000000049e-01	1.023828807900000015e+01
1.274533299999999932e-02	1.306724999999999901e-03	1.304883119999999952e-01	1.274533299999999932e-02	5.525538399999999767e-02	-1.039256590000000036e-01	1.023812535499999932e+01
1.319475500000000072e-02	1.400423000000000032e-03	1.350872569999999884e-01	1.319475500000000072e-02	5.019731200000000088e-02	-1.073757389999999978e-01	1.023795098599999953e+01
1.366002499999999925e-02	1.500833999999999935e-03	1.398481179999999935e-01	1.366002499999999925e-02	4.472790799999999678e-02	-1.108957230000000016e-01	1.023776414199999962e+01
1.414170200000000079e-02	1.608437000000000104e-03	1.447765749999999907e-01	1.414170200000000079e-02	3.881262099999999854e-02	-1.144776650000000062e-01	1.023756393100000039e+01
1.464036299999999999e-02	1.723745999999999959e-03	1.498785099999999926e-01	1.464036299999999999e-02	3.241412700000000091e-02	-1.181114639999999993e-01	1.023734940299999963e+01
1.515660800000000023e-02	1.847312000000000043e-03	1.551600039999999903e-01	1.515660800000000023e-02	2.549218300000000159e-02	-1.217844859999999974e-01	1.023711953599999980e+01
1.569105599999999837e-02	1.979725999999999795e-03	1.606273520000000010e-01	1.569105599999999837e-02	1.800348800000000152e-02	-1.254811309999999958e-01	1.023687323799999938e+01
1.624435000000000115e-02	2.121618000000000028e-03	1.662870660000000111e-01	1.624435000000000115e-02	9.901569000000000689e-03	-1.291823410000000061e-01	1.023660934099999942e+01
1.681715400000000082e-02	2.273666000000000142e-03	1.721458839999999990e-01	1.681715400000000082e-02	1.136697000000000098e-03	-1.328650449999999872e-01	1.023632659099999920e+01
1.741015699999999902e-02	2.436593999999999826e-03	1.782107739999999885e-01	1.741015699999999902e-02	-8.344165000000000609e-03	-1.365015390000000051e-01	1.023602364899999984e+01
1.802406900000000020e-02	2.611178000000000023e-03	1.844889469999999865e-01	1.802406900000000020e-02	-1.859735300000000049e-02	-1.400587789999999944e-01	1.023569908200000000e+01
1.865962900000000049e-02	2.798249999999999956e-03	1.909878610000000088e-01	1.865962900000000049e-02	-2.968242700000000081e-02	-1.434976189999999929e-01	1.023535135300000043e+01
1.931760000000000074e-02	2.998699999999999977e-03	1.977152309999999913e-01	1.931760000000000074e-02	-4.166201600000000310e-02	-1.467719570000000084e-01	1.023497881900000017e+01
1.999877300000000094e-02	3.213479999999999896e-03	2.046790340000000097e-01	1.999877300000000094e-02	-5.460156299999999879e-02	-1.498278140000000036e-01	1.023457972399999960e+01
2.070396399999999831e-02	3.443611000000000068e-03	2.118875219999999948e-01	2.070396399999999831e-02	-6.856893299999999858e-02	-1.526023430000000014e-01	1.023415218699999940e+01
2.143402200000000049e-02	3.690184999999999906e-03	2.193492300000000061e-01	2.143402200000000049e-02	-8.363389100000000187e-02	-1.550227750000000015e-01	1.023369419499999999e+01
2.218982300000000088e-02	3.954370999999999928e-03	2.270729810000000071e-01	2.218982300000000088e-02	-9.986739899999999559e-02	-1.570053170000000053e-01	1.023320359599999918e+01
2.297227500000000033e-02	4.237422000000000237e-03	2.350678989999999968e-01	2.297227500000000033e-02	-1.173407209999999951e-01	-1.584540269999999973e-01	1.023267809000000028e+01
2.378231800000000021e-02	4.540676999999999908e-03	2.433434170000000063e-01	2.378231800000000021e-02	-1.361243079999999994e-01	-1.592596779999999879e-01	1.023211521600000040e+01
2.462092399999999889e-02	4.865569999999999617e-03	2.519092880000000090e-01	2.462092399999999889e-02	-1.562864519999999924e-01	-1.592986570000000102e-01	1.023151234100000018e+01
2.548910100000000012e-02	5.213635999999999791e-03	2.607755920000000005e-01	2.548910100000000012e-02	-1.778916730000000002e-01	-1.584319309999999981e-01	1.023086665499999981e+01
2.638789100000000012e-02	5.586515000000000231e-03	2.699527469999999929e-01	2.638789100000000012e-02	-2.009988460000000088e-01	-1.565041279999999924e-01	1.023017515000000088e+01
2.731837399999999944e-02	5.985965000000000209e-03	2.794515229999999795e-01	2.731837399999999944e-02	-2.256590589999999952e-01	-1.533427810000000113e-01	1.022943461600000070e+01
2.828166799999999939e-02	6.413864000000000024e-03	2.892830439999999892e-01	2.828166799999999939e-02	-2.519132190000000215e-01	-1.487578059999999924e-01	1.022864162099999952e+01
2.927892899999999868e-02	6.872223000000000220e-03	2.994588089999999925e-01	2.927892899999999868e-02	-2.797894129999999868e-01	-1.425412510000000077e-01	1.022779249999999962e+01
3.031135500000000163e-02	7.363190000000000360e-03	3.099906920000000121e-01	3.031135500000000163e-02	-3.093000890000000003e-01	-1.344673879999999933e-01	1.022688334000000054e+01
3.138018599999999741e-02	7.889065000000000660e-03	3.208909600000000029e-01	3.138018599999999741e-02	-3.404390919999999987e-01	-1.242931929999999963e-01	1.022590996299999944e+01
3.248670699999999661e-02	8.452304000000000761e-03	3.321722830000000126e-01	3.248670699999999661e-02	-3.731786420000000049e-01	-1.117592429999999942e-01	1.022486791200000056e+01
3.363224499999999811e-02	9.055534000000000500e-03	3.438477420000000118e-01	3.363224499999999811e-02	-4.074663379999999835e-01	-9.659105299999999616e-02	1.022375242999999934e+01
3.481817599999999929e-02	9.701560999999999171e-03	3.559308420000000250e-01	3.481817599999999929e-02	-4.432222760000000261e-01	-7.850084100000000176e-02	1.022255844400000058e+01
3.604592599999999897e-02	1.039338599999999925e-02	3.684355229999999870e-01	3.604592599999999897e-02	-4.803364030000000229e-01	-5.718966100000000274e-02	1.022128054500000083e+01
3.731696799999999897e-02	1.113421300000000044e-02	3.813761689999999871e-01	3.731696799999999897e-02	-5.186661719999999809e-01	-3.234985299999999786e-02	1.021991296799999915e+01
3.863282999999999995e-02	1.192746499999999994e-02	3.947676239999999837e-01	3.863282999999999995e-02	-5.580345970000000211e-01	-3.667648999999999822e-03	1.021844957100000073e+01
3.999509100000000344e-02	1.277679500000000051e-02	4.086251980000000228e-01	3.999509100000000344e-02	-5.982287210000000188e-01	2.917420000000000083e-02	1.021688381399999912e+01
4.140538800000000130e-02	1.368610699999999944e-02	4.229646790000000101e-01	4.140538800000000130e-02	-6.389985019999999682e-01	6.649400399999999545e-02	1.021520873499999915e+01
4.286541399999999752e-02	1.465956199999999925e-02	4.378023460000000089e-01	4.286541399999999752e-02	-6.800560249999999529e-01	1.086091230000000019e-01	1.021341692600000073e+01
4.437692299999999868e-02	1.570160500000000042e-02	4.531549770000000144e-01	4.437692299999999868e-02	-7.210748719999999778e-01	1.558346479999999923e-01	1.021150050900000039e+01
4.594173099999999954e-02	1.681697500000000137e-02	4.690398599999999751e-01	4.594173099999999954e-02	-7.616893940000000196e-01	2.084829960000000038e-01	1.020945111199999999e+01
4.756171700000000335e-02	1.801072299999999932e-02	4.854748050000000092e-01	4.756171700000000335e-02	-8.014934790000000087e-01	2.668646749999999956e-01	1.020725984199999914e+01
4.923882599999999943e-02	1.928823799999999922e-02	5.024781480000000133e-01	4.923882599999999943e-02	-8.400383150000000354e-01	3.312904150000000048e-01	1.020491725800000005e+01
5.097507300000000269e-02	2.065525600000000031e-02	5.200687689999999863e-01	5.097507300000000269e-02	-8.768284560000000338e-01	4.020748160000000015e-01	1.020241334500000008e+01
5.277254399999999762e-02	2.211789299999999958e-02	5.382660900000000304e-01	5.277254399999999762e-02	-9.113153130000000157e-01	4.795415909999999893e-01	1.019973748399999991e+01
5.463339600000000074e-02	2.368265599999999985e-02	5.570900930000000084e-01	5.463339600000000074e-02	-9.428869659999999930e-01	5.640303679999999487e-01	1.019687842699999969e+01
5.655986500000000083e-02	2.535647200000000143e-02	5.765613210000000155e-01	5.655986500000000083e-02	-9.708528279999999455e-01	6.559048690000000015e-01	1.019382427000000035e+01
5.855426400000000170e-02	2.714671000000000098e-02	5.967008849999999587e-01	5.855426400000000170e-02	-9.944212620000000280e-01	7.555620549999999547e-01	1.019056241999999912e+01
6.061898999999999760e-02	2.906120300000000073e-02	6.175304740000000514e-01	6.061898999999999760e-02	-1.012667586999999925e+00	8.634414639999999919e-01	1.018707957400000019e+01
6.275652099999999567e-02	3.110827600000000068e-02	6.390723560000000081e-01	6.275652099999999567e-02	-1.024488934000000073e+00	9.800333260000000379e-01	1.018336168699999966e+01
6.496942599999999679e-02	3.329677400000000120e-02	6.613493820000000412e-01	6.496942599999999679e-02	-1.028541063999999894e+00	1.105882964000000079e+00	1.017939394999999969e+01
6.726036200000000409e-02	3.563608199999999948e-02	6.843849910000000536e-01	6.726036200000000409e-02	-1.023150258000000035e+00	1.241586999999999996e+00	1.017516076100000078e+01
6.963207899999999950e-02	3.813615800000000333e-02	7.082032090000000002e-01	6.963207899999999950e-02	-1.006190629000000003e+00	1.387773340999999938e+00	1.017064570600000017e+01
7.208742799999999507e-02	4.080755999999999967e-02	7.328286510000000531e-01	7.208742799999999507e-02	-9.749135770000000312e-01	1.545050398000000103e+00	1.016583153600000067e+01
7.462935699999999339e-02	4.366147499999999820e-02	7.582865170000000488e-01	7.462935699999999339e-02	-9.257118549999999724e-01	1.713899112000000002e+00	1.016070014599999993e+01
7.726091799999999787e-02	4.670974600000000337e-02	7.846025939999999865e-01	7.726091799999999787e-02	-8.537974139999999768e-01	1.894459590000000082e+00	1.015523256500000038e+01
7.998527299999999562e-02	4.996490499999999696e-02	8.118032480000000328e-01	7.998527299999999562e-02	-7.527749459999999448e-01	2.086124647000000110e+00	1.014940893500000030e+01
8.280569399999999913e-02	5.344020000000000020e-02	8.399154189999999964e-01	8.280569399999999913e-02	-6.141162730000000458e-01	2.286782687000000092e+00	1.014320851099999921e+01
8.572556700000000252e-02	5.714962400000000303e-02	8.689666129999999988e-01	8.572556700000000252e-02	-4.266227989999999970e-01	2.491436240000000080e+00	1.013660965000000047e+01
8.874840100000000453e-02	6.110795100000000063e-02	8.989848950000000061e-01	8.874840100000000453e-02	-1.761967419999999895e-01	2.689758647000000114e+00	1.012958981699999939e+01
9.187782399999999683e-02	6.533075900000000213e-02	9.299988759999999743e-01	9.187782399999999683e-02	1.531747910000000046e-01	2.862030601999999924e+00	1.012212558699999931e+01
9.511759699999999818e-02	6.983446299999999940e-02	9.620377009999999673e-01	9.511759699999999818e-02	5.750776789999999528e-01	2.973258798999999897e+00	1.011419266100000058e+01
9.847161000000000108e-02	7.463634099999999494e-02	9.951310330000000537e-01	9.847161000000000108e-02	1.088956444999999995e+00	2.967489698000000065e+00	1.010576588500000028e+01
1.019438909999999948e-01	7.975456799999999791e-02	1.029309040000000008e+00	1.019438909999999948e-01	1.657053617999999950e+00	2.770931377000000140e+00	1.009681927599999973e+01
1.055386100000000049e-01	8.520823499999999329e-02	1.064602373999999907e+00	1.055386100000000049e-01	2.177320910000000165e+00	2.322273701999999940e+00	1.008732605700000029e+01
1.092600860000000063e-01	9.101738600000000567e-02	1.101042153999999940e+00	1.092600860000000063e-01	2.490552144000000023e+00	1.639202814999999980e+00	1.007725870300000004e+01
1.131127880000000058e-01	9.720303199999999477e-02	1.138659942999999952e+00	1.131127880000000058e-01	2.467052540000000072e+00	8.665603100000000003e-01	1.006658898999999963e+01
1.171013419999999972e-01	1.037871840000000045e-01	1.177487728000000011e+00	1.171013419999999972e-01	2.115453164999999913e+00	2.107834530000000095e-01	1.005528805700000028e+01
1.212305399999999977e-01	1.107928700000000016e-01	1.217557894000000029e+00	1.212305399999999977e-01	1.573264951999999939e+00	-1.966125330000000060e-01	1.004332647799999911e+01
1.255053409999999925e-01	1.182441590000000015e-01	1.258903201999999943e+00	1.255053409999999925e-01	9.941001390000000493e-01	-3.478533610000000276e-01	1.003067434299999938e+01
1.299308779999999997e-01	1.261661779999999899e-01	1.301556763000000005e+00	1.299308779999999997e-01	4.722955429999999843e-01	-3.041276600000000219e-01	1.001730134600000000e+01
1.345124679999999961e-01	1.345851329999999957e-01	1.345552013000000047e+00	1.345124679999999961e-01	4.268105099999999763e-02	-1.340065779999999873e-01	1.000317688600000032e+01
1.392556130000000003e-01	1.435283199999999870e-01	1.390922685000000047e+00	1.392556130000000003e-01	-2.925190590000000257e-01	1.121092100000000008e-01	9.988270174000000168e+00
1.441660090000000116e-01	1.530241430000000014e-01	1.437702784999999928e+00	1.441660090000000116e-01	-5.423451599999999928e-01	4.036272220000000077e-01	9.972550353000000811e+00
1.492495550000000060e-01	1.631021229999999878e-01	1.485926566999999920e+00	1.492495550000000060e-01	-7.160667040000000538e-01	7.240902449999999657e-01	9.955986618000000732e+00
1.545123549999999901e-01	1.737929139999999928e-01	1.535628506999999976e+00	1.545123549999999901e-01	-8.183343490000000164e-01	1.065239878000000084e+00	9.938548350999999670e+00
1.599607299999999954e-01	1.851283049999999930e-01	1.586843277000000052e+00	1.599607299999999954e-01	-8.468324670000000332e-01	1.421914353000000020e+00	9.920205259999999470e+00
1.656012249999999908e-01	1.971412359999999975e-01	1.639605726000000097e+00	1.656012249999999908e-01	-7.907526040000000256e-01	1.786499657000000019e+00	9.900927515999999429e+00
1.714406139999999912e-01	2.098657999999999912e-01	1.693950853999999895e+00	1.714406139999999912e-01	-6.307612900000000300e-01	2.140509579999999801e+00	9.880685901999999743e+00
1.774859089999999973e-01	2.233372499999999872e-01	1.749913795000000105e+00	1.774859089999999973e-01	-3.455724270000000153e-01	2.441011780000000186e+00	9.859451961999999625e+00
1.837443719999999892e-01	2.375920079999999934e-01	1.807529799000000104e+00	1.837443719999999892e-01	6.207868200000000308e-02	2.607027217999999813e+00	9.837198139999999924e+00
1.902235200000000070e-01	2.526676700000000109e-01	1.866834211000000021e+00	1.902235200000000070e-01	5.114723300000000306e-01	2.538440996999999921e+00	9.813897934999999961e+00
1.969311340000000077e-01	2.686030119999999743e-01	1.927862460999999916e+00	1.969311340000000077e-01	8.201769150000000064e-01	2.216874962999999976e+00	9.789526031999999489e+00
2.038752699999999973e-01	2.854380009999999968e-01	1.990650048000000005e+00	2.038752699999999973e-01	8.337997780000000470e-01	1.802009930000000093e+00	9.764058444999999864e+00
2.110642679999999993e-01	3.032137990000000061e-01	2.055232533999999944e+00	2.110642679999999993e-01	5.908437970000000039e-01	1.511030474000000012e+00	9.737472638999999930e+00
2.185067629999999927e-01	3.219727820000000129e-01	2.121645527000000087e+00	2.185067629999999927e-01	2.505192210000000141e-01	1.429044194000000045e+00	9.709747653999999173e+00
2.262116929999999915e-01	3.417585470000000236e-01	2.189924682000000011e+00	2.262116929999999915e-01	-6.535636200000000118e-02	1.516762230999999961e+00	9.680864206000000749e+00
2.341883130000000091e-01	3.626159350000000003e-01	2.260105687999999891e+00	2.341883130000000091e-01	-3.106941699999999917e-01	1.702376676999999949e+00	9.650804787000000218e+00
2.424462019999999995e-01	3.845910450000000202e-01	2.332224266999999962e+00	2.424462019999999995e-01	-4.892462559999999905e-01	1.927155012000000056e+00	9.619553742000000796e+00
2.509952779999999883e-01	4.077312630000000104e-01	2.406316164999999785e+00	2.509952779999999883e-01	-6.335052719999999526e-01	2.158321643999999928e+00	9.587097335999999359e+00
2.598458100000000104e-01	4.320852900000000107e-01	2.482417150999999933e+00	2.598458100000000104e-01	-7.885505040000000410e-01	2.400034391999999794e+00	9.553423803999999464e+00
2.690084280000000216e-01	4.577031719999999915e-01	2.560563010000000084e+00	2.690084280000000216e-01	-9.853651789999999799e-01	2.698107192000000154e+00	9.518523382999999782e+00
2.784941349999999760e-01	4.846363390000000271e-01	2.640789535000000132e+00	2.784941349999999760e-01	-1.216905295000000109e+00	3.123475036999999954e+00	9.482388328000000755e+00
2.883143249999999824e-01	5.129376509999999945e-01	2.723132520000000056e+00	2.883143249999999824e-01	-1.436655443000000032e+00	3.757260367000000212e+00	9.445012908000000706e+00
2.984807919999999948e-01	5.426614389999999677e-01	2.807627747000000173e+00	2.984807919999999948e-01	-1.543817626999999915e+00	4.714711966000000309e+00	9.406393393000000103e+00
3.090057460000000256e-01	5.738635650000000199e-01	2.894310974999999786e+00	3.090057460000000256e-01	-1.236821602000000020e+00	6.192852509999999810e+00	9.366528011999999848e+00
3.199018279999999992e-01	6.066014749999999456e-01	2.983217921000000050e+00	3.199018279999999992e-01	6.006961170000000294e-01	8.141880162999999726e+00	9.325416910999999587e+00
3.311821260000000211e-01	6.409342679999999737e-01	3.074384234000000049e+00	3.311821260000000211e-01	4.969397756000000221e+00	7.074199820999999666e+00	9.283062079000000466e+00
3.428601860000000112e-01	6.769227549999999871e-01	3.167845471000000135e+00	3.428601860000000112e-01	4.543685171999999994e+00	2.777333247000000060e+00	9.239467273000000702e+00
3.549500360000000243e-01	7.146295440000000054e-01	3.263637060000000201e+00	3.549500360000000243e-01	2.162656466000000055e+00	2.135062239999999889e+00	9.194637927000000488e+00
3.674661940000000238e-01	7.541191069999999552e-01	3.361794258999999840e+00	3.674661940000000238e-01	8.506998620000000288e-01	2.974851786999999970e+00	9.148581049000000576e+00
3.804236939999999789e-01	7.954578669999999851e-01	3.462352110999999955e+00	3.804236939999999789e-01	3.871523040000000027e-01	4.372855099999999773e+00	9.101305106999999950e+00
3.938380980000000253e-01	8.387142810000000059e-01	3.565345381000000202e+00	3.938380980000000253e-01	1.132897261999999960e+00	6.303565447000000432e+00	9.052819917000000771e+00
4.077255180000000090e-01	8.839589300000000316e-01	3.670808495000000171e+00	4.077255180000000090e-01	4.679380672999999824e+00	7.082098721000000374e+00	9.003136508000000759e+00
4.221026319999999776e-01	9.312646070000000220e-01	3.778775464000000195e+00	4.221026319999999776e-01	6.218372635999999787e+00	2.875430310000000045e+00	8.952267000999999169e+00
4.369867080000000015e-01	9.807064119999999718e-01	3.889279795999999845e+00	4.369867080000000015e-01	3.936580730000000194e+00	1.397178132999999933e+00	8.900224472999999747e+00
4.523956230000000245e-01	1.032361845000000056e+00	4.002354405000000170e+00	4.523956230000000245e-01	2.905405180999999892e+00	1.686952535000000086e+00	8.847022823999999730e+00
4.683478830000000204e-01	1.086310899999999968e+00	4.118031497999999679e+00	4.683478830000000204e-01	2.707935715000000076e+00	1.536244742999999913e+00	8.792676649000000566e+00
4.848626480000000072e-01	1.142636162999999927e+00	4.236342462999999725e+00	4.848626480000000072e-01	1.782063205999999900e+00	9.231819460000000310e-01	8.737201102000000219e+00
5.019597519999999813e-01	1.201422900999999932e+00	4.357317734000000442e+00	5.019597519999999813e-01	3.538670019999999861e-01	1.258945221999999919e+00	8.680611769000000422e+00
5.196597299999999864e-01	1.262759157000000076e+00	4.480986646999999934e+00	5.196597299999999864e-01	-6.310980299999999765e-01	2.293567244000000116e+00	8.622924552000000631e+00
5.379838399999999909e-01	1.326735841999999943e+00	4.607377289000000431e+00	5.379838399999999909e-01	-1.125291354000000021e+00	3.676047993000000069e+00	8.564155545000000203e+00
5.569540910000000400e-01	1.393446814999999894e+00	4.736516326000000277e+00	5.569540910000000400e-01	-8.878974649999999968e-01	5.346577374999999854e+00	8.504320923999999948e+00
5.765932649999999660e-01	1.462988973000000081e+00	4.868428819000000018e+00	5.765932649999999660e-01	4.148583470000000162e-01	6.449275404999999850e+00	8.443436846000000884e+00
5.969249509999999814e-01	1.535462322000000102e+00	5.003138030999999764e+00	5.969249509999999814e-01	1.320370534999999901e+00	6.576840984999999584e+00	8.381519356000000087e+00
6.179735680000000286e-01	1.610970049000000071e+00	5.140665213000000122e+00	6.179735680000000286e-01	2.277933658999999889e+00	7.345022531999999771e+00	8.318584290000000436e+00
6.397643960000000130e-01	1.689618585999999922e+00	5.281029382999999910e+00	6.397643960000000130e-01	4.876544817000000087e+00	6.724913529000000167e+00	8.254647209999999902e+00
6.623236059999999537e-01	1.771517667999999990e+00	5.424247084000000108e+00	6.623236059999999537e-01	4.716023101000000217e+00	3.995510191999999794e+00	8.189723323000000832e+00
6.856782940000000215e-01	1.856780370000000069e+00	5.570332131999999881e+00	6.856782940000000215e-01	3.409013354999999912e+00	3.603963922999999792e+00	8.123827433000000653e+00
7.098565079999999972e-01	1.945523150000000090e+00	5.719295348000000168e+00	7.098565079999999972e-01	3.039685400999999842e+00	3.591742380999999984e+00	8.056973881999999421e+00
7.348872889999999991e-01	2.037865864000000027e+00	5.871144273999999719e+00	7.348872889999999991e-01	2.352367608999999860e+00	3.352759739000000128e+00	7.989176516999999755e+00
7.608006990000000247e-01	2.133931779000000084e+00	6.025882875999999833e+00	7.608006990000000247e-01	1.592440657999999898e+00	3.820682096000000083e+00	7.920448656999999670e+00
7.876278610000000402e-01	2.233847566000000118e+00	6.183511232999999940e+00	7.876278610000000402e-01	1.431150535000000001e+00	4.431599334999999584e+00	7.850803073999999881e+00
8.154009960000000445e-01	2.337743270999999901e+00	6.344025212000000025e+00	8.154009960000000445e-01	1.318979354999999964e+00	4.694476255999999736e+00	7.780251981000000150e+00
8.441534600000000221e-01	2.445752281999999944e+00	6.507416125999999856e+00	8.441534600000000221e-01	9.585514529999999978e-01	5.062928895999999845e+00	7.708807033000000253e+00
8.739197859999999762e-01	2.558011260999999870e+00	6.673670385000000316e+00	8.739197859999999762e-01	5.394506329999999572e-01	5.752011279000000421e+00	7.636479336999999923e+00
9.047357240000000189e-01	2.674660060999999978e+00	6.842769124000000147e+00	9.047357240000000189e-01	3.354962329999999771e-01	6.955015936999999759e+00	7.563279464999999924e+00
9.366382869999999583e-01	2.795841623999999914e+00	7.014687834000000066e+00	9.366382869999999583e-01	9.116788620000000343e-01	8.535781852999999586e+00	7.489217485000000174e+00
9.696657890000000002e-01	2.921701844999999853e+00	7.189395966000000193e+00	9.696657890000000002e-01	2.804617406999999840e+00	9.706608126000000780e+00	7.414302994999999896e+00
1.003857898999999998e+00	3.052389413999999856e+00	7.366856536000000233e+00	1.003857898999999998e+00	5.008753282999999890e+00	8.819998410000000177e+00	7.338545167000000369e+00
1.039255682999999930e+00	3.188055626999999781e+00	7.547025715000000190e+00	1.039255682999999930e+00	5.368236141999999766e+00	7.150142741999999885e+00	7.261952798000000264e+00
1.075901653999999930e+00	3.328854166000000170e+00	7.729852417000000031e+00	1.075901653999999930e+00	4.820997916999999688e+00	6.430943334000000178e+00	7.184534372999999974e+00
1.113839825999999977e+00	3.474940847000000055e+00	7.915277878000000378e+00	1.113839825999999977e+00	4.480090426000000292e+00	6.261851301000000092e+00	7.106298132000000045e+00
1.153115764999999904e+00	3.626473331000000133e+00	8.103235229999999234e+00	1.153115764999999904e+00	4.257782681000000125e+00	6.197389527000000342e+00	7.027252143000000117e+00
1.193776641999999999e+00	3.783610798999999858e+00	8.293649077999999619e+00	1.193776641999999999e+00	4.049334206000000158e+00	6.192906641999999628e+00	6.947404386999999737e+00
1.235871291999999899e+00	3.946513583999999852e+00	8.486435073000000884e+00	1.235871291999999899e+00	3.972085886999999982e+00	6.186400109000000036e+00	6.866762847999999586e+00
1.279450272999999916e+00	4.115342773000000065e+00	8.681499495000000621e+00	1.279450272999999916e+00	3.788147509999999940e+00	5.944932338000000094e+00	6.785335606000000297e+00
1.324565924999999922e+00	4.290259748000000428e+00	8.878738839000000382e+00	1.324565924999999922e+00	3.000330668999999784e+00	5.781040136999999746e+00	6.703130941999999592e+00
1.371272433999999985e+00	4.471425703000000418e+00	9.078039409000000504e+00	1.371272433999999985e+00	2.033377939000000190e+00	6.414346115999999931e+00	6.620157439999999838e+00
1.419625896000000109e+00	4.659001095999999897e+00	9.279276934000000310e+00	1.419625896000000109e+00	1.781560185000000018e+00	7.722955432000000009e+00	6.536424108000000288e+00
1.469684385999999954e+00	4.853145071000000144e+00	9.482316193999999143e+00	1.469684385999999954e+00	2.407443089000000036e+00	8.858810653999999118e+00	6.451940486999999891e+00
1.521508026000000013e+00	5.054014819999999908e+00	9.687010678000000041e+00	1.521508026000000013e+00	3.600669093000000043e+00	8.509478186000000832e+00	6.366716781000000047e+00
1.575159057000000029e+00	5.261764903999999632e+00	9.893202258000000526e+00	1.575159057000000029e+00	3.219965661999999895e+00	7.500729827999999877e+00	6.280763973000000000e+00
1.630701917999999973e+00	5.476546517000000058e+00	1.010072090599999939e+01	1.630701917999999973e+00	1.646055747999999985e+00	7.573001171999999670e+00	6.194093964000000341e+00
1.688203316999999926e+00	5.698506712999999557e+00	1.030938444300000079e+01	1.688203316999999926e+00	1.304339870000000012e-01	8.495246154000000161e+00	6.106719694999999781e+00
1.747732314999999925e+00	5.927787577000000141e+00	1.051899833499999914e+01	1.747732314999999925e+00	-1.450613683000000043e+00	1.068482971699999950e+01	6.018655284000000272e+00
1.809360410999999891e+00	6.164525349999999904e+00	1.072935553700000000e+01	1.809360410999999891e+00	-2.333868451999999927e+00	1.511240577499999915e+01	5.929916159000000242e+00
1.873161620000000083e+00	6.408849513999999914e+00	1.094023639199999920e+01	1.873161620000000083e+00	1.866981830000000064e+00	2.169628568799999968e+01	5.840519191000000276e+00
1.939212571999999968e+00	6.660881830000000114e+00	1.115140859099999915e+01	1.939212571999999968e+00	1.134720236799999959e+01	1.901968543599999961e+01	5.750482825999999825e+00
2.007592595999999840e+00	6.920735343999999678e+00	1.136262720600000087e+01	2.007592595999999840e+00	1.140116657499999953e+01	1.356334162499999962e+01	5.659827212999999801e+00
2.078383818999999910e+00	7.188513350000000024e+00	1.157363478999999984e+01	2.078383818999999910e+00	1.028890606799999929e+01	1.205083266299999956e+01	5.568574335000000097e+00
2.151671263999999972e+00	7.464308328000000436e+00	1.178416156399999970e+01	2.151671263999999972e+00	9.896767576000000233e+00	1.126241149400000019e+01	5.476748126999999577e+00
2.227542951999999854e+00	7.748200858999999774e+00	1.199392568700000083e+01	2.227542951999999854e+00	9.544316566999999196e+00	1.060639321899999921e+01	5.384374597999999956e+00
2.306090009000000052e+00	8.040258523000000324e+00	1.220263361800000013e+01	2.306090009000000052e+00	9.298011241999999399e+00	9.782124883999999909e+00	5.291481933000000026e+00
2.387406771999999844e+00	8.340534777000000233e+00	1.240998057700000068e+01	2.387406771999999844e+00	8.067586626000000649e+00	8.556708551999999912e+00	5.198100602000000237e+00
2.471590905999999865e+00	8.649067846999999531e+00	1.261565111100000003e+01	2.471590905999999865e+00	5.669231217000000100e+00	8.681225391999999985e+00	5.104263443999999872e+00
2.558743520000000160e+00	8.965879616000000496e+00	1.281931975700000059e+01	2.558743520000000160e+00	3.695524480000000001e+00	1.049940457599999988e+01	5.010005752999999729e+00
2.648969287999999978e+00	9.290974528999999649e+00	1.302065182700000001e+01	2.648969287999999978e+00	3.320929978000000116e+00	1.326935775900000003e+01	4.915365341000000221e+00
2.742376573000000040e+00	9.624338535999999777e+00	1.321930429700000076e+01	2.742376573000000040e+00	4.397708716000000351e+00	1.518986594499999931e+01	4.820382592999999716e+00
2.839077563000000026e+00	9.965938065999999651e+00	1.341492681399999931e+01	2.839077563000000026e+00	4.757999855999999639e+00	1.613944139999999905e+01	4.725100499999999926e+00
2.939188398999999841e+00	1.031571905100000031e+01	1.360716281400000049e+01	2.939188398999999841e+00	5.285134062000000021e+00	1.874847608399999999e+01	4.629564685000000068e+00
3.042829316999999811e+00	1.067360602299999961e+01	1.379565075500000049e+01	3.042829316999999811e+00	8.549586252999999303e+00	2.041841701299999912e+01	4.533823398000000005e+00
3.150124796000000060e+00	1.103950128399999997e+01	1.398002546100000032e+01	3.150124796000000060e+00	1.123271660099999991e+01	1.972435073400000149e+01	4.437927500999999886e+00
3.261203699999999817e+00	1.141328415699999965e+01	1.415991956999999957e+01	3.261203699999999817e+00	1.234650125299999956e+01	1.814513403500000166e+01	4.341930425000000149e+00
3.376199440999999801e+00	1.179481035899999952e+01	1.433496508200000008e+01	3.376199440999999801e+00	1.171889512099999919e+01	1.746483803099999932e+01	4.245888114999999630e+00
3.495250132999999870e+00	1.218391147300000021e+01	1.450479500600000016e+01	3.495250132999999870e+00	1.179730451500000044e+01	1.861815327000000053e+01	4.149858938999999580e+00
3.618498760000000036e+00	1.258039455699999998e+01	1.466904508600000057e+01	3.618498760000000036e+00	1.310359730399999911e+01	1.974589362500000078e+01	4.053903583000000310e+00
3.746093349000000128e+00	1.298404189200000047e+01	1.482735560300000088e+01	3.746093349000000128e+00	1.520928733300000069e+01	1.994805171999999871e+01	3.958084922999999922e+00
3.878187146000000141e+00	1.339461087799999994e+01	1.497937323800000087e+01	3.878187146000000141e+00	1.725111273099999920e+01	1.860633516700000101e+01	3.862467867999999971e+00
4.014938800999999557e+00	1.381183409399999995e+01	1.512475298000000024e+01	4.014938800999999557e+00	1.743338867499999978e+01	1.696121971399999850e+01	3.767119183999999787e+00
4.156512558000000190e+00	1.423541952699999946e+01	1.526316007399999997e+01	4.156512558000000190e+00	1.703774292299999971e+01	1.637852978100000101e+01	3.672107292000000189e+00
4.303078454000000441e+00	1.466505097499999977e+01	1.539427197200000030e+01	4.303078454000000441e+00	1.710735624400000177e+01	1.646271595400000010e+01	3.577502046000000213e+00
4.454812518999999860e+00	1.510038862799999926e+01	1.551778029299999950e+01	4.454812518999999860e+00	1.769764698199999842e+01	1.621269549000000154e+01	3.483374491999999822e+00
4.611896992000000139e+00	1.554106983800000030e+01	1.563339275499999914e+01	4.611896992000000139e+00	1.779621620100000001e+01	1.534204865599999934e+01	3.389796602000000103e+00
4.774520539000000063e+00	1.598671006900000080e+01	1.574083506700000079e+01	4.774520539000000063e+00	1.686732872299999997e+01	1.492349879000000001e+01	3.296841000000000133e+00
4.942878474999999661e+00	1.643690402600000056e+01	1.583985276199999959e+01	4.942878474999999661e+00	1.587411255199999971e+01	1.599642753000000006e+01	3.204580658999999887e+00
5.117173006999999885e+00	1.689122696900000165e+01	1.593021294599999926e+01	5.117173006999999885e+00	1.615496247400000129e+01	1.795969486099999912e+01	3.113088599000000123e+00
5.297613468999999853e+00	1.734923619099999925e+01	1.601170595099999971e+01	5.297613468999999853e+00	1.852118675799999892e+01	1.953323209199999866e+01	3.022437565000000159e+00
5.484416576000000099e+00	1.781047265999999851e+01	1.608414686000000060e+01	5.484416576000000099e+00	2.105030488899999952e+01	1.834541420700000103e+01	2.932699701999999853e+00
5.677806688000000435e+00	1.827446281099999936e+01	1.614737690899999834e+01	5.677806688000000435e+00	2.147135549700000112e+01	1.652970484200000101e+01	2.843946226999999993e+00
5.878016072000000314e+00	1.874072047299999966e+01	1.620126471600000073e+01	5.878016072000000314e+00	2.147020072300000137e+01	1.548178535799999977e+01	2.756247093999999898e+00
6.085285189999999567e+00	1.920874891900000137e+01	1.624570735300000024e+01	6.085285189999999567e+00	2.087570236599999873e+01	1.566920275899999915e+01	2.669670663999999860e+00
6.299862978000000169e+00	1.967804301299999992e+01	1.628063123100000098e+01	6.299862978000000169e+00	2.104924958599999840e+01	1.473238295099999995e+01	2.584283386000000071e+00
6.522007154999999834e+00	2.014809144199999835e+01	1.630599279000000124e+01	6.522007154999999834e+00	2.036523668299999912e+01	1.484074336099999947e+01	2.500149479000000063e+00
6.751984522999999960e+00	2.061837900900000164e+01	1.632177898300000152e+01	6.751984522999999960e+00	1.981346738399999907e+01	1.495241927900000078e+01	2.417330627000000121e+00
6.990071294999999907e+00	2.108838896600000012e+01	1.632800755999999964e+01	6.990071294999999907e+00	1.969179531300000008e+01	1.640212186100000125e+01	2.335885697000000150e+00
7.236553423000000151e+00	2.155760535900000008e+01	1.632472712499999901e+01	7.236553423000000151e+00	2.010821692500000069e+01	1.713957383600000028e+01	2.255870464000000020e+00
7.491726940999999584e+00	2.202551537100000090e+01	1.631201699600000055e+01	7.491726940999999584e+00	2.114913660299999876e+01	1.767699773900000082e+01	2.177337365000000080e+00
7.755898323000000261e+00	2.249161163500000171e+01	1.628998683600000064e+01	7.755898323000000261e+00	2.198142029999999991e+01	1.746038677900000025e+01	2.100335274999999946e+00
8.029384849999999574e+00	2.295539448699999951e+01	1.625877609599999829e+01	8.029384849999999574e+00	2.180737272700000062e+01	1.705709772499999843e+01	2.024909304999999993e+00
8.312514990000000381e+00	2.341637415799999999e+01	1.621855324299999879e+01	8.312514990000000381e+00	2.114632448000000053e+01	1.801094238499999989e+01	1.951100631000000085e+00
8.605628792999999277e+00	2.387407286199999845e+01	1.616951481099999910e+01	8.605628792999999277e+00	2.172925418199999825e+01	2.019678237800000176e+01	1.878946350000000098e+00
8.909078300999999200e+00	2.432802677400000135e+01	1.611188427400000123e+01	8.909078300999999200e+00	2.455384723499999922e+01	2.168890703900000005e+01	1.808479366000000033e+00
9.223227968999999860e+00	2.477778787700000152e+01	1.604591074700000064e+01	9.223227968999999860e+00	2.751707946000000149e+01	2.033817043000000169e+01	1.739728304000000003e+00
9.548455103000000221e+00	2.522292566799999847e+01	1.597186756099999982e+01	9.548455103000000221e+00	2.790896752100000100e+01	1.832496236100000075e+01	1.672717459000000018e+00
9.885150314000000549e+00	2.566302869900000161e+01	1.589005069299999917e+01	9.885150314000000549e+00	2.758852008699999914e+01	1.775317113899999910e+01	1.607466775000000014e+00
1.023371798600000027e+01	2.609770595299999840e+01	1.580077709400000074e+01	1.023371798600000027e+01	2.771186984499999895e+01	1.772840002699999928e+01	1.543991842999999919e+00
1.059457676399999926e+01	2.652658804900000078e+01	1.570438293299999977e+01	1.059457676399999926e+01	2.834298688299999824e+01	1.774421235000000152e+01	1.482303944999999956e+00
1.096816005300000008e+01	2.694932825600000115e+01	1.560122176399999994e+01	1.096816005300000008e+01	2.873279419500000031e+01	1.761639268300000083e+01	1.422410111999999893e+00
1.135491654099999970e+01	2.736560332799999884e+01	1.549166264499999990e+01	1.135491654099999970e+01	2.922194743700000075e+01	1.768739498200000071e+01	1.364313211000000026e+00
1.175531073900000045e+01	2.777511415300000053e+01	1.537608823799999946e+01	1.175531073900000045e+01	2.965855570000000085e+01	1.742683186500000048e+01	1.308012061999999975e+00
1.216982353600000089e+01	2.817758621899999838e+01	1.525489288400000021e+01	1.216982353600000089e+01	3.010983603100000039e+01	1.775102092299999867e+01	1.253501567999999899e+00
1.259895277799999924e+01	2.857276989900000075e+01	1.512848070000000078e+01	1.259895277799999924e+01	3.121345458000000050e+01	1.738554482500000020e+01	1.200772871000000075e+00
1.304321386700000041e+01	2.896044056299999880e+01	1.499726369599999920e+01	1.304321386700000041e+01	3.173916555899999992e+01	1.705730896200000046e+01	1.149813524000000031e+00
1.350314037899999953e+01	2.934039852200000098e+01	1.486165993600000057e+01	1.350314037899999953e+01	3.237820107099999944e+01	1.656099166699999969e+01	1.100607675000000008e+00
1.397928470299999937e+01	2.971246882100000164e+01	1.472209175699999939e+01	1.397928470299999937e+01	3.301870219999999989e+01	1.584192311199999992e+01	1.053136271000000068e+00
1.447221870699999968e+01	3.007650087900000102e+01	1.457898405799999964e+01	1.447221870699999968e+01	3.281093712599999890e+01	1.506480012599999974e+01	1.007377262000000107e+00
1.498253442699999916e+01	3.043236799299999973e+01	1.443276267299999915e+01	1.498253442699999916e+01	3.240318746599999855e+01	1.480784647499999984e+01	9.633058239999999772e-01
1.551084477000000028e+01	3.077996673000000172e+01	1.428385283100000080e+01	1.551084477000000028e+01	3.201227119499999674e+01	1.551618636499999937e+01	9.208945769999999920e-01
1.605778425800000164e+01	3.111921619199999967e+01	1.413267772600000072e+01	1.605778425800000164e+01	3.290864568300000315e+01	1.632324089900000175e+01	8.801138130000000226e-01
1.662400978899999870e+01	3.145005719599999949e+01	1.397965718400000057e+01	1.662400978899999870e+01	3.430350835499999818e+01	1.626570821500000008e+01	8.409317219999999926e-01
1.721020142200000080e+01	3.177245137099999894e+01	1.382520644799999943e+01	1.721020142200000080e+01	3.512744928699999747e+01	1.537817767399999980e+01	8.033146220000000337e-01
1.781706319499999935e+01	3.208638016999999820e+01	1.366973507400000010e+01	1.781706319499999935e+01	3.518991237600000233e+01	1.477178757699999956e+01	7.672271760000000107e-01
1.844532397600000095e+01	3.239184384099999647e+01	1.351364594600000046e+01	1.844532397600000095e+01	3.541749624300000221e+01	1.470081506800000071e+01	7.326326149999999870e-01
1.909573832899999957e+01	3.268886034300000176e+01	1.335733440899999991e+01	1.909573832899999957e+01	3.602286075800000020e+01	1.447625481200000053e+01	6.994929540000000001e-01
1.976908742799999885e+01	3.297746422699999869e+01	1.320118751500000087e+01	1.976908742799999885e+01	3.614230037600000145e+01	1.385780380899999997e+01	6.677691909999999842e-01
2.046617999400000087e+01	3.325770549700000345e+01	1.304558338600000056e+01	2.046617999400000087e+01	3.626918282500000146e+01	1.378069523599999968e+01	6.374215109999999962e-01
2.118785326100000077e+01	3.352964845700000041e+01	1.289089068600000054e+01	2.118785326100000077e+01	3.680765610499999951e+01	1.382401742200000072e+01	6.084094749999999774e-01
2.193497398899999951e+01	3.379337055999999961e+01	1.273746820400000068e+01	2.193497398899999951e+01	3.745104438799999969e+01	1.328213590999999916e+01	5.806921959999999938e-01
2.270843949900000069e+01	3.404896125199999801e+01	1.258566453599999946e+01	2.270843949900000069e+01	3.766944139099999944e+01	1.254441418000000041e+01	5.542285080000000086e-01
2.350917875500000065e+01	3.429652083799999929e+01	1.243581786600000072e+01	2.350917875500000065e+01	3.731034626600000337e+01	1.203144572499999931e+01	5.289771279999999631e-01
2.433815347499999859e+01	3.453615936599999969e+01	1.228825584099999979e+01	2.433815347499999859e+01	3.695226991999999910e+01	1.215027850000000065e+01	5.048968010000000062e-01
2.519635929300000043e+01	3.476799553400000065e+01	1.214329552799999945e+01	2.519635929300000043e+01	3.698076339400000023e+01	1.250818820399999964e+01	4.819464350000000064e-01
2.608482694799999990e+01	3.499215563500000314e+01	1.200124345799999936e+01	2.608482694799999990e+01	3.762998200599999876e+01	1.309756156000000082e+01	4.600852240000000148e-01
2.700462352399999943e+01	3.520877252900000087e+01	1.186239573599999986e+01	2.700462352399999943e+01	3.845497480699999926e+01	1.272224322499999971e+01	4.392727679999999801e-01
2.795685373499999926e+01	3.541798465800000173e+01	1.172703822599999945e+01	2.795685373499999926e+01	3.887524998399999987e+01	1.221271761300000058e+01	4.194691700000000023e-01
2.894266124700000020e+01	3.561993510300000310e+01	1.159544678900000036e+01	2.894266124700000020e+01	3.888144370100000202e+01	1.194248183100000027e+01	4.006351280000000070e-01
2.996323005500000036e+01	3.581477068499999916e+01	1.146788758799999997e+01	2.996323005500000036e+01	3.920093390299999925e+01	1.208286273300000069e+01	3.827320209999999778e-01
3.101978590099999877e+01	3.600264110599999867e+01	1.134461742799999939e+01	3.101978590099999877e+01	3.991797566399999653e+01	1.199849271100000081e+01	3.657219769999999759e-01
3.211359775300000052e+01	3.618369813900000054e+01	1.122588415300000086e+01	3.211359775300000052e+01	4.067910227899999853e+01	1.131064711299999992e+01	3.495679380000000225e-01
3.324597932300000025e+01	3.635809486600000184e+01	1.111192707300000038e+01	3.324597932300000025e+01	4.072866816599999851e+01	1.027619518500000062e+01	3.342337120000000161e-01
3.441829064499999902e+01	3.652598495200000173e+01	1.100297742599999928e+01	3.441829064499999902e+01	4.011931784200000095e+01	9.689936364999999441e+00	3.196840169999999870e-01
3.563193971199999766e+01	3.668752197399999915e+01	1.089925887000000060e+01	3.563193971199999766e+01	3.949693810600000177e+01	9.908358305000000144e+00	3.058845230000000193e-01
3.688838416699999811e+01	3.684285878299999695e+01	1.080098799700000001e+01	3.688838416699999811e+01	3.948237933299999725e+01	1.063451474400000052e+01	2.928018740000000175e-01
3.818913304800000219e+01	3.699214691899999963e+01	1.070837486599999977e+01	3.818913304800000219e+01	4.028463314700000097e+01	1.118853252899999973e+01	2.804037169999999968e-01
3.953574860700000215e+01	3.713553605300000271e+01	1.062162355499999933e+01	3.953574860700000215e+01	4.132150298999999904e+01	1.095470744200000013e+01	2.686587180000000186e-01
4.092984818499999733e+01	3.727317347700000028e+01	1.054093272399999925e+01	4.092984818499999733e+01	4.183558914700000031e+01	1.020535328499999927e+01	2.575365700000000202e-01
4.237310614900000161e+01	3.740520362299999846e+01	1.046649618300000029e+01	4.237310614900000161e+01	4.194903768399999677e+01	9.766313463999999556e+00	2.470080000000000053e-01
4.386725590999999724e+01	3.753176762199999672e+01	1.039850347600000013e+01	4.386725590999999724e+01	4.225058660599999882e+01	9.447997158999999812e+00	2.370447669999999896e-01
4.541409200399999690e+01	3.765300288400000284e+01	1.033714045700000028e+01	4.541409200399999690e+01	4.237957754600000015e+01	8.979197257999999238e+00	2.276196659999999983e-01
4.701547224000000114e+01	3.776904271499999766e+01	1.028258988199999990e+01	4.701547224000000114e+01	4.242031810900000011e+01	8.692874454000000028e+00	2.187065109999999923e-01
4.867331994199999912e+01	3.788001595400000099e+01	1.023503198599999919e+01	4.867331994199999912e+01	4.263214999600000255e+01	8.382889313999999814e+00	2.102801290000000101e-01
5.038962625100000281e+01	3.798604663799999770e+01	1.019464507300000022e+01	5.038962625100000281e+01	4.266980832899999854e+01	7.975643804999999809e+00	2.023163460000000080e-01
5.216645251900000346e+01	3.808725367800000328e+01	1.016160609199999953e+01	5.216645251900000346e+01	4.262249293600000044e+01	7.661270200999999780e+00	1.947919710000000082e-01
5.400593278499999883e+01	3.818375056299999670e+01	1.013609121600000051e+01	5.400593278499999883e+01	4.271155028799999798e+01	7.453505362999999662e+00	1.876847729999999992e-01
5.591027634099999943e+01	3.827564507000000305e+01	1.011827641500000041e+01	5.591027634099999943e+01	4.276910869900000023e+01	7.188106590000000296e+00	1.809734650000000000e-01
5.788177037700000227e+01	3.836303898999999973e+01	1.010833801899999962e+01	5.788177037700000227e+01	4.285834532799999863e+01	6.819993356000000340e+00	1.746376789999999901e-01
5.992278273800000221e+01	3.844602785800000078e+01	1.010645328500000062e+01	5.992278273800000221e+01	4.275664009500000162e+01	6.391410457000000100e+00	1.686579430000000046e-01
6.203576476100000292e+01	3.852470069799999663e+01	1.011280094600000012e+01	6.203576476100000292e+01	4.257850979900000254e+01	6.086627122000000334e+00	1.630156570000000082e-01
6.422325422199999423e+01	3.859913976100000355e+01	1.012756176499999938e+01	6.422325422199999423e+01	4.236047842800000041e+01	5.887525351999999934e+00	1.576930639999999939e-01
6.648787838399999828e+01	3.866942026899999973e+01	1.015091907599999921e+01	6.648787838399999828e+01	4.217793610700000073e+01	5.708873419999999754e+00	1.526732289999999936e-01
6.883235715099999652e+01	3.873561015500000337e+01	1.018305932100000000e+01	6.883235715099999652e+01	4.199681400899999772e+01	5.636568117000000377e+00	1.479400060000000128e-01
7.125950633600000117e+01	3.879776980100000117e+01	1.022417258099999948e+01	7.125950633600000117e+01	4.181995854600000229e+01	5.459102201000000321e+00	1.434780160000000138e-01
7.377224104200000454e+01	3.885595176300000020e+01	1.027445310200000073e+01	7.377224104200000454e+01	4.168955882499999888e+01	5.295298600999999827e+00	1.392726169999999875e-01
7.637357916400000590e+01	3.891020048899999750e+01	1.033409981700000024e+01	7.637357916400000590e+01	4.132944341000000321e+01	5.256368454000000412e+00	1.353098799999999935e-01
7.906664501299999870e+01	3.896055202299999820e+01	1.040331686100000042e+01	7.906664501299999870e+01	4.102352154599999778e+01	5.234049238999999965e+00	1.315765560000000112e-01
