1.000000000000000021e-02	1.522756699999999914e-02	9.068872499999999781e-02	1.000000000000000021e-02	4.641245499999999830e-02	-2.340300210000000047e-01	9.068872502999999696e+00
1.035261699999999972e-02	1.538548500000000083e-02	9.385369799999999929e-02	1.035261699999999972e-02	3.326478599999999758e-02	-2.364906230000000109e-01	9.065697466999999676e+00
1.071766900000000085e-02	1.555385899999999974e-02	9.712681500000000523e-02	1.071766900000000085e-02	1.944904600000000108e-02	-2.385032860000000088e-01	9.062307929999999345e+00
1.109559300000000082e-02	1.573331400000000171e-02	1.005115379999999975e-01	1.109559300000000082e-02	4.950854999999999666e-03	-2.400096680000000093e-01	9.058690430000000404e+00
1.148684300000000005e-02	1.592450000000000115e-02	1.040114159999999954e-01	1.148684300000000005e-02	-1.024161600000000026e-02	-2.409470800000000079e-01	9.054830818999999309e+00
1.189188899999999924e-02	1.612809700000000096e-02	1.076300869999999993e-01	1.189188899999999924e-02	-2.613717299999999966e-02	-2.412483870000000086e-01	9.050714247000000157e+00
1.231121699999999930e-02	1.634480899999999834e-02	1.113712760000000052e-01	1.231121699999999930e-02	-4.274108699999999705e-02	-2.408419370000000059e-01	9.046325152999999730e+00
1.274533299999999932e-02	1.657536399999999868e-02	1.152388010000000018e-01	1.274533299999999932e-02	-6.005454600000000032e-02	-2.396515300000000015e-01	9.041647270000000347e+00
1.319475500000000072e-02	1.682051400000000169e-02	1.192365640000000032e-01	1.319475500000000072e-02	-7.807406899999999594e-02	-2.375964289999999979e-01	9.036663622000000728e+00
1.366002499999999925e-02	1.708103399999999841e-02	1.233685590000000026e-01	1.366002499999999925e-02	-9.679087699999999739e-02	-2.345914159999999971e-01	9.031356543999999431e+00
1.414170200000000079e-02	1.735771300000000031e-02	1.276388659999999897e-01	1.414170200000000079e-02	-1.161902370000000018e-01	-2.305469019999999980e-01	9.025707694999999475e+00
1.464036299999999999e-02	1.765135899999999841e-02	1.320516529999999911e-01	1.464036299999999999e-02	-1.362507709999999927e-01	-2.253690999999999889e-01	9.019698095000000748e+00
1.515660800000000023e-02	1.796278600000000142e-02	1.366111750000000014e-01	1.515660800000000023e-02	-1.569437389999999988e-01	-2.189602539999999931e-01	9.013308166999999926e+00
1.569105599999999837e-02	1.829281699999999941e-02	1.413217760000000101e-01	1.569105599999999837e-02	-1.782322980000000112e-01	-2.112189429999999923e-01	9.006517792000000355e+00
1.624435000000000115e-02	1.864227200000000140e-02	1.461878839999999902e-01	1.624435000000000115e-02	-2.000707349999999995e-01	-2.020404530000000087e-01	8.999306387000000740e+00
1.681715400000000082e-02	1.901196399999999925e-02	1.512140160000000066e-01	1.681715400000000082e-02	-2.224036970000000113e-01	-1.913172260000000069e-01	8.991652992000000566e+00
1.741015699999999902e-02	1.940268900000000074e-02	1.564047749999999959e-01	1.741015699999999902e-02	-2.451653960000000076e-01	-1.789393820000000079e-01	8.983536386000000817e+00
1.802406900000000020e-02	1.981521600000000008e-02	1.617648519999999868e-01	1.802406900000000020e-02	-2.682788139999999766e-01	-1.647953289999999904e-01	8.974935220000000768e+00
1.865962900000000049e-02	2.025027600000000108e-02	1.672990299999999875e-01	1.865962900000000049e-02	-2.916548950000000251e-01	-1.487724430000000042e-01	8.965828185999999533e+00
1.931760000000000074e-02	2.070855099999999865e-02	1.730121799999999876e-01	1.931760000000000074e-02	-3.151917349999999729e-01	-1.307578319999999905e-01	8.956194198000000384e+00
1.999877300000000094e-02	2.119065700000000163e-02	1.789092730000000075e-01	1.999877300000000094e-02	-3.387737619999999783e-01	-1.106391869999999999e-01	8.946012629000000160e+00
2.070396399999999831e-02	2.169712700000000008e-02	1.849953779999999881e-01	2.070396399999999831e-02	-3.622708980000000079e-01	-8.830570399999999875e-02	8.935263559999999217e+00
2.143402200000000049e-02	2.222839600000000096e-02	1.912756740000000066e-01	2.143402200000000049e-02	-3.855377090000000062e-01	-6.364910299999999854e-02	8.923928088000000258e+00
2.218982300000000088e-02	2.278477799999999859e-02	1.977554549999999967e-01	2.218982300000000088e-02	-4.084125080000000074e-01	-3.656472799999999773e-02	8.911988662000000616e+00
2.297227500000000033e-02	2.336644699999999852e-02	2.044401439999999903e-01	2.297227500000000033e-02	-4.307164139999999919e-01	-6.952754000000000226e-03	8.899429466999999150e+00
2.378231800000000021e-02	2.397340900000000108e-02	2.113353099999999984e-01	2.378231800000000021e-02	-4.522523379999999760e-01	2.528048700000000079e-02	8.886236863000000596e+00
2.462092399999999889e-02	2.460548300000000091e-02	2.184466830000000026e-01	2.462092399999999889e-02	-4.728038589999999930e-01	6.022104699999999977e-02	8.872399864000000136e+00
2.548910100000000012e-02	2.526226900000000039e-02	2.257801779999999980e-01	2.548910100000000012e-02	-4.921339789999999992e-01	9.794571800000000106e-02	8.857910665000000350e+00
2.638789100000000012e-02	2.594312299999999849e-02	2.333419250000000056e-01	2.638789100000000012e-02	-5.099836960000000419e-01	1.385201540000000064e-01	8.842765230999999559e+00
2.731837399999999944e-02	2.664713000000000151e-02	2.411383029999999983e-01	2.731837399999999944e-02	-5.260703709999999811e-01	1.819966939999999866e-01	8.826963917000000492e+00
2.828166799999999939e-02	2.737307400000000071e-02	2.491759779999999924e-01	2.828166799999999939e-02	-5.400858410000000109e-01	2.284117790000000092e-01	8.810512148000000821e+00
2.927892899999999868e-02	2.811941600000000124e-02	2.574619510000000222e-01	2.927892899999999868e-02	-5.516942449999999720e-01	2.777828230000000120e-01	8.793421122999999895e+00
3.031135500000000163e-02	2.888426499999999925e-02	2.660036170000000255e-01	3.031135500000000163e-02	-5.605295310000000253e-01	3.301043779999999761e-01	8.775708551999999329e+00
3.138018599999999741e-02	2.966536100000000120e-02	2.748088260000000060e-01	3.138018599999999741e-02	-5.661926259999999766e-01	3.853433399999999787e-01	8.757399411999999828e+00
3.248670699999999661e-02	3.046006299999999903e-02	2.838859519999999970e-01	3.248670699999999661e-02	-5.682483130000000049e-01	4.434329040000000166e-01	8.738526693000000733e+00
3.363224499999999811e-02	3.126533799999999669e-02	2.932439840000000131e-01	3.363224499999999811e-02	-5.662218700000000160e-01	5.042648910000000484e-01	8.719132121999999541e+00
3.481817599999999929e-02	3.207776600000000061e-02	3.028926060000000087e-01	3.481817599999999929e-02	-5.595956450000000304e-01	5.676799439999999919e-01	8.699266835999999614e+00
3.604592599999999897e-02	3.289355399999999846e-02	3.128423029999999883e-01	3.604592599999999897e-02	-5.478058700000000281e-01	6.334549990000000186e-01	8.678991965999999891e+00
3.731696799999999897e-02	3.370857000000000020e-02	3.231044590000000105e-01	3.731696799999999897e-02	-5.302402250000000095e-01	7.012872820000000118e-01	8.658379091000000471e+00
3.863282999999999995e-02	3.451839100000000243e-02	3.336914750000000152e-01	3.863282999999999995e-02	-5.062369450000000493e-01	7.707739620000000347e-01	8.637510519999999303e+00
3.999509100000000344e-02	3.531837200000000065e-02	3.446168749999999892e-01	3.999509100000000344e-02	-4.750867799999999863e-01	8.413864610000000299e-01	8.616479338999999626e+00
4.140538800000000130e-02	3.610374499999999959e-02	3.558954220000000168e-01	4.140538800000000130e-02	-4.360396939999999777e-01	9.124383809999999650e-01	8.595389173999999244e+00
4.286541399999999752e-02	3.686973799999999912e-02	3.675432169999999776e-01	4.286541399999999752e-02	-3.883191939999999787e-01	9.830461289999999908e-01	8.574353587999999249e+00
4.437692299999999868e-02	3.761172900000000346e-02	3.795777960000000228e-01	4.437692299999999868e-02	-3.311483680000000263e-01	1.052081754000000036e+00	8.553495062999999732e+00
4.594173099999999954e-02	3.832542800000000166e-02	3.920181970000000127e-01	4.594173099999999954e-02	-2.637933880000000175e-01	1.118118544000000103e+00	8.532943483000000384e+00
4.756171700000000335e-02	3.900708800000000226e-02	4.048850050000000200e-01	4.756171700000000335e-02	-1.856321200000000116e-01	1.179371954000000056e+00	8.512834065999999922e+00
4.923882599999999943e-02	3.965374199999999877e-02	4.182003539999999964e-01	4.923882599999999943e-02	-9.625743500000000230e-02	1.233642075999999976e+00	8.493304685000000021e+00
5.097507300000000269e-02	4.026346599999999776e-02	4.319878799999999908e-01	5.097507300000000269e-02	4.374028999999999764e-03	1.278269813999999949e+00	8.474492551999999179e+00
5.277254399999999762e-02	4.083565000000000111e-02	4.462726109999999857e-01	5.277254399999999762e-02	1.157380469999999967e-01	1.310127910000000062e+00	8.456530254000000468e+00
5.463339600000000074e-02	4.137126800000000271e-02	4.610807909999999898e-01	5.463339600000000074e-02	2.364805590000000068e-01	1.325679972999999956e+00	8.439541161999999375e+00
5.655986500000000083e-02	4.187314000000000314e-02	4.764396160000000102e-01	5.655986500000000083e-02	3.641090370000000243e-01	1.321153843999999911e+00	8.423634313000000873e+00
5.855426400000000170e-02	4.234614099999999687e-02	4.923768869999999853e-01	5.855426400000000170e-02	4.946786400000000028e-01	1.292884246000000070e+00	8.408898878000000465e+00
6.061898999999999760e-02	4.279735500000000220e-02	5.089205749999999862e-01	6.061898999999999760e-02	6.225589310000000376e-01	1.237871911000000047e+00	8.395398457000000647e+00
6.275652099999999567e-02	4.323612500000000025e-02	5.260983030000000449e-01	6.275652099999999567e-02	7.404191620000000196e-01	1.154564761000000050e+00	8.383165454000000238e+00
6.496942599999999679e-02	4.367397499999999683e-02	5.439367659999999605e-01	6.496942599999999679e-02	8.396037840000000196e-01	1.043775675000000014e+00	8.372195953000000301e+00
6.726036200000000409e-02	4.412436799999999715e-02	5.624611090000000146e-01	6.726036200000000409e-02	9.110377840000000171e-01	9.095173519999999456e-01	8.362445517999999467e+00
6.963207899999999950e-02	4.460226199999999669e-02	5.816943089999999650e-01	6.963207899999999950e-02	9.466566669999999517e-01	7.594117580000000478e-01	8.353826481000000470e+00
7.208742799999999507e-02	4.512344799999999656e-02	6.016566190000000036e-01	7.208742799999999507e-02	9.411037899999999956e-01	6.043241369999999835e-01	8.346207293000000860e+00
7.462935699999999339e-02	4.570366599999999696e-02	6.223651430000000095e-01	7.462935699999999339e-02	8.931895600000000490e-01	4.570732539999999844e-01	8.339414530000000880e+00
7.726091799999999787e-02	4.635748900000000172e-02	6.438336310000000173e-01	7.726091799999999787e-02	8.065517359999999636e-01	3.304503759999999901e-01	8.333238126999999551e+00
7.998527299999999562e-02	4.709705100000000089e-02	6.660725840000000231e-01	7.998527299999999562e-02	6.892117359999999637e-01	2.351339169999999978e-01	8.327440234999999191e+00
8.280569399999999913e-02	4.793065999999999993e-02	6.890897670000000197e-01	8.280569399999999913e-02	5.521822309999999678e-01	1.781614390000000048e-01	8.321767923999999539e+00
8.572556700000000252e-02	4.886145800000000344e-02	7.128912090000000257e-01	8.572556700000000252e-02	4.076593040000000001e-01	1.623457690000000009e-01	8.315969571000000116e+00
8.874840100000000453e-02	4.988626300000000013e-02	7.374827299999999752e-01	8.874840100000000453e-02	2.674017120000000136e-01	1.865869759999999877e-01	8.309814312000000314e+00
9.187782399999999683e-02	5.099482600000000004e-02	7.628719919999999988e-01	9.187782399999999683e-02	1.416763570000000028e-01	2.467099949999999875e-01	8.303113378999999128e+00
9.511759699999999818e-02	5.216972799999999855e-02	7.890709909999999994e-01	9.511759699999999818e-02	3.882650099999999938e-02	3.363805380000000067e-01	8.295741447999999352e+00
9.847161000000000108e-02	5.338714900000000180e-02	8.160987769999999975e-01	9.847161000000000108e-02	-3.472480199999999906e-02	4.477653739999999938e-01	8.287655501999999785e+00
1.019438909999999948e-01	5.461870299999999762e-02	8.439841070000000389e-01	1.019438909999999948e-01	-7.433822199999999547e-02	5.717825460000000026e-01	8.278908149999999466e+00
1.055386100000000049e-01	5.583440099999999878e-02	8.727675919999999810e-01	1.055386100000000049e-01	-7.722226899999999616e-02	6.979569310000000026e-01	8.269652115999999609e+00
1.092600860000000063e-01	5.700665800000000172e-02	9.025028240000000368e-01	1.092600860000000063e-01	-4.303760699999999856e-02	8.140708970000000155e-01	8.260132827999999705e+00
1.131127880000000058e-01	5.811500499999999736e-02	9.332559400000000061e-01	1.131127880000000058e-01	2.465366899999999958e-02	9.060594619999999821e-01	8.250666961000000299e+00
1.171013419999999972e-01	5.915087699999999754e-02	9.651031869999999735e-01	1.171013419999999972e-01	1.160333939999999980e-01	9.590095260000000010e-01	8.241606536999999122e+00
1.212305399999999977e-01	6.012159400000000042e-02	9.981262819999999758e-01	1.212305399999999977e-01	2.125162889999999971e-01	9.605067529999999909e-01	8.233290723999999727e+00
1.255053409999999925e-01	6.105243999999999949e-02	1.032405763999999948e+00	1.255053409999999925e-01	2.864211600000000080e-01	9.071120559999999999e-01	8.225990682000000831e+00
1.299308779999999997e-01	6.198576100000000033e-02	1.068013118999999955e+00	1.299308779999999997e-01	3.064331209999999750e-01	8.120937950000000072e-01	8.219856062999999935e+00
1.345124679999999961e-01	6.297626300000000454e-02	1.105003031000000080e+00	1.345124679999999961e-01	2.500952289999999745e-01	7.082313709999999984e-01	8.214874392000000469e+00
1.392556130000000003e-01	6.408236400000000277e-02	1.143407700000000027e+00	1.392556130000000003e-01	1.170358130000000024e-01	6.393251880000000442e-01	8.210855395999999473e+00
1.441660090000000116e-01	6.535444599999999660e-02	1.183235378000000004e+00	1.441660090000000116e-01	-6.807913699999999790e-02	6.432584660000000287e-01	8.207450464000000778e+00
1.492495550000000060e-01	6.682210500000000664e-02	1.224474969000000080e+00	1.492495550000000060e-01	-2.657802040000000199e-01	7.390397330000000320e-01	8.204211882999999261e+00
1.545123549999999901e-01	6.848369799999999563e-02	1.267107506000000106e+00	1.545123549999999901e-01	-4.355178330000000209e-01	9.259506720000000302e-01	8.200687315999999782e+00
1.599607299999999954e-01	7.030215600000000453e-02	1.311123437000000003e+00	1.599607299999999954e-01	-5.424459419999999588e-01	1.190576568000000002e+00	8.196533210000000125e+00
1.656012249999999908e-01	7.221061199999999347e-02	1.356542176000000044e+00	1.656012249999999908e-01	-5.555220549999999591e-01	1.512556334999999974e+00	8.191619206000000375e+00
1.714406139999999912e-01	7.412936200000000420e-02	1.403428053999999925e+00	1.714406139999999912e-01	-4.413264510000000085e-01	1.862610413999999937e+00	8.186088609000000460e+00
1.774859089999999973e-01	7.599195699999999887e-02	1.451895594000000012e+00	1.774859089999999973e-01	-1.608855220000000030e-01	2.188424014000000195e+00	8.180342884999999953e+00
1.837443719999999892e-01	7.777348200000000489e-02	1.502098342000000031e+00	1.837443719999999892e-01	3.138914369999999954e-01	2.385668422000000177e+00	8.174935223000000306e+00
1.902235200000000070e-01	7.951013699999999462e-02	1.554200188000000038e+00	1.902235200000000070e-01	9.266598600000000019e-01	2.277647920000000159e+00	8.170389168999999896e+00
1.969311340000000077e-01	8.129853099999999333e-02	1.608335711000000057e+00	1.969311340000000077e-01	1.408246568000000032e+00	1.722275033000000066e+00	8.166995637999999502e+00
2.038752699999999973e-01	8.326809000000000294e-02	1.664574232999999959e+00	2.038752699999999973e-01	1.372407187000000084e+00	9.179160490000000117e-01	8.164669679999999374e+00
2.110642679999999993e-01	8.553093400000000290e-02	1.722906599000000094e+00	2.110642679999999993e-01	8.053176140000000149e-01	3.594596919999999973e-01	8.162947788000000315e+00
2.185067629999999927e-01	8.812774399999999397e-02	1.783269430999999905e+00	2.185067629999999927e-01	8.177655600000000025e-02	2.699238339999999736e-01	8.161163564000000648e+00
2.262116929999999915e-01	9.099833499999999964e-02	1.845606352999999977e+00	2.262116929999999915e-01	-5.169858229999999555e-01	5.297320140000000288e-01	8.158757527000000564e+00
2.341883130000000091e-01	9.400293499999999580e-02	1.909942813000000017e+00	2.341883130000000091e-01	-9.127877939999999857e-01	9.726342439999999812e-01	8.155585528999999667e+00
2.424462019999999995e-01	9.699841400000000502e-02	1.976432071000000068e+00	2.424462019999999995e-01	-1.107039053000000051e+00	1.494740576999999959e+00	8.152043864999999556e+00
2.509952779999999883e-01	9.993726899999999524e-02	2.045331511000000102e+00	2.509952779999999883e-01	-1.106390744999999898e+00	2.028895793999999864e+00	8.148884408000000690e+00
2.598458100000000104e-01	1.029264010000000007e-01	2.116902343000000020e+00	2.598458100000000104e-01	-9.179553919999999811e-01	2.501058060000000083e+00	8.146763416000000646e+00
2.690084280000000216e-01	1.061873950000000039e-01	2.191282965000000083e+00	2.690084280000000216e-01	-5.943843410000000382e-01	2.818504732000000068e+00	8.145778118000000845e+00
2.784941349999999760e-01	1.099171659999999967e-01	2.268429339999999961e+00	2.784941349999999760e-01	-2.709580679999999964e-01	2.944252615999999989e+00	8.145339720999999145e+00
2.883143249999999824e-01	1.141349029999999959e-01	2.348196076999999882e+00	2.883143249999999824e-01	-5.787960699999999958e-02	2.989460563999999820e+00	8.144569570999999897e+00
2.984807919999999948e-01	1.186501030000000068e-01	2.430531851000000021e+00	2.984807919999999948e-01	1.198881039999999953e-01	3.096125296999999943e+00	8.143009261999999637e+00
3.090057460000000256e-01	1.232235579999999969e-01	2.515638483000000036e+00	3.090057460000000256e-01	4.509741320000000275e-01	3.218479862000000136e+00	8.141073479999999307e+00
3.199018279999999992e-01	1.278201499999999935e-01	2.603917555000000217e+00	3.199018279999999992e-01	9.772804160000000406e-01	3.054716224999999952e+00	8.139739518000000729e+00
3.311821260000000211e-01	1.327069869999999985e-01	2.695692672999999928e+00	3.311821260000000211e-01	1.248341621000000012e+00	2.347440971000000154e+00	8.139607975000000550e+00
3.428601860000000112e-01	1.382322460000000031e-01	2.790957081000000173e+00	3.428601860000000112e-01	7.368367380000000466e-01	1.623325761000000034e+00	8.140219225999999253e+00
3.549500360000000243e-01	1.444541789999999881e-01	2.889466178999999801e+00	3.549500360000000243e-01	-1.532737740000000015e-01	1.536009562999999911e+00	8.140487079999999764e+00
3.674661940000000238e-01	1.510574249999999952e-01	2.991165237000000143e+00	3.674661940000000238e-01	-8.824374050000000080e-01	1.980300677000000009e+00	8.139973922999999445e+00
3.804236939999999789e-01	1.577652019999999933e-01	3.096466186999999870e+00	3.804236939999999789e-01	-1.322683599999999959e+00	2.698766954999999967e+00	8.139519787999999423e+00
3.938380980000000253e-01	1.647978959999999993e-01	3.205918025999999976e+00	3.938380980000000253e-01	-1.470962759999999925e+00	3.586541229999999914e+00	8.140192732999999237e+00
4.077255180000000090e-01	1.726771910000000076e-01	3.319596168999999986e+00	4.077255180000000090e-01	-1.242538436000000024e+00	4.640453013000000126e+00	8.141742479999999560e+00
4.221026319999999776e-01	1.814989180000000091e-01	3.437132903000000184e+00	4.221026319999999776e-01	-2.593004620000000093e-01	5.783466613999999950e+00	8.142884318000000121e+00
4.369867080000000015e-01	1.907840030000000076e-01	3.558529749999999936e+00	4.369867080000000015e-01	2.108397899999999936e+00	5.862521962999999836e+00	8.143336357000000802e+00
4.523956230000000245e-01	2.003556089999999901e-01	3.684485260999999845e+00	4.523956230000000245e-01	3.105376120999999934e+00	2.953782192999999889e+00	8.144387503000000805e+00
4.683478830000000204e-01	2.108321659999999875e-01	3.815457413999999936e+00	4.683478830000000204e-01	9.691449629999999704e-01	1.576041569999999892e+00	8.146631059000000619e+00
4.848626480000000072e-01	2.226132490000000130e-01	3.951029302999999882e+00	4.848626480000000072e-01	-6.658426990000000378e-01	2.201470738999999899e+00	8.148759897999999779e+00
5.019597519999999813e-01	2.351387560000000043e-01	4.091037272000000335e+00	5.019597519999999813e-01	-1.449046856000000050e+00	3.374857636000000216e+00	8.150130070999999532e+00
5.196597299999999864e-01	2.481864380000000092e-01	4.236364552999999589e+00	5.196597299999999864e-01	-1.534257325000000005e+00	4.722907614999999559e+00	8.152189417000000660e+00
5.379838399999999909e-01	2.626308150000000174e-01	4.387409395999999795e+00	5.379838399999999909e-01	-9.226815269999999458e-01	5.949175229999999814e+00	8.155281007999999332e+00
5.569540910000000400e-01	2.786189040000000006e-01	4.543497570000000430e+00	5.569540910000000400e-01	3.601499069999999914e-01	6.906224603000000073e+00	8.157759584000000785e+00
5.765932649999999660e-01	2.953513449999999874e-01	4.705016468000000174e+00	5.765932649999999660e-01	2.974548443000000209e+00	6.441479063000000060e+00	8.160026753000000355e+00
5.969249509999999814e-01	3.134434850000000217e-01	4.873010451999999937e+00	5.969249509999999814e-01	2.884573694999999827e+00	2.991180764000000103e+00	8.163522807999999742e+00
6.179735680000000286e-01	3.336306099999999941e-01	5.046851618999999900e+00	6.179735680000000286e-01	3.087175329999999884e-01	2.470487319000000070e+00	8.166775866000000050e+00
6.397643960000000130e-01	3.549614300000000222e-01	5.226579551999999573e+00	6.397643960000000130e-01	-1.212279153000000109e+00	3.506322523000000135e+00	8.169538018000000790e+00
6.623236059999999537e-01	3.780134490000000014e-01	5.413492429999999800e+00	6.623236059999999537e-01	-2.060020229000000036e+00	4.971595008999999621e+00	8.173485558999999512e+00
6.856782940000000215e-01	4.036034589999999977e-01	5.606787205999999912e+00	6.856782940000000215e-01	-2.352534710000000029e+00	7.201670822999999722e+00	8.176993872000000607e+00
7.098565079999999972e-01	4.306258550000000018e-01	5.806859153000000440e+00	7.098565079999999972e-01	1.690705889999999934e-01	1.069144012699999990e+01	8.180328115000000011e+00
7.348872889999999991e-01	4.603260730000000023e-01	6.014778246999999745e+00	7.348872889999999991e-01	5.779352860999999564e+00	6.886648593000000318e+00	8.184626860999999920e+00
7.608006990000000247e-01	4.926290700000000022e-01	6.229402675000000222e+00	7.608006990000000247e-01	2.805287846999999779e+00	3.082790091000000121e+00	8.187956034999999133e+00
7.876278610000000402e-01	5.271438710000000416e-01	6.452315671000000030e+00	7.876278610000000402e-01	-7.032553000000000415e-03	3.202465006999999808e+00	8.192086631000000452e+00
8.154009960000000445e-01	5.653514349999999578e-01	6.682888840000000386e+00	8.154009960000000445e-01	-1.827990685999999920e+00	4.565302512999999784e+00	8.195831099999999481e+00
8.441534600000000221e-01	6.059519439999999646e-01	6.921645726000000387e+00	8.441534600000000221e-01	-2.901228210000000196e+00	6.636659793999999835e+00	8.199511175999999679e+00
8.739197859999999762e-01	6.508140829999999877e-01	7.169111110000000231e+00	8.739197859999999762e-01	-3.067553612000000207e+00	1.002840933799999945e+01	8.203397186000000119e+00
9.047357240000000189e-01	6.987120989999999754e-01	7.424876647999999690e+00	9.047357240000000189e-01	3.478100258000000000e+00	1.366900162600000002e+01	8.206680082000000098e+00
9.366382869999999583e-01	7.513950200000000246e-01	7.690075735999999829e+00	9.366382869999999583e-01	4.447360903999999948e+00	6.087047644000000091e+00	8.210294033000000269e+00
9.696657890000000002e-01	8.077826500000000465e-01	7.964026717000000311e+00	9.696657890000000002e-01	1.102619269999999929e+00	5.490095390999999658e+00	8.213166644999999377e+00
1.003857898999999998e+00	8.697253219999999674e-01	8.247798314000000630e+00	1.003857898999999998e+00	-8.009908879999999565e-01	7.073332044999999901e+00	8.216101420999999405e+00
1.039255682999999930e+00	9.360064529999999605e-01	8.541121397999999587e+00	1.039255682999999930e+00	-3.943783109999999814e-01	9.517147150999999639e+00	8.218498622000000253e+00
1.075901653999999930e+00	1.008693883000000069e+00	8.844231075999999803e+00	1.075901653999999930e+00	1.726144104999999929e+00	9.915006755000000283e+00	8.220296940000000774e+00
1.113839825999999977e+00	1.086777421000000077e+00	9.158036446000000552e+00	1.113839825999999977e+00	1.713855750000000011e+00	8.132431718999999504e+00	8.222040752999999924e+00
1.153115764999999904e+00	1.171559441999999951e+00	9.481468748999999363e+00	1.153115764999999904e+00	8.130291990000000357e-01	8.684236469000000014e+00	8.222477773999999684e+00
1.193776641999999999e+00	1.263714457999999929e+00	9.816170706999999496e+00	1.193776641999999999e+00	8.996898290000000520e-01	8.800722109000000515e+00	8.222786712999999637e+00
1.235871291999999899e+00	1.362689864999999889e+00	1.016155563999999956e+01	1.235871291999999899e+00	9.572346499999999370e-02	7.843793069000000173e+00	8.222179531000000097e+00
1.279450272999999916e+00	1.470190029999999926e+00	1.051739215099999925e+01	1.279450272999999916e+00	-2.455321196999999955e+00	8.653300306000000219e+00	8.220242998999999884e+00
1.324565924999999922e+00	1.586685598000000086e+00	1.088489799399999924e+01	1.324565924999999922e+00	-5.277060679999999948e+00	1.148015925700000039e+01	8.217709504000000109e+00
1.371272433999999985e+00	1.711973007000000102e+00	1.126381927000000083e+01	1.371272433999999985e+00	-5.173888445000000225e+00	2.039846818099999837e+01	8.214136729999999886e+00
1.419625896000000109e+00	1.847145130999999996e+00	1.165363198200000028e+01	1.419625896000000109e+00	1.002249080600000042e+01	1.797066750700000171e+01	8.208945759000000564e+00
1.469684385999999954e+00	1.993392314999999915e+00	1.205475981899999915e+01	1.469684385999999954e+00	5.221772131999999900e+00	1.146259931500000029e+01	8.202277940000000100e+00
1.521508026000000013e+00	2.151229980000000097e+00	1.246764599800000006e+01	1.521508026000000013e+00	1.901535360000000008e+00	1.226482844200000066e+01	8.194268967999999376e+00
1.575159057000000029e+00	2.321101349000000091e+00	1.289221884900000070e+01	1.575159057000000029e+00	-1.311075080000000115e-01	1.401567825599999928e+01	8.184709214999999816e+00
1.630701917999999973e+00	2.503763342000000058e+00	1.332821696100000075e+01	1.630701917999999973e+00	-1.077052265000000064e+00	1.941676360800000012e+01	8.173300598999999167e+00
1.688203316999999926e+00	2.700153475000000025e+00	1.377545966499999963e+01	1.688203316999999926e+00	1.146131703400000035e+01	2.579662498100000079e+01	8.159834499000000463e+00
1.747732314999999925e+00	2.911215166999999937e+00	1.423382722200000039e+01	1.747732314999999925e+00	1.338462153599999915e+01	1.106862803699999986e+01	8.144168929999999307e+00
1.809360410999999891e+00	3.137861978000000107e+00	1.470316454299999975e+01	1.809360410999999891e+00	6.942694583999999836e+00	9.028041621999999933e+00	8.126166824000000233e+00
1.873161620000000083e+00	3.381006698999999838e+00	1.518322758200000067e+01	1.873161620000000083e+00	3.328249195999999799e+00	1.093234135900000048e+01	8.105668735000000069e+00
1.939212571999999968e+00	3.641578466999999986e+00	1.567366201699999984e+01	1.939212571999999968e+00	1.853377188000000064e+00	1.399978033100000019e+01	8.082487831999999983e+00
2.007592595999999840e+00	3.920495552999999855e+00	1.617399371799999841e+01	2.007592595999999840e+00	2.587698161000000052e+00	1.706067187400000051e+01	8.056412317999999573e+00
2.078383818999999910e+00	4.218594163999999758e+00	1.668367028100000127e+01	2.078383818999999910e+00	4.272102226000000336e+00	1.858139439500000023e+01	8.027232570000000678e+00
2.151671263999999972e+00	4.536627176999999733e+00	1.720222783899999897e+01	2.151671263999999972e+00	6.016275396000000164e+00	2.005273380999999944e+01	7.994821574000000375e+00
2.227542951999999854e+00	4.875594891000000430e+00	1.772940015400000036e+01	2.227542951999999854e+00	9.981466172999999387e+00	1.956168669799999904e+01	7.959173194999999978e+00
2.306090009000000052e+00	5.237099301999999845e+00	1.826448637300000044e+01	2.306090009000000052e+00	9.897850015999999584e+00	1.515664676599999972e+01	7.920109927999999577e+00
2.387406771999999844e+00	5.622147636000000226e+00	1.880561316000000005e+01	2.387406771999999844e+00	6.332236948000000254e+00	1.475488217900000087e+01	7.877004195999999681e+00
2.471590905999999865e+00	6.030174609000000352e+00	1.935205404599999923e+01	2.471590905999999865e+00	4.677295175000000249e+00	1.734631492700000166e+01	7.829796588999999862e+00
2.558743520000000160e+00	6.463222808000000263e+00	1.990435201500000062e+01	2.558743520000000160e+00	5.124373013999999671e+00	1.881567302899999916e+01	7.778955513999999738e+00
2.648969287999999978e+00	6.922530354000000052e+00	2.045891193900000005e+01	2.648969287999999978e+00	3.464788854000000029e+00	1.991473698700000128e+01	7.723348108999999795e+00
2.742376573000000040e+00	7.407009150999999569e+00	2.101669161999999957e+01	2.742376573000000040e+00	1.043047166000000026e+00	2.597454171200000062e+01	7.663678221999999707e+00
2.839077563000000026e+00	7.919803899999999786e+00	2.157442493900000002e+01	2.839077563000000026e+00	8.241448668000000310e+00	3.912831457699999760e+01	7.599096699999999593e+00
2.939188398999999841e+00	8.459235678000000647e+00	2.213277785200000025e+01	2.939188398999999841e+00	2.444733732799999970e+01	2.366824924699999855e+01	7.530234489999999781e+00
3.042829316999999811e+00	9.026929112999999560e+00	2.268757746100000006e+01	3.042829316999999811e+00	1.968102240199999997e+01	2.135557682600000007e+01	7.456079554999999637e+00
3.150124796000000060e+00	9.624032396000000489e+00	2.323940760700000041e+01	3.150124796000000060e+00	1.735258814699999874e+01	1.838190159599999873e+01	7.377297444999999954e+00
3.261203699999999817e+00	1.024911941400000082e+01	2.378621584700000113e+01	3.261203699999999817e+00	1.518007760999999967e+01	1.825510139300000034e+01	7.293692155999999649e+00
3.376199440999999801e+00	1.090277041999999952e+01	2.432521140800000126e+01	3.376199440999999801e+00	1.576267855999999945e+01	1.955797578500000000e+01	7.204909493999999803e+00
3.495250132999999870e+00	1.158552539299999928e+01	2.485480126899999931e+01	3.495250132999999870e+00	1.529798976600000060e+01	2.029415851899999979e+01	7.111022195000000323e+00
3.618498760000000036e+00	1.229715024000000057e+01	2.537342745600000171e+01	3.618498760000000036e+00	1.584841444799999977e+01	2.016968897900000002e+01	7.012142090000000216e+00
3.746093349000000128e+00	1.303720206700000084e+01	2.587925073599999948e+01	3.746093349000000128e+00	1.682779207300000124e+01	2.079598384000000166e+01	6.908330446999999985e+00
3.878187146000000141e+00	1.380527219300000041e+01	2.637025823900000177e+01	3.878187146000000141e+00	1.788459146399999966e+01	1.997014751100000041e+01	6.799635305999999879e+00
4.014938800999999557e+00	1.460075135700000004e+01	2.684409307299999981e+01	4.014938800999999557e+00	1.686946783000000138e+01	1.846018991700000100e+01	6.686052864999999734e+00
4.156512558000000190e+00	1.542196707999999994e+01	2.729848482399999909e+01	4.156512558000000190e+00	1.443392452299999995e+01	1.906676247800000112e+01	6.567641608999999825e+00
4.303078454000000441e+00	1.626742465999999965e+01	2.773314682799999886e+01	4.303078454000000441e+00	1.295864868199999975e+01	2.198088508200000035e+01	6.444954960999999649e+00
4.454812518999999860e+00	1.713848530299999950e+01	2.814563747700000107e+01	4.454812518999999860e+00	1.369977482600000052e+01	2.640243818900000150e+01	6.318029626999999593e+00
4.611896992000000139e+00	1.803037118099999958e+01	2.853271711800000077e+01	4.611896992000000139e+00	1.919189723899999933e+01	2.990663473400000072e+01	6.186763746999999647e+00
4.774520539000000063e+00	1.894473554800000059e+01	2.889520802899999907e+01	4.774520539000000063e+00	2.448394681799999972e+01	2.816990762300000029e+01	6.051960149000000122e+00
4.942878474999999661e+00	1.987641892899999974e+01	2.923033682799999866e+01	4.942878474999999661e+00	2.826074845899999843e+01	2.287418864800000051e+01	5.913626436999999569e+00
5.117173006999999885e+00	2.082587227300000166e+01	2.953588295599999825e+01	5.117173006999999885e+00	2.686850341799999953e+01	1.747553578899999849e+01	5.771914084999999695e+00
5.297613468999999853e+00	2.179089564599999918e+01	2.981208824999999862e+01	5.297613468999999853e+00	2.249643045599999880e+01	1.619282403300000084e+01	5.627456292999999832e+00
5.484416576000000099e+00	2.276861440600000108e+01	3.005786091899999946e+01	5.484416576000000099e+00	1.976862445400000112e+01	1.789330921999999902e+01	5.480594061999999766e+00
5.677806688000000435e+00	2.375667659200000159e+01	3.027231764500000111e+01	5.677806688000000435e+00	1.903227502400000049e+01	2.040183890899999852e+01	5.331692203000000241e+00
5.878016072000000314e+00	2.475319004600000028e+01	3.045521483499999960e+01	5.878016072000000314e+00	1.866067845699999950e+01	2.216113148399999844e+01	5.181206458000000126e+00
6.085285189999999567e+00	2.575671267999999969e+01	3.060533846299999894e+01	6.085285189999999567e+00	2.203012038700000019e+01	2.359519407299999827e+01	5.029400843000000343e+00
6.299862978000000169e+00	2.676250252599999868e+01	3.072171064799999840e+01	6.299862978000000169e+00	2.346734160700000160e+01	2.114522452299999955e+01	4.876568070000000255e+00
6.522007154999999834e+00	2.777031426799999991e+01	3.080763575199999948e+01	6.522007154999999834e+00	1.985361579799999987e+01	1.961727025900000143e+01	4.723643354000000016e+00
6.751984522999999960e+00	2.877586838799999924e+01	3.085975174300000035e+01	6.751984522999999960e+00	1.761481525299999973e+01	2.305955032199999977e+01	4.570471339000000022e+00
6.990071294999999907e+00	2.977924476200000115e+01	3.088022629600000002e+01	6.990071294999999907e+00	1.857317446100000069e+01	2.709633696999999941e+01	4.417726942999999906e+00
7.236553423000000151e+00	3.077676202700000019e+01	3.087017709499999896e+01	7.236553423000000151e+00	2.392382398599999860e+01	2.917505244599999870e+01	4.265867367000000243e+00
7.491726940999999584e+00	3.176601867200000129e+01	3.082992755900000148e+01	7.491726940999999584e+00	2.663782574800000091e+01	2.497997584499999846e+01	4.115196376000000100e+00
7.755898323000000261e+00	3.274522164599999741e+01	3.076102975299999898e+01	7.755898323000000261e+00	2.322760221100000066e+01	2.218281692700000107e+01	3.966146597999999912e+00
8.029384849999999574e+00	3.371402352999999863e+01	3.066424362800000125e+01	8.029384849999999574e+00	1.962162679100000062e+01	2.432919342499999971e+01	3.819002849999999949e+00
8.312514990000000381e+00	3.466796234200000271e+01	3.053936496100000042e+01	8.312514990000000381e+00	1.892672432299999841e+01	2.895457617399999961e+01	3.673901942000000087e+00
8.605628792999999277e+00	3.560826932599999850e+01	3.039059092700000164e+01	8.605628792999999277e+00	2.053350004600000034e+01	3.253978853200000287e+01	3.531478251999999873e+00
8.909078300999999200e+00	3.653100334999999887e+01	3.021823147599999970e+01	8.909078300999999200e+00	2.336051582500000023e+01	3.537358954199999772e+01	3.391847108999999971e+00
9.223227968999999860e+00	3.743617551599999871e+01	3.002331056199999892e+01	9.223227968999999860e+00	2.855460465799999881e+01	3.824825796100000019e+01	3.255184698999999959e+00
9.548455103000000221e+00	3.832261605499999746e+01	2.980747524899999945e+01	9.548455103000000221e+00	3.580147401199999990e+01	3.479536184700000234e+01	3.121706592999999863e+00
9.885150314000000549e+00	3.918807295300000249e+01	2.957326367399999967e+01	9.885150314000000549e+00	3.402498637800000125e+01	2.797616320899999920e+01	2.991685785000000042e+00
1.023371798600000027e+01	4.003465205300000207e+01	2.932277107899999891e+01	1.023371798600000027e+01	2.873699461700000057e+01	2.906527215099999850e+01	2.865309667000000005e+00
1.059457676399999926e+01	4.085837894200000164e+01	2.905686668199999900e+01	1.059457676399999926e+01	2.898032190800000052e+01	3.397660282900000084e+01	2.742617032000000066e+00
1.096816005300000008e+01	4.166081299799999726e+01	2.877706637600000050e+01	1.096816005300000008e+01	3.317760133099999820e+01	3.569584020500000321e+01	2.623691324999999797e+00
1.135491654099999970e+01	4.244168152900000024e+01	2.848561145700000097e+01	1.135491654099999970e+01	3.452736462800000083e+01	3.673859438600000260e+01	2.508658813999999904e+00
1.175531073900000045e+01	4.319976499700000261e+01	2.818305401499999974e+01	1.175531073900000045e+01	3.932982639600000141e+01	3.776316010200000051e+01	2.397474182999999925e+00
1.216982353600000089e+01	4.393521128999999803e+01	2.787374360999999823e+01	1.216982353600000089e+01	4.281402055299999887e+01	3.323675474800000273e+01	2.290398338999999783e+00
1.259895277799999924e+01	4.464790578800000276e+01	2.755642449300000152e+01	1.259895277799999924e+01	4.153925119800000232e+01	3.127840029400000077e+01	2.187199601000000104e+00
1.304321386700000041e+01	4.533889629600000148e+01	2.723392836000000017e+01	1.304321386700000041e+01	4.165450830200000354e+01	3.253832030000000231e+01	2.087976831000000200e+00
1.350314037899999953e+01	4.600824068699999714e+01	2.690685549999999893e+01	1.350314037899999953e+01	4.345555064999999928e+01	3.206809113700000324e+01	1.992636878999999972e+00
1.397928470299999937e+01	4.665438188899999972e+01	2.657782565799999830e+01	1.397928470299999937e+01	4.550632582899999790e+01	2.992557940600000066e+01	1.901229298999999928e+00
1.447221870699999968e+01	4.727989521100000303e+01	2.624677993399999920e+01	1.447221870699999968e+01	4.394016221999999772e+01	2.728169327699999869e+01	1.813597517999999909e+00
1.498253442699999916e+01	4.788448525300000114e+01	2.591629304599999983e+01	1.498253442699999916e+01	4.142632797200000283e+01	2.792071172099999998e+01	1.729766960999999936e+00
1.551084477000000028e+01	4.846937913200000025e+01	2.558637088700000106e+01	1.551084477000000028e+01	4.007743119599999915e+01	3.143413386900000006e+01	1.649579456999999971e+00
1.605778425800000164e+01	4.903299950400000284e+01	2.525888553700000116e+01	1.605778425800000164e+01	4.376370272100000136e+01	3.542417549500000007e+01	1.572999432999999891e+00
1.662400978899999870e+01	4.957786731299999872e+01	2.493413088000000144e+01	1.662400978899999870e+01	5.037423651099999944e+01	3.395440359900000260e+01	1.499886682000000082e+00
1.721020142200000080e+01	5.010444903500000180e+01	2.461286772500000097e+01	1.721020142200000080e+01	5.062126228500000025e+01	2.785684078999999969e+01	1.430132461999999993e+00
1.781706319499999935e+01	5.061189892099999810e+01	2.429721916200000109e+01	1.781706319499999935e+01	4.638648664600000160e+01	2.640080181000000081e+01	1.363705055999999916e+00
1.844532397600000095e+01	5.110237826299999853e+01	2.398668412800000027e+01	1.844532397600000095e+01	4.441536947499999854e+01	3.038297421700000100e+01	1.300420863000000038e+00
1.909573832899999957e+01	5.157648120500000033e+01	2.368195247499999923e+01	1.909573832899999957e+01	4.757700424099999736e+01	3.454634374500000149e+01	1.240169512000000029e+00
1.976908742799999885e+01	5.203362354800000134e+01	2.338496901899999969e+01	1.976908742799999885e+01	5.337082207400000300e+01	3.299002033200000028e+01	1.182905842000000041e+00
2.046617999400000087e+01	5.247572051200000232e+01	2.309490547500000091e+01	2.046617999400000087e+01	5.411037408100000334e+01	2.882593595399999842e+01	1.128442409999999896e+00
2.118785326100000077e+01	5.290233498700000325e+01	2.281237490999999906e+01	2.118785326100000077e+01	5.296398600399999879e+01	2.801394080800000097e+01	1.076672309999999966e+00
2.193497398899999951e+01	5.331530676700000271e+01	2.253875319699999835e+01	2.193497398899999951e+01	5.252725661000000201e+01	2.828564309200000082e+01	1.027525867999999898e+00
2.270843949900000069e+01	5.371413107899999773e+01	2.227446695700000134e+01	2.270843949900000069e+01	5.206334744299999784e+01	2.819818981899999955e+01	9.808893720000000371e-01
2.350917875500000065e+01	5.410044198899999657e+01	2.201860796300000089e+01	2.350917875500000065e+01	5.264797135799999950e+01	3.010064819200000130e+01	9.365962199999999793e-01
2.433815347499999859e+01	5.447392380499999831e+01	2.177299509899999919e+01	2.433815347499999859e+01	5.498021822500000155e+01	3.106999276899999884e+01	8.946034099999999878e-01
2.519635929300000043e+01	5.483620810000000034e+01	2.153675138899999908e+01	2.519635929300000043e+01	5.563832642100000214e+01	2.957796860599999889e+01	8.547564800000000407e-01
2.608482694799999990e+01	5.518649751800000303e+01	2.131085146899999927e+01	2.608482694799999990e+01	5.660737918499999921e+01	3.048480481600000047e+01	8.169826660000000240e-01
2.700462352399999943e+01	5.552660063900000154e+01	2.109573081599999966e+01	2.700462352399999943e+01	5.887401185499999912e+01	2.998395441199999922e+01	7.811895909999999610e-01
2.795685373499999926e+01	5.585608795800000337e+01	2.089057962000000046e+01	2.795685373499999926e+01	6.090400229800000176e+01	2.977362647900000070e+01	7.472435849999999880e-01
2.894266124700000020e+01	5.617568841100000299e+01	2.069685589499999878e+01	2.894266124700000020e+01	6.280526365099999708e+01	2.729255948799999842e+01	7.150985779999999847e-01
2.996323005500000036e+01	5.648634970900000241e+01	2.051337725100000142e+01	2.996323005500000036e+01	6.263019402300000138e+01	2.494540466699999826e+01	6.846183540000000400e-01
3.101978590099999877e+01	5.678787267700000285e+01	2.034153249899999949e+01	3.101978590099999877e+01	6.204638473199999993e+01	2.357180710900000165e+01	6.557599259999999930e-01
3.211359775300000052e+01	5.708093395899999933e+01	2.018022556400000056e+01	3.211359775300000052e+01	6.169322164500000127e+01	2.347462330800000174e+01	6.284012679999999573e-01
3.324597932300000025e+01	5.736609174200000183e+01	2.003070543400000147e+01	3.324597932300000025e+01	6.154146864500000191e+01	2.293474502200000131e+01	6.025000870000000175e-01
3.441829064499999902e+01	5.764389327500000348e+01	1.989293280100000061e+01	3.441829064499999902e+01	6.071144288299999658e+01	2.237864776700000036e+01	5.779756179999999688e-01
3.563193971199999766e+01	5.791394375000000139e+01	1.976609549999999871e+01	3.563193971199999766e+01	6.017745781699999696e+01	2.333009413599999959e+01	5.547297079999999880e-01
3.688838416699999811e+01	5.817726234300000243e+01	1.965120534800000129e+01	3.688838416699999811e+01	6.078149997500000268e+01	2.464367799900000122e+01	5.327206869999999705e-01
3.818913304800000219e+01	5.843414267099999648e+01	1.954830415200000004e+01	3.818913304800000219e+01	6.235730361600000293e+01	2.480695365400000085e+01	5.118813279999999688e-01
3.953574860700000215e+01	5.868412204399999865e+01	1.945676389799999839e+01	3.953574860700000215e+01	6.387200804199999737e+01	2.416830460099999911e+01	4.921309090000000053e-01
4.092984818499999733e+01	5.892835911899999957e+01	1.937752297700000170e+01	4.092984818499999733e+01	6.438692672199999834e+01	2.331854541099999878e+01	4.734325640000000002e-01
4.237310614900000161e+01	5.916678090300000292e+01	1.931000747099999870e+01	4.237310614900000161e+01	6.485905726100000379e+01	2.272428787300000153e+01	4.557137589999999960e-01
4.386725590999999724e+01	5.939970983700000318e+01	1.925437298900000016e+01	4.386725590999999724e+01	6.524006358399999783e+01	2.229553503800000058e+01	4.389235799999999799e-01
4.541409200399999690e+01	5.962742019699999929e+01	1.921132749299999887e+01	4.541409200399999690e+01	6.506059848399999623e+01	2.200721217099999905e+01	4.230256880000000108e-01
4.701547224000000114e+01	5.984935586699999988e+01	1.918018262500000048e+01	4.701547224000000114e+01	6.586850977400000318e+01	2.158212937800000120e+01	4.079546949999999783e-01
4.867331994199999912e+01	6.006683707900000257e+01	1.916172540999999896e+01	4.867331994199999912e+01	6.584224526200000582e+01	2.071323767499999846e+01	3.936802629999999747e-01
5.038962625100000281e+01	6.027926099399999771e+01	1.915521708099999998e+01	5.038962625100000281e+01	6.572076621799999430e+01	2.108202862099999919e+01	3.801420750000000237e-01
5.216645251900000346e+01	6.048668785099999923e+01	1.916158641199999835e+01	5.216645251900000346e+01	6.607903516000000366e+01	2.027119802100000001e+01	3.673162629999999762e-01
5.400593278499999883e+01	6.068984492300000255e+01	1.918081078199999823e+01	5.400593278499999883e+01	6.623650984500000050e+01	2.035995576999999912e+01	3.551611789999999935e-01
5.591027634099999943e+01	6.088862992800000029e+01	1.921246879599999957e+01	5.591027634099999943e+01	6.614371789400000523e+01	2.005147689700000058e+01	3.436303669999999921e-01
5.788177037700000227e+01	6.108255106200000029e+01	1.925711733800000047e+01	5.788177037700000227e+01	6.616206075899999917e+01	1.990255435299999931e+01	3.326974489999999784e-01
5.992278273800000221e+01	6.127259422000000200e+01	1.931516470500000082e+01	5.992278273800000221e+01	6.570245118900000136e+01	1.992974079800000098e+01	3.223342410000000213e-01
6.203576476100000292e+01	6.145793445099999985e+01	1.938614315499999918e+01	6.203576476100000292e+01	6.601077741899999296e+01	2.075975537000000060e+01	3.124994629999999773e-01
6.422325422199999423e+01	6.163935990899999950e+01	1.947054483999999874e+01	6.422325422199999423e+01	6.686749505000000227e+01	2.139528552399999839e+01	3.031697019999999854e-01
6.648787838399999828e+01	6.181645509199999822e+01	1.956869823799999963e+01	6.648787838399999828e+01	6.802005156200000613e+01	2.104450125299999996e+01	2.943197880000000266e-01
6.883235715099999652e+01	6.198938768600000060e+01	1.968085889700000024e+01	6.883235715099999652e+01	6.842840202300000385e+01	2.011674570899999992e+01	2.859245229999999860e-01
7.125950633600000117e+01	6.215813675100000069e+01	1.980661034899999962e+01	7.125950633600000117e+01	6.827232923200000414e+01	1.990098516400000150e+01	2.779504289999999989e-01
7.377224104200000454e+01	6.232262833800000124e+01	1.994684906100000177e+01	7.377224104200000454e+01	6.834964567999999474e+01	2.003082259700000023e+01	2.703842089999999865e-01
7.637357916400000590e+01	6.248282115699999650e+01	2.010181372299999936e+01	7.637357916400000590e+01	6.882372959799999990e+01	1.963922031699999948e+01	2.632037669999999774e-01
7.906664501299999870e+01	6.263865338299999763e+01	2.027125029200000128e+01	7.906664501299999870e+01	6.890671908800000267e+01	1.930383700599999841e+01	2.563818190000000108e-01
