7.943282299999999962e-02	4.135858000000000069e-03	5.257033810000000251e-01	7.943282299999999962e-02	-7.950891999999999335e-03	3.113116960000000266e-01	6.618213455000000245e+00
8.166578400000000515e-02	4.316124999999999649e-03	5.404863319999999582e-01	8.166578400000000515e-02	-1.232044399999999984e-02	3.212614890000000112e-01	6.618271541000000369e+00
8.396151500000000045e-02	4.506824000000000420e-03	5.556852349999999996e-01	8.396151500000000045e-02	-1.690565200000000018e-02	3.315855650000000265e-01	6.618332620000000333e+00
8.632178299999999915e-02	4.708565999999999967e-03	5.713118130000000017e-01	8.632178299999999915e-02	-2.171533800000000070e-02	3.423013950000000083e-01	6.618396826999999760e+00
8.874840100000000453e-02	4.922000999999999633e-03	5.873781209999999753e-01	8.874840100000000453e-02	-2.675849199999999831e-02	3.534273800000000132e-01	6.618464299000000217e+00
9.124323400000000639e-02	5.147816000000000371e-03	6.038965530000000026e-01	9.124323400000000639e-02	-3.204425200000000223e-02	3.649829039999999969e-01	6.618535177000000047e+00
9.380819999999999437e-02	5.386740999999999578e-03	6.208798540000000088e-01	9.380819999999999437e-02	-3.758188800000000079e-02	3.769883729999999877e-01	6.618609605999999701e+00
9.644527099999999908e-02	5.639550999999999592e-03	6.383411300000000344e-01	9.644527099999999908e-02	-4.338076800000000011e-02	3.894652670000000039e-01	6.618687730999999630e+00
9.915647299999999498e-02	5.907065000000000406e-03	6.562938590000000350e-01	9.915647299999999498e-02	-4.945034200000000130e-02	4.024361889999999997e-01	6.618769699999999645e+00
1.019438909999999948e-01	6.190153999999999795e-03	6.747518980000000166e-01	1.019438909999999948e-01	-5.580010199999999726e-02	4.159249090000000093e-01	6.618855663999999805e+00
1.048096659999999958e-01	6.489744000000000415e-03	6.937294969999999728e-01	1.048096659999999958e-01	-6.243955200000000233e-02	4.299564200000000058e-01	6.618945773000000088e+00
1.077560020000000035e-01	6.806813000000000100e-03	7.132413100000000172e-01	1.077560020000000035e-01	-6.937817000000000289e-02	4.445569799999999905e-01	6.619040176999999581e+00
1.107851640000000054e-01	7.142403999999999767e-03	7.333024030000000471e-01	1.107851640000000054e-01	-7.662536600000000031e-02	4.597541689999999903e-01	6.619139026000000037e+00
1.138994789999999979e-01	7.497618999999999638e-03	7.539282710000000387e-01	1.138994789999999979e-01	-8.419043800000000632e-02	4.755769280000000099e-01	6.619242468000000379e+00
1.171013419999999972e-01	7.873633999999999147e-03	7.751348449999999612e-01	1.171013419999999972e-01	-9.208252299999999946e-02	4.920556179999999724e-01	6.619350646000000005e+00
1.203932139999999984e-01	8.271690999999999419e-03	7.969385070000000182e-01	1.203932139999999984e-01	-1.003105450000000010e-01	5.092220589999999492e-01	6.619463700999999922e+00
1.237776240000000028e-01	8.693114999999999523e-03	8.193561000000000316e-01	1.237776240000000028e-01	-1.088831559999999948e-01	5.271095820000000209e-01	6.619581765000000395e+00
1.272571740000000007e-01	9.139309999999999448e-03	8.424049460000000433e-01	1.272571740000000007e-01	-1.178086839999999968e-01	5.457530689999999796e-01	6.619704963000000220e+00
1.308345389999999997e-01	9.611767000000000227e-03	8.661028520000000341e-01	1.308345389999999997e-01	-1.270950600000000097e-01	5.651890040000000504e-01	6.619833410000000029e+00
1.345124679999999961e-01	1.011207199999999973e-02	8.904681290000000526e-01	1.345124679999999961e-01	-1.367497609999999975e-01	5.854555059999999589e-01	6.619967208000000269e+00
1.382937890000000003e-01	1.064190899999999974e-02	9.155196030000000151e-01	1.382937890000000003e-01	-1.467797339999999950e-01	6.065923779999999876e-01	6.620106441999999980e+00
1.421814080000000091e-01	1.120306800000000005e-02	9.412766320000000020e-01	1.421814080000000091e-01	-1.571913259999999923e-01	6.286411379999999882e-01	6.620251182999999706e+00
1.461783120000000047e-01	1.179745100000000047e-02	9.677591140000000314e-01	1.461783120000000047e-01	-1.679902110000000004e-01	6.516450639999999961e-01	6.620401475000000424e+00
1.502875750000000066e-01	1.242708099999999954e-02	9.949875080000000205e-01	1.502875750000000066e-01	-1.791813080000000113e-01	6.756492210000000220e-01	6.620557340000000401e+00
1.545123549999999901e-01	1.309410499999999998e-02	1.022982845999999890e+00	1.545123549999999901e-01	-1.907687040000000112e-01	7.007005010000000311e-01	6.620718768999999781e+00
1.588558979999999954e-01	1.380080900000000069e-02	1.051766747999999918e+00	1.588558979999999954e-01	-2.027555709999999956e-01	7.268476529999999824e-01	6.620885718000000253e+00
1.633215440000000129e-01	1.454962100000000043e-02	1.081361435999999898e+00	1.633215440000000129e-01	-2.151440830000000137e-01	7.541413150000000343e-01	6.621058105000000360e+00
1.679127260000000121e-01	1.534312399999999965e-02	1.111789753000000047e+00	1.679127260000000121e-01	-2.279353309999999910e-01	7.826340480000000266e-01	6.621235803000000253e+00
1.726329709999999962e-01	1.618406099999999959e-02	1.143075172999999944e+00	1.726329709999999962e-01	-2.411292339999999979e-01	8.123803680000000194e-01	6.621418632000000137e+00
1.774859089999999973e-01	1.707535199999999850e-02	1.175241823999999990e+00	1.774859089999999973e-01	-2.547244490000000194e-01	8.434367820000000515e-01	6.621606353999999861e+00
1.824752689999999955e-01	1.802009699999999881e-02	1.208314496000000071e+00	1.824752689999999955e-01	-2.687182830000000022e-01	8.758618249999999827e-01	6.621798668000000276e+00
1.876048869999999980e-01	1.902159399999999931e-02	1.242318660000000019e+00	1.876048869999999980e-01	-2.831065910000000185e-01	9.097161030000000537e-01	6.621995197000000388e+00
1.928787050000000114e-01	2.008334700000000139e-02	1.277280487000000075e+00	1.928787050000000114e-01	-2.978836850000000092e-01	9.450623390000000290e-01	6.622195482000000410e+00
1.983007760000000119e-01	2.120908000000000168e-02	1.313226857999999941e+00	1.983007760000000119e-01	-3.130422230000000083e-01	9.819654340000000259e-01	6.622398973000000133e+00
2.038752699999999973e-01	2.240274600000000116e-02	1.350185383999999988e+00	2.038752699999999973e-01	-3.285730969999999806e-01	1.020492525000000095e+00	6.622605018999999871e+00
2.096064689999999897e-01	2.366854800000000106e-02	1.388184418000000031e+00	2.096064689999999897e-01	-3.444653160000000214e-01	1.060713067000000009e+00	6.622812856000000359e+00
2.154987800000000009e-01	2.501094400000000023e-02	1.427253074000000010e+00	2.154987800000000009e-01	-3.607058639999999872e-01	1.102698919000000055e+00	6.623021596000000066e+00
2.215567320000000062e-01	2.643466900000000092e-02	1.467421239000000099e+00	2.215567320000000062e-01	-3.772795469999999929e-01	1.146524450000000028e+00	6.623230215999999615e+00
2.277849799999999980e-01	2.794474200000000158e-02	1.508719589000000028e+00	2.277849799999999980e-01	-3.941688239999999732e-01	1.192266658000000090e+00	6.623437548000000064e+00
2.341883130000000091e-01	2.954648600000000028e-02	1.551179604000000101e+00	2.341883130000000091e-01	-4.113535930000000174e-01	1.240005312999999942e+00	6.623642259999999560e+00
2.407716510000000032e-01	3.124554100000000167e-02	1.594833581000000056e+00	2.407716510000000032e-01	-4.288109580000000198e-01	1.289823111000000022e+00	6.623842851000000032e+00
2.475400560000000083e-01	3.304787599999999687e-02	1.639714646999999914e+00	2.475400560000000083e-01	-4.465149379999999724e-01	1.341805860000000017e+00	6.624037633000000369e+00
2.544987300000000063e-01	3.495980900000000141e-02	1.685856776000000057e+00	2.544987300000000063e-01	-4.644361220000000068e-01	1.396042672000000096e+00	6.624224719999999955e+00
2.616530200000000139e-01	3.698801300000000014e-02	1.733294797000000109e+00	2.616530200000000139e-01	-4.825412620000000263e-01	1.452626181000000072e+00	6.624402017000000420e+00
2.690084280000000216e-01	3.913953800000000149e-02	1.782064410000000043e+00	2.690084280000000216e-01	-5.007927690000000265e-01	1.511652779000000058e+00	6.624567210999999567e+00
2.765706050000000249e-01	4.142181400000000124e-02	1.832202198999999920e+00	2.765706050000000249e-01	-5.191481140000000494e-01	1.573222845999999953e+00	6.624717755999999902e+00
2.843453650000000166e-01	4.384267000000000025e-02	1.883745642000000053e+00	2.843453650000000166e-01	-5.375591029999999826e-01	1.637440999000000064e+00	6.624850874999999917e+00
2.923386840000000153e-01	4.641033900000000184e-02	1.936733124999999944e+00	2.923386840000000153e-01	-5.559709990000000213e-01	1.704416310000000045e+00	6.624963547000000119e+00
3.005567049999999796e-01	4.913346600000000064e-02	1.991203955000000025e+00	3.005567049999999796e-01	-5.743214690000000289e-01	1.774262498999999993e+00	6.625052510999999811e+00
3.090057460000000256e-01	5.202111499999999972e-02	2.047198376999999958e+00	3.090057460000000256e-01	-5.925393209999999522e-01	1.847098071000000008e+00	6.625114270000000083e+00
3.176922999999999830e-01	5.508277200000000207e-02	2.104757585000000208e+00	3.176922999999999830e-01	-6.105429940000000055e-01	1.923046349000000044e+00	6.625145100000000120e+00
3.266230450000000007e-01	5.832834199999999830e-02	2.163923746000000037e+00	3.266230450000000007e-01	-6.282387590000000355e-01	2.002235372999999985e+00	6.625141065000000218e+00
3.358048439999999912e-01	6.176815100000000031e-02	2.224740015000000071e+00	3.358048439999999912e-01	-6.455185829999999791e-01	2.084797575000000069e+00	6.625098043999999575e+00
3.452447559999999860e-01	6.541293800000000380e-02	2.287250567000000068e+00	3.452447559999999860e-01	-6.622576270000000154e-01	2.170869168999999932e+00	6.625011760999999666e+00
3.549500360000000243e-01	6.927384699999999951e-02	2.351500623000000179e+00	3.549500360000000243e-01	-6.783113039999999483e-01	2.260589112999999983e+00	6.624877833000000216e+00
3.649281440000000099e-01	7.336241500000000026e-02	2.417536489000000177e+00	3.649281440000000099e-01	-6.935118860000000218e-01	2.354097510999999976e+00	6.624691821999999952e+00
3.751867489999999861e-01	7.769055800000000678e-02	2.485405602000000158e+00	3.751867489999999861e-01	-7.076646100000000272e-01	2.451533238000000114e+00	6.624449310000000146e+00
3.857337379999999927e-01	8.227055699999999416e-02	2.555156586999999924e+00	3.857337379999999927e-01	-7.205433030000000239e-01	2.553030537000000155e+00	6.624145978999999684e+00
3.965772160000000102e-01	8.711504400000000259e-02	2.626839321999999921e+00	3.965772160000000102e-01	-7.318855499999999958e-01	2.658714253999999944e+00	6.623777714000000039e+00
4.077255180000000090e-01	9.223699000000000481e-02	2.700505022999999838e+00	4.077255180000000090e-01	-7.413875420000000105e-01	2.768693294999999832e+00	6.623340716000000405e+00
4.191872130000000030e-01	9.764969099999999680e-02	2.776206338999999801e+00	4.191872130000000030e-01	-7.486988340000000353e-01	2.883051785000000145e+00	6.622831636999999994e+00
4.309711119999999895e-01	1.033667759999999936e-01	2.853997466000000038e+00	4.309711119999999895e-01	-7.534174319999999980e-01	3.001837328000000138e+00	6.622247723000000086e+00
4.430862720000000032e-01	1.094022119999999987e-01	2.933934285999999947e+00	4.430862720000000032e-01	-7.550858919999999808e-01	3.125045641999999901e+00	6.621586976999999763e+00
4.555420040000000004e-01	1.157703370000000009e-01	3.016074512999999957e+00	4.555420040000000004e-01	-7.531895029999999824e-01	3.252600841000000020e+00	6.620848320000000342e+00
4.683478830000000204e-01	1.224859130000000018e-01	3.100477868000000026e+00	4.683478830000000204e-01	-7.471581370000000000e-01	3.384330655999999937e+00	6.620031770999999843e+00
4.815137529999999888e-01	1.295642039999999884e-01	3.187206270999999980e+00	4.815137529999999888e-01	-7.363740640000000504e-01	3.519936128999999969e+00	6.619138609000000173e+00
4.950497320000000201e-01	1.370211040000000047e-01	3.276324037999999828e+00	4.950497320000000201e-01	-7.201888490000000198e-01	3.658955896000000152e+00	6.618171526000000249e+00
5.089662249999999943e-01	1.448732980000000115e-01	3.367898097999999951e+00	5.089662249999999943e-01	-6.979534200000000466e-01	3.800726195000000196e+00	6.617134762000000059e+00
5.232739280000000548e-01	1.531384899999999882e-01	3.461998198999999943e+00	5.232739280000000548e-01	-6.690661930000000313e-01	3.944339599000000085e+00	6.616034186000000261e+00
5.379838399999999909e-01	1.618356810000000090e-01	3.558697110999999857e+00	5.379838399999999909e-01	-6.330444750000000509e-01	4.088608177000000232e+00	6.614877331999999832e+00
5.531072670000000135e-01	1.709855220000000009e-01	3.658070791000000099e+00	5.531072670000000135e-01	-5.896235210000000393e-01	4.232040642000000297e+00	6.613673348999999924e+00
5.686558329999999994e-01	1.806107369999999934e-01	3.760198513000000187e+00	5.686558329999999994e-01	-5.388845960000000490e-01	4.372847539000000339e+00	6.612432853999999693e+00
5.846414890000000142e-01	1.907366100000000009e-01	3.865162916000000060e+00	5.846414890000000142e-01	-4.814071030000000029e-01	4.508992810999999712e+00	6.611167673999999828e+00
6.010765240000000009e-01	2.013915340000000109e-01	3.973049962999999796e+00	6.010765240000000009e-01	-4.184295230000000254e-01	4.638311808000000092e+00	6.609890434000000425e+00
6.179735680000000286e-01	2.126076040000000056e-01	4.083948775999999725e+00	6.179735680000000286e-01	-3.519901690000000194e-01	4.758711825999999867e+00	6.608614007999999984e+00
6.353456100000000051e-01	2.244212289999999999e-01	4.197951317000000238e+00	6.353456100000000051e-01	-2.850049510000000064e-01	4.868457853999999863e+00	6.607350788999999835e+00
6.532060029999999795e-01	2.368737150000000125e-01	4.315151890000000101e+00	6.532060029999999795e-01	-2.212322100000000125e-01	4.966521796000000322e+00	6.606111809999999807e+00
6.715684750000000536e-01	2.500117820000000157e-01	4.435646453999999572e+00	6.715684750000000536e-01	-1.650833730000000055e-01	5.052941783999999714e+00	6.604905710999999791e+00
6.904471399999999592e-01	2.638879379999999886e-01	4.559531735000000197e+00	6.904471399999999592e-01	-1.212689269999999986e-01	5.129110945999999949e+00	6.603737597000000292e+00
7.098565079999999972e-01	2.785606359999999726e-01	4.686904147999999992e+00	7.098565079999999972e-01	-9.431891100000000527e-02	5.197909028999999848e+00	6.602607841000000199e+00
7.298114999999999464e-01	2.940941249999999840e-01	4.817858584999999749e+00	7.298114999999999464e-01	-8.806820999999999400e-02	5.263618913000000177e+00	6.601510919999999949e+00
7.503274519999999503e-01	3.105579250000000124e-01	4.952487120999999881e+00	7.503274519999999503e-01	-1.052236780000000010e-01	5.331630474999999869e+00	6.600434394999999732e+00
7.714201339999999796e-01	3.280258200000000235e-01	5.090877769999999636e+00	7.714201339999999796e-01	-1.471131159999999882e-01	5.408003609999999739e+00	6.599358175999999965e+00
7.931057590000000213e-01	3.465743510000000027e-01	5.233113441000000421e+00	7.931057590000000213e-01	-2.136586010000000035e-01	5.499008401000000212e+00	6.598254241000000242e+00
8.154009960000000445e-01	3.662807799999999725e-01	5.379271289000000067e+00	8.154009960000000445e-01	-3.035439070000000017e-01	5.610762511999999980e+00	6.597086975999999936e+00
8.383229800000000509e-01	3.872206060000000227e-01	5.529422712999999767e+00	8.383229800000000509e-01	-4.144895590000000074e-01	5.749047730000000023e+00	6.595814315000000150e+00
8.618893309999999808e-01	4.094647880000000240e-01	5.683634222000000236e+00	8.618893309999999808e-01	-5.435266989999999465e-01	5.919332289999999830e+00	6.594389806999999770e+00
8.861181639999999859e-01	4.330769549999999857e-01	5.841969415000000332e+00	8.861181639999999859e-01	-6.871683419999999876e-01	6.126978568000000180e+00	6.592765677000000046e+00
9.110281000000000073e-01	4.581110050000000156e-01	6.004492220999999574e+00	9.110281000000000073e-01	-8.413945590000000418e-01	6.377589318000000063e+00	6.590896835999999759e+00
9.366382869999999583e-01	4.846096349999999831e-01	6.171271409000000041e+00	9.366382869999999583e-01	-1.001375616000000024e+00	6.677435570000000098e+00	6.588745620000000081e+00
9.629684090000000252e-01	5.126044029999999863e-01	6.342386184000000426e+00	9.629684090000000252e-01	-1.160838626000000096e+00	7.033897497999999970e+00	6.586286862999999769e+00
9.900387059999999906e-01	5.421179499999999596e-01	6.517932378000000249e+00	9.900387059999999906e-01	-1.310931217999999898e+00	7.455805274000000260e+00	6.583512683000000365e+00
1.017869984000000061e+00	5.731688769999999655e-01	6.698028427999999757e+00	1.017869984000000061e+00	-1.438355226999999958e+00	7.953437776000000348e+00	6.580436138999999685e+00
1.046483636000000050e+00	6.057795000000000263e-01	6.882820021999999760e+00	1.046483636000000050e+00	-1.522478527000000081e+00	8.537627025000000813e+00	6.577092834000000110e+00
1.075901653999999930e+00	6.399862189999999673e-01	7.072482008999999792e+00	1.075901653999999930e+00	-1.531259281999999944e+00	9.216767288999999863e+00	6.573539486999999681e+00
1.106146652000000064e+00	6.758515929999999727e-01	7.267216175999999805e+00	1.106146652000000064e+00	-1.416681912999999904e+00	9.989405462000000568e+00	6.569848731000000441e+00
1.137241874999999958e+00	7.134764209999999718e-01	7.467243687999999935e+00	1.137241874999999958e+00	-1.113330056999999984e+00	1.082898421400000011e+01	6.566099832999999997e+00
1.169211226000000048e+00	7.530094200000000404e-01	7.672791686000000055e+00	1.169211226000000048e+00	-5.504495999999999833e-01	1.165941431699999953e+01	6.562365733000000034e+00
1.202079276999999946e+00	7.946515210000000273e-01	7.884074626000000308e+00	1.202079276999999946e+00	3.049528970000000005e-01	1.233433284900000082e+01	6.558697729000000365e+00
1.235871291999999899e+00	8.386518010000000301e-01	8.101272460000000564e+00	1.235871291999999899e+00	1.372468495999999982e+00	1.266372866600000080e+01	6.555110157999999743e+00
1.270613243999999975e+00	8.852927670000000360e-01	8.324509489000000428e+00	1.270613243999999975e+00	2.419118067999999955e+00	1.253063458499999960e+01	6.551568329000000190e+00
1.306331837999999967e+00	9.348644419999999622e-01	8.553839309000000668e+00	1.306331837999999967e+00	3.164258660999999861e+00	1.201940999300000001e+01	6.547983490000000018e+00
1.343054527999999914e+00	9.876295149999999579e-01	8.789242120000000824e+00	1.343054527999999914e+00	3.465566949999999924e+00	1.138057998000000026e+01	6.544218372999999644e+00
1.380809541000000085e+00	1.043785446000000006e+00	9.030640110000000220e+00	1.380809541000000085e+00	3.371829598999999789e+00	1.085823959999999921e+01	6.540105525999999614e+00
1.419625896000000109e+00	1.103433220000000103e+00	9.277933829000000188e+00	1.419625896000000109e+00	3.023746725000000080e+00	1.058514675500000024e+01	6.535478010000000282e+00
1.459533430000000020e+00	1.166564989999999913e+00	9.531057145000000119e+00	1.459533430000000020e+00	2.555741494999999919e+00	1.059974869600000069e+01	6.530208179999999807e+00
1.500562817000000049e+00	1.233082374000000092e+00	9.790040831000000665e+00	1.500562817000000049e+00	2.066047644999999822e+00	1.090155909799999989e+01	6.524245918000000088e+00
1.542745593000000026e+00	1.302851897000000037e+00	1.005506700499999972e+01	1.542745593000000026e+00	1.630480630000000097e+00	1.148967505799999955e+01	6.517644290999999868e+00
1.586114180999999901e+00	1.375793218000000095e+00	1.032649156399999946e+01	1.586114180999999901e+00	1.332956972999999934e+00	1.237772082599999912e+01	6.510560012000000008e+00
1.630701917999999973e+00	1.451981103000000051e+00	1.060481359199999929e+01	1.630701917999999973e+00	1.308110059000000103e+00	1.358543467400000004e+01	6.503220162999999943e+00
1.676543072999999939e+00	1.531727805000000053e+00	1.089058243999999931e+01	1.676543072999999939e+00	1.798079881000000046e+00	1.508243825699999974e+01	6.495856034000000001e+00
1.723672883999999961e+00	1.615605739999999901e+00	1.118425482700000018e+01	1.723672883999999961e+00	3.173711731000000036e+00	1.661194526199999899e+01	6.488617957999999852e+00
1.772127573999999983e+00	1.704377910999999912e+00	1.148604137699999939e+01	1.772127573999999983e+00	5.652717263000000436e+00	1.738475426899999832e+01	6.481498026999999773e+00
1.821944390000000080e+00	1.798830010000000090e+00	1.179580456899999952e+01	1.821944390000000080e+00	8.425899589000000134e+00	1.633524403099999844e+01	6.474294515999999611e+00
1.873161620000000083e+00	1.899541445999999967e+00	1.211307486299999958e+01	1.873161620000000083e+00	9.752970164000000608e+00	1.376435294300000045e+01	6.466646941999999676e+00
1.925818634000000085e+00	2.006680656999999979e+00	1.243722490400000069e+01	1.925818634000000085e+00	9.207684394999999355e+00	1.137049581800000020e+01	6.458149631999999585e+00
1.979955904999999960e+00	2.119938912999999925e+00	1.276777773399999916e+01	1.979955904999999960e+00	7.754784182999999942e+00	1.002949114599999980e+01	6.448516202000000419e+00
2.035615046000000206e+00	2.238695145999999969e+00	1.310473782200000059e+01	2.035615046000000206e+00	6.162631177999999821e+00	9.615972735999999799e+00	6.437728906000000251e+00
2.092838836999999952e+00	2.362412132999999859e+00	1.344876619399999917e+01	2.092838836999999952e+00	4.702725797000000263e+00	9.824093575999999217e+00	6.426087836999999858e+00
2.151671263999999972e+00	2.491120818000000181e+00	1.380103344299999968e+01	2.151671263999999972e+00	3.418462101999999891e+00	1.046506986300000008e+01	6.414099438000000042e+00
2.212157545999999808e+00	2.625727352999999820e+00	1.416271607600000060e+01	2.212157545999999808e+00	2.300428204999999782e+00	1.147560279900000069e+01	6.402218548999999648e+00
2.274344177000000133e+00	2.767877396999999906e+00	1.453432364200000038e+01	2.274344177000000133e+00	1.367288550000000047e+00	1.288860058600000080e+01	6.390555917999999558e+00
2.338278955999999908e+00	2.919299451000000101e+00	1.491524342800000014e+01	2.338278955999999908e+00	7.397197180000000261e-01	1.481133679300000061e+01	6.378727137000000269e+00
2.404011023999999885e+00	3.080888031000000193e+00	1.530390772600000027e+01	2.404011023999999885e+00	7.781463600000000369e-01	1.735235768500000120e+01	6.365988996999999650e+00
2.471590905999999865e+00	3.252106643999999935e+00	1.569870499499999994e+01	2.471590905999999865e+00	2.250992649000000068e+00	2.025724185600000027e+01	6.351659959000000022e+00
2.541070546999999902e+00	3.431309704999999877e+00	1.609921295299999855e+01	2.541070546999999902e+00	5.758536427000000124e+00	2.201968343900000136e+01	6.335602516999999878e+00
2.612503350999999974e+00	3.617080142999999914e+00	1.650685275500000060e+01	2.612503350999999974e+00	9.444031846999999757e+00	2.071347639600000079e+01	6.318404433000000431e+00
2.685944223999999991e+00	3.809806270000000161e+00	1.692416676299999878e+01	2.685944223999999991e+00	1.052240557300000035e+01	1.789839167799999942e+01	6.301011990000000118e+00
2.761449616000000162e+00	4.012150096000000055e+00	1.735285960199999877e+01	2.761449616000000162e+00	9.630047005999999854e+00	1.614045640300000173e+01	6.283967485999999880e+00
2.839077563000000026e+00	4.227552665000000154e+00	1.779200241399999882e+01	2.839077563000000026e+00	8.361028897000000626e+00	1.579698694100000012e+01	6.266825058000000226e+00
2.918887733000000040e+00	4.457528184000000060e+00	1.823824018399999858e+01	2.918887733000000040e+00	7.490993740000000400e+00	1.637747810500000156e+01	6.248352748000000290e+00
3.000941469999999889e+00	4.700112454000000106e+00	1.868854368799999932e+01	3.000941469999999889e+00	7.322140456999999714e+00	1.731833551200000088e+01	6.227560208999999958e+00
3.085301845000000043e+00	4.951620684999999966e+00	1.914344243400000067e+01	3.085301845000000043e+00	7.774092268999999611e+00	1.797728284900000162e+01	6.204722712999999779e+00
3.172033700000000067e+00	5.210922081999999733e+00	1.960715733900000046e+01	3.172033700000000067e+00	8.188995993000000695e+00	1.800273310500000079e+01	6.181257576000000142e+00
3.261203699999999817e+00	5.481951127000000312e+00	2.008333353900000162e+01	3.261203699999999817e+00	7.942353690000000022e+00	1.790664930799999865e+01	6.158257927000000187e+00
3.352880385999999824e+00	5.770647894999999750e+00	2.057020873600000144e+01	3.352880385999999824e+00	7.270841974999999735e+00	1.844830389399999859e+01	6.135085767999999717e+00
3.447134221999999859e+00	6.078394109999999628e+00	2.106139349200000055e+01	3.447134221999999859e+00	6.927669047000000191e+00	1.981612699200000094e+01	6.109826927000000296e+00
3.544037657000000063e+00	6.399784094000000145e+00	2.155319468000000072e+01	3.544037657000000063e+00	7.624056522000000058e+00	2.145722609699999950e+01	6.081536588999999715e+00
3.643665173000000035e+00	6.729551795999999975e+00	2.205014498399999923e+01	3.643665173000000035e+00	9.164637638000000308e+00	2.215271460700000006e+01	6.051638649000000036e+00
3.746093349000000128e+00	7.071269842000000416e+00	2.255962481199999914e+01	3.746093349000000128e+00	9.966650252000000876e+00	2.178067876100000078e+01	6.022173691999999967e+00
3.851400914000000064e+00	7.434527658000000372e+00	2.308044822800000162e+01	3.851400914000000064e+00	9.713086894999999998e+00	2.203812224300000011e+01	5.992741017000000170e+00
3.959668811999999871e+00	7.821432815999999733e+00	2.360236388399999896e+01	3.959668811999999871e+00	1.007935959099999934e+01	2.358295483599999898e+01	5.960691413000000161e+00
4.070980260999999878e+00	8.222315502000000720e+00	2.412098974599999934e+01	4.070980260999999878e+00	1.254494958999999987e+01	2.455535028699999955e+01	5.925106043000000433e+00
4.185420821000000124e+00	8.631551376000000886e+00	2.464611272200000158e+01	4.185420821000000124e+00	1.450256602099999981e+01	2.230871706699999990e+01	5.888562649999999898e+00
4.303078454000000441e+00	9.059894443999999325e+00	2.518535587499999906e+01	4.303078454000000441e+00	1.277935151500000011e+01	2.029372130000000141e+01	5.852869323000000179e+00
4.424043595999999745e+00	9.517761502000000817e+00	2.572785153999999963e+01	4.424043595999999745e+00	1.021385143900000081e+01	2.144356081300000127e+01	5.815460671000000303e+00
4.548409226000000416e+00	9.994980306000000425e+00	2.626159917000000021e+01	4.548409226000000416e+00	9.714243634000000682e+00	2.510518428399999991e+01	5.773798677000000268e+00
4.676270935999999878e+00	1.047953236100000041e+01	2.679745950099999874e+01	4.676270935999999878e+00	1.352827156799999919e+01	2.799369801499999966e+01	5.730519012000000245e+00
4.807727005000000275e+00	1.098487727200000030e+01	2.734785012400000070e+01	4.807727005000000275e+00	1.705890419900000055e+01	2.548400553800000168e+01	5.688311772999999683e+00
4.942878474999999661e+00	1.152453578699999959e+01	2.789679497299999866e+01	4.942878474999999661e+00	1.624301553800000164e+01	2.337745307599999833e+01	5.643835896999999768e+00
5.081829230000000308e+00	1.208072855800000056e+01	2.843146889499999830e+01	5.081829230000000308e+00	1.561979804599999966e+01	2.352004222900000130e+01	5.594731269000000395e+00
5.224686070999999821e+00	1.264442244199999976e+01	2.897266511100000130e+01	5.224686070999999821e+00	1.556859077900000088e+01	2.323977298699999849e+01	5.545340852999999903e+00
5.371558804000000187e+00	1.324099357599999927e+01	2.952420965499999994e+01	5.371558804000000187e+00	1.438860135000000007e+01	2.352128428700000029e+01	5.496395130999999878e+00
5.522560321000000272e+00	1.386834712499999966e+01	3.005774154699999912e+01	5.522560321000000272e+00	1.441111712000000011e+01	2.564640146200000004e+01	5.442718558000000151e+00
5.677806688000000435e+00	1.449953753399999989e+01	3.058413287200000141e+01	5.677806688000000435e+00	1.693475798900000129e+01	2.569614690999999951e+01	5.386610455999999658e+00
5.837417231999999956e+00	1.515736469700000022e+01	3.112477914200000129e+01	5.837417231999999956e+00	1.609151287299999922e+01	2.334810768099999834e+01	5.331943546999999839e+00
6.001514635999999570e+00	1.585361790299999996e+01	3.164650837699999997e+01	6.001514635999999570e+00	1.346776384500000034e+01	2.438596011199999936e+01	5.273086927999999673e+00
6.170225032000000276e+00	1.655214301799999888e+01	3.215332085600000056e+01	6.170225032000000276e+00	1.315320294099999998e+01	2.684558855499999908e+01	5.211045089999999824e+00
6.343678097999999821e+00	1.727766001000000173e+01	3.267426250199999771e+01	6.343678097999999821e+00	1.298791205300000051e+01	2.808713585099999932e+01	5.150681040000000266e+00
6.522007154999999834e+00	1.804151884899999914e+01	3.316823887900000045e+01	6.522007154999999834e+00	1.243893291700000070e+01	3.129163720900000101e+01	5.085587624999999612e+00
6.705349273999999582e+00	1.880271563499999843e+01	3.365073847299999699e+01	6.705349273999999582e+00	1.531904905300000053e+01	3.424797904799999770e+01	5.018491520000000428e+00
6.893845379000000051e+00	1.960296504700000142e+01	3.414104491399999830e+01	6.893845379000000051e+00	1.636994742199999919e+01	3.500092994399999924e+01	4.952394931999999805e+00
7.087640354999999559e+00	2.042555468300000143e+01	3.459147662699999870e+01	7.087640354999999559e+00	1.979259603299999881e+01	3.969973900299999769e+01	4.880534972999999610e+00
7.286883161000000442e+00	2.125121277399999897e+01	3.504910357699999679e+01	7.286883161000000442e+00	2.751196580999999952e+01	3.570533036399999816e+01	4.809889605999999596e+00
7.491726940999999584e+00	2.212561651800000107e+01	3.548409058000000016e+01	7.491726940999999584e+00	2.560245982500000039e+01	3.154105486399999947e+01	4.736436720000000378e+00
7.702329147000000376e+00	2.299144248099999999e+01	3.589416422099999693e+01	7.702329147000000376e+00	2.425994706799999889e+01	3.045322124999999858e+01	4.660170130000000022e+00
7.918851655000000100e+00	2.389920063099999936e+01	3.630751328099999853e+01	7.918851655000000100e+00	2.064472197499999950e+01	3.192775707099999849e+01	4.584946764999999758e+00
8.141460892999999643e+00	2.481251976500000112e+01	3.667327933100000337e+01	8.141460892999999643e+00	2.210471759300000016e+01	3.719396603300000237e+01	4.504508442999999751e+00
8.370327966999999703e+00	2.574728241800000106e+01	3.705111077000000108e+01	8.370327966999999703e+00	2.380868093500000171e+01	3.803122978399999710e+01	4.426482560000000177e+00
8.605628792999999277e+00	2.670291376500000169e+01	3.737524113399999948e+01	8.605628792999999277e+00	2.870585870100000037e+01	4.411936512999999849e+01	4.343115655000000075e+00
8.847544231000000536e+00	2.766520375900000062e+01	3.770935131899999959e+01	8.847544231000000536e+00	3.605753991000000269e+01	3.827748513499999916e+01	4.262126341000000096e+00
9.096260228000000225e+00	2.865369503100000159e+01	3.798869191899999720e+01	9.096260228000000225e+00	3.861342426099999869e+01	3.584295958900000301e+01	4.176297837999999985e+00
9.351967954999999222e+00	2.964450873399999864e+01	3.827610746399999897e+01	9.351967954999999222e+00	3.615244817199999972e+01	2.885938808599999916e+01	4.092839886000000149e+00
9.614863959999999210e+00	3.065532201499999942e+01	3.850562298500000225e+01	9.614863959999999210e+00	3.454893887099999716e+01	3.028377167300000039e+01	4.004801643000000411e+00
9.885150314000000549e+00	3.167564478799999961e+01	3.874343393699999893e+01	9.885150314000000549e+00	3.175061123600000101e+01	2.916477340300000165e+01	3.919357086999999851e+00
1.016303476899999936e+01	3.269716690999999997e+01	3.892245419999999712e+01	1.016303476899999936e+01	3.389306783699999670e+01	3.252945879100000326e+01	3.829806261999999961e+00
1.044873091900000084e+01	3.374609854300000222e+01	3.910145223600000008e+01	1.044873091900000084e+01	3.316626364900000112e+01	3.076272566500000138e+01	3.742220231000000119e+00
1.074245836000000054e+01	3.477244644499999993e+01	3.923874808600000108e+01	1.074245836000000054e+01	3.433521915099999688e+01	2.993093769500000079e+01	3.652678630000000037e+00
1.104444286100000028e+01	3.583494555000000048e+01	3.934469712199999947e+01	1.104444286100000028e+01	3.151429837399999911e+01	3.173841152399999999e+01	3.562397633999999869e+00
1.135491654099999970e+01	3.687961922800000281e+01	3.944465450599999912e+01	1.135491654099999970e+01	3.126908680300000043e+01	3.252304936299999838e+01	3.473795194000000031e+00
1.167411803999999975e+01	3.792528393999999992e+01	3.948752497699999964e+01	1.167411803999999975e+01	3.381962395200000060e+01	3.706319195399999700e+01	3.382484642000000097e+00
1.200229271000000075e+01	3.899299305699999962e+01	3.951896255799999835e+01	1.200229271000000075e+01	3.534511932499999887e+01	3.809927381699999671e+01	3.292617794999999958e+00
1.233969279599999957e+01	4.003500057200000128e+01	3.953169100600000263e+01	1.233969279599999957e+01	3.887501911100000029e+01	3.539882273100000276e+01	3.203620353999999892e+00
1.268657763899999935e+01	4.107568196300000096e+01	3.949276697199999830e+01	1.268657763899999935e+01	4.057211190700000003e+01	3.615260939299999876e+01	3.112956709000000100e+00
1.304321386700000041e+01	4.213176118399999837e+01	3.943495028099999899e+01	1.304321386700000041e+01	3.985320229300000250e+01	3.788264263399999976e+01	3.023407472999999790e+00
1.340987560399999978e+01	4.317029380299999985e+01	3.936632057900000348e+01	1.340987560399999978e+01	4.263706504700000011e+01	3.688550756000000064e+01	2.935621607999999938e+00
1.378684467999999974e+01	4.418745004699999868e+01	3.926012167500000061e+01	1.378684467999999974e+01	4.739185692400000249e+01	3.387723136200000340e+01	2.847650972999999919e+00
1.417441084800000084e+01	4.520429304700000017e+01	3.911586610900000238e+01	1.417441084800000084e+01	4.849127655299999873e+01	3.189848902299999978e+01	2.759611424000000035e+00
1.457287200600000077e+01	4.622183076000000312e+01	3.895212451700000145e+01	1.457287200600000077e+01	4.637608994200000012e+01	3.186004501100000041e+01	2.672920238000000115e+00
1.498253442699999916e+01	4.722562665000000237e+01	3.877435909500000122e+01	1.498253442699999916e+01	4.594509193700000083e+01	3.036111385699999943e+01	2.587970632000000215e+00
1.540371299100000080e+01	4.820805233400000134e+01	3.857537696899999702e+01	1.540371299100000080e+01	4.520889253400000030e+01	2.771247621199999855e+01	2.504290816000000142e+00
1.583673143400000072e+01	4.917121709500000293e+01	3.834967892200000250e+01	1.583673143400000072e+01	4.356399042099999974e+01	2.686084473800000083e+01	2.421565275999999933e+00
1.628192259000000064e+01	5.011891124899999994e+01	3.809804367699999972e+01	1.628192259000000064e+01	4.293000928200000033e+01	2.879330728000000050e+01	2.339898342000000131e+00
1.673962864900000014e+01	5.105210094899999973e+01	3.782412782600000156e+01	1.673962864900000014e+01	4.415054998099999750e+01	3.106054843200000093e+01	2.259555968999999997e+00
1.721020142200000080e+01	5.196944066999999734e+01	3.753119475700000152e+01	1.721020142200000080e+01	4.624961813800000243e+01	3.118032969800000131e+01	2.180752789000000025e+00
1.769400260800000169e+01	5.286902650700000095e+01	3.722134681800000067e+01	1.769400260800000169e+01	4.643066555400000084e+01	3.157388743099999928e+01	2.103613730000000182e+00
1.819140407700000139e+01	5.374941048499999852e+01	3.689601623299999744e+01	1.819140407700000139e+01	4.751078207100000128e+01	3.198109942099999969e+01	2.028211570999999935e+00
1.870278814799999978e+01	5.460990467900000311e+01	3.655644408199999873e+01	1.870278814799999978e+01	4.887859516700000029e+01	3.152743904500000127e+01	1.954598628999999921e+00
1.922854789299999823e+01	5.545060122000000291e+01	3.620365225199999770e+01	1.922854789299999823e+01	4.873063117899999952e+01	3.053050524700000068e+01	1.882807399000000048e+00
1.976908742799999885e+01	5.627205327000000068e+01	3.583785991500000279e+01	1.976908742799999885e+01	4.823227081600000332e+01	3.020623657200000167e+01	1.812823179000000007e+00
2.032482223499999918e+01	5.707400031099999893e+01	3.545789624100000026e+01	2.032482223499999918e+01	4.768960350100000056e+01	3.133404381800000138e+01	1.744561199000000062e+00
2.089617947099999995e+01	5.785310745499999996e+01	3.506246819100000067e+01	2.089617947099999995e+01	4.798420399399999781e+01	3.297582541399999911e+01	1.677936784999999986e+00
2.148359830300000084e+01	5.860318185500000254e+01	3.465506314200000304e+01	2.148359830300000084e+01	4.997216659699999752e+01	3.473673608400000035e+01	1.613093982000000093e+00
2.208753024399999987e+01	5.932387671600000090e+01	3.424676241499999918e+01	2.208753024399999987e+01	5.320392507100000046e+01	3.461878688299999851e+01	1.550502118000000040e+00
2.270843949900000069e+01	6.002911856800000123e+01	3.384224712799999679e+01	2.270843949900000069e+01	5.518835254300000059e+01	3.234079832799999821e+01	1.490293824000000100e+00
2.334680332199999953e+01	6.072460218799999865e+01	3.342349257400000084e+01	2.334680332199999953e+01	5.459985725500000342e+01	3.101032863900000081e+01	1.431608948999999908e+00
2.400311238400000136e+01	6.138420839599999823e+01	3.298789242400000177e+01	2.400311238400000136e+01	5.529738188999999693e+01	3.148449373900000126e+01	1.374317293000000051e+00
2.467787114900000134e+01	6.201488798599999797e+01	3.256895924399999842e+01	2.467787114900000134e+01	5.668977330500000278e+01	2.968086048500000018e+01	1.319763728999999941e+00
2.537159826199999912e+01	6.264489279200000027e+01	3.214010355399999952e+01	2.537159826199999912e+01	5.529352413299999824e+01	2.875996119299999876e+01	1.266774888000000043e+00
2.608482694799999990e+01	6.322948959299999672e+01	3.170261020699999932e+01	2.608482694799999990e+01	5.589166284499999904e+01	2.878972204800000156e+01	1.215365939000000006e+00
2.681810542099999850e+01	6.381105928000000205e+01	3.128242030299999854e+01	2.681810542099999850e+01	5.382949184900000006e+01	2.800509293100000008e+01	1.166466452999999959e+00
2.757199730800000026e+01	6.435561096000000703e+01	3.084299232500000087e+01	2.757199730800000026e+01	5.405559661099999857e+01	3.060904352800000083e+01	1.118634678000000049e+00
2.834708207899999977e+01	6.489566259400000092e+01	3.042398564599999844e+01	2.834708207899999977e+01	5.395097504600000349e+01	3.167616840999999894e+01	1.073266926000000065e+00
2.914395549199999991e+01	6.539451008300000012e+01	2.999696827600000049e+01	2.914395549199999991e+01	5.745908453700000251e+01	3.358018346600000115e+01	1.029268942999999936e+00
2.996323005500000036e+01	6.589364728500000012e+01	2.957114773300000010e+01	2.996323005500000036e+01	5.895052752000000140e+01	3.392780908999999667e+01	9.869145510000000288e-01
3.080553549300000071e+01	6.636353454999999713e+01	2.916497266700000068e+01	3.080553549300000071e+01	6.117963346599999852e+01	3.148916329100000056e+01	9.467445439999999657e-01
3.167151923500000166e+01	6.680580036400000665e+01	2.875250816400000176e+01	3.167151923500000166e+01	6.378084199700000312e+01	2.983819946599999895e+01	9.078348259999999836e-01
3.256184690799999970e+01	6.723845422700000540e+01	2.834115007500000161e+01	3.256184690799999970e+01	6.343118694799999702e+01	2.878105867400000051e+01	8.703790710000000042e-01
3.347720285199999779e+01	6.765682137199999602e+01	2.794228326500000037e+01	3.347720285199999779e+01	6.233094592500000175e+01	2.736384354000000130e+01	8.346660080000000148e-01
3.441829064499999902e+01	6.805489580799999771e+01	2.755425653200000013e+01	3.441829064499999902e+01	6.044924718899999760e+01	2.670660226700000095e+01	8.005701619999999741e-01
3.538583364099999784e+01	6.843325830700000267e+01	2.717377093900000062e+01	3.538583364099999784e+01	5.968198988000000327e+01	2.714197405799999885e+01	7.679279570000000499e-01
3.638057553200000172e+01	6.879397390299999415e+01	2.680015574100000109e+01	3.638057553200000172e+01	5.995907650499999875e+01	2.833097721100000044e+01	7.366611259999999994e-01
3.740328091399999977e+01	6.913773652599999764e+01	2.643393520800000118e+01	3.740328091399999977e+01	6.076046336699999983e+01	2.894455485800000005e+01	7.067277140000000069e-01
3.845473587600000087e+01	6.946374910800000180e+01	2.607661718700000009e+01	3.845473587600000087e+01	6.201613780200000292e+01	2.920122136399999846e+01	6.781119829999999737e-01
3.953574860700000215e+01	6.977218537699999956e+01	2.573216939799999992e+01	3.953574860700000215e+01	6.286141381200000211e+01	2.911618434900000096e+01	6.508582819999999547e-01
4.064715001500000113e+01	7.006954720000000236e+01	2.540341717300000113e+01	4.064715001500000113e+01	6.310936409800000035e+01	2.890313791499999851e+01	6.249741290000000449e-01
4.178979436499999878e+01	7.036087434099999882e+01	2.508012326600000108e+01	4.178979436499999878e+01	6.354843319300000104e+01	2.964262031299999833e+01	6.001494779999999585e-01
4.296455993600000056e+01	7.062841290000000072e+01	2.475955253700000114e+01	4.296455993600000056e+01	6.571356030799999814e+01	3.095693295299999903e+01	5.762785089999999943e-01
4.417234969799999789e+01	7.088241719299999488e+01	2.446596984600000013e+01	4.417234969799999789e+01	6.826897201299999551e+01	2.852841012300000045e+01	5.538752190000000297e-01
4.541409200399999690e+01	7.113166477000000043e+01	2.416928315599999877e+01	4.541409200399999690e+01	6.787546357700000499e+01	2.735101686300000168e+01	5.321978729999999880e-01
4.669074130399999945e+01	7.135960891000000572e+01	2.389871683100000155e+01	4.669074130399999945e+01	6.753016470999999399e+01	2.526503073399999977e+01	5.118513040000000069e-01
4.800327887899999979e+01	7.157871142599999814e+01	2.362572433000000061e+01	4.800327887899999979e+01	6.674083865000000060e+01	2.648700816899999921e+01	4.921689699999999834e-01
4.935271359600000096e+01	7.179300330799999585e+01	2.337518249000000026e+01	4.935271359600000096e+01	6.618899000099999341e+01	2.681030572099999887e+01	4.736352019999999774e-01
5.074008268099999697e+01	7.198826194800000167e+01	2.313920895900000119e+01	5.074008268099999697e+01	6.731703439000000344e+01	2.641328917099999884e+01	4.560341199999999873e-01
5.216645251900000346e+01	7.217187857599999745e+01	2.291160327300000077e+01	5.216645251900000346e+01	6.814118339099999844e+01	2.607888230200000024e+01	4.392018659999999963e-01
5.363291947100000101e+01	7.234748494599999447e+01	2.269626030199999889e+01	5.363291947100000101e+01	6.820081408199999373e+01	2.625491614199999901e+01	4.231777890000000264e-01
5.514061071999999797e+01	7.251478534800000375e+01	2.249533131100000105e+01	5.514061071999999797e+01	6.851626285400000427e+01	2.682756485499999854e+01	4.079630419999999980e-01
5.669068513500000250e+01	7.267443911799999512e+01	2.230823956600000102e+01	5.669068513500000250e+01	6.944761479400000326e+01	2.689783038599999898e+01	3.935080249999999835e-01
5.828433416099999675e+01	7.282605745200000058e+01	2.213171217300000038e+01	5.828433416099999675e+01	6.999512248000000625e+01	2.645522306000000157e+01	3.797197390000000006e-01
5.992278273800000221e+01	7.296311754799999960e+01	2.196659247399999870e+01	5.992278273800000221e+01	7.027107865000000686e+01	2.650532754900000043e+01	3.665816479999999822e-01
6.160729023900000101e+01	7.309127560800000367e+01	2.182488476500000019e+01	6.160729023900000101e+01	7.089737515000000201e+01	2.604879774799999836e+01	3.542581519999999928e-01
6.333915144099999850e+01	7.321990234300000111e+01	2.168869670400000160e+01	6.333915144099999850e+01	7.088510158399999739e+01	2.654752698300000091e+01	3.424216489999999946e-01
6.511969751799999528e+01	7.333053734700000348e+01	2.157344965100000067e+01	6.511969751799999528e+01	7.230475142299999902e+01	2.571479741599999969e+01	3.312891559999999735e-01
6.695029706500000088e+01	7.343935874699999999e+01	2.146351543800000172e+01	6.695029706500000088e+01	7.268533274000000688e+01	2.603444860999999833e+01	3.205888009999999788e-01
6.883235715099999652e+01	7.354362957700000436e+01	2.137433005000000108e+01	6.883235715099999652e+01	7.272582950000000324e+01	2.524099551999999846e+01	3.105273590000000028e-01
7.076732439799999952e+01	7.363747793000000286e+01	2.130021367000000154e+01	7.076732439799999952e+01	7.309336412599999733e+01	2.409093848199999854e+01	3.009893880000000244e-01
7.275668609599999570e+01	7.372425300400000481e+01	2.123858672500000111e+01	7.275668609599999570e+01	7.255158056800000566e+01	2.318853345999999860e+01	2.919125080000000150e-01
7.480197134300000528e+01	7.380464592799999934e+01	2.118963129300000148e+01	7.480197134300000528e+01	7.177657547900000168e+01	2.362944304599999867e+01	2.832763750000000247e-01
7.690475222300000269e+01	7.387601719200000616e+01	2.115503023000000127e+01	7.690475222300000269e+01	7.201086463400000071e+01	2.478960338799999974e+01	2.750809229999999772e-01
7.906664501299999870e+01	7.394179551099999514e+01	2.114100676600000028e+01	7.906664501299999870e+01	7.323261658699999543e+01	2.489181303599999850e+01	2.673821149999999758e-01
8.128931142700000123e+01	7.400827497500000618e+01	2.113596976699999885e+01	8.128931142700000123e+01	7.370590115500000650e+01	2.499108402899999959e+01	2.600092110000000178e-01
8.357445988999999997e+01	7.406018048800000031e+01	2.115004688999999871e+01	8.357445988999999997e+01	7.513927876399999661e+01	2.371777873999999997e+01	2.530683049999999934e-01
8.592384685400000421e+01	7.411127544900000430e+01	2.117320224399999873e+01	8.592384685400000421e+01	7.485660568900000555e+01	2.320072197700000061e+01	2.464182299999999881e-01
8.833927814700000170e+01	7.415835946500000375e+01	2.121535850900000142e+01	8.833927814700000170e+01	7.381916235799999981e+01	2.268898840099999958e+01	2.401577069999999980e-01
9.082261035999999876e+01	7.419801805000000172e+01	2.127292788900000176e+01	9.082261035999999876e+01	7.307979254999999341e+01	2.290432765099999912e+01	2.342250220000000049e-01
9.337575227799999311e+01	7.423059063600000229e+01	2.134521277800000050e+01	9.337575227799999311e+01	7.307763317900000288e+01	2.364150845800000056e+01	2.285948150000000068e-01
9.600066634099999874e+01	7.425738874300000703e+01	2.143584895800000112e+01	9.600066634099999874e+01	7.367816377900000191e+01	2.393156631200000106e+01	2.232885430000000060e-01
9.869937016000000085e+01	7.428494300299999509e+01	2.154054141599999994e+01	9.869937016000000085e+01	7.370377358599999695e+01	2.409463100400000002e+01	2.182439599999999869e-01
1.014739380590000053e+02	7.429963865199999873e+01	2.165908642699999831e+01	1.014739380590000053e+02	7.485442926700000044e+01	2.423765985100000009e+01	2.134448200000000073e-01
1.043265026760000040e+02	7.431569586899999535e+01	2.179318992700000024e+01	1.043265026760000040e+02	7.487182613699999933e+01	2.406330479400000044e+01	2.088940910000000040e-01
