7.943282299999999962e-02	1.066761299999999940e-02	6.039554889999999565e-01	7.943282299999999962e-02	-2.482495590000000085e-01	9.001348240000000001e-01	7.603349131999999955e+00
8.166578400000000515e-02	1.096178199999999978e-02	6.209353539999999949e-01	8.166578400000000515e-02	-2.430961859999999919e-01	9.251324709999999563e-01	7.603372264999999963e+00
8.396151500000000045e-02	1.127288199999999969e-02	6.383926770000000195e-01	8.396151500000000045e-02	-2.376300060000000047e-01	9.507999430000000363e-01	7.603396333000000062e+00
8.632178299999999915e-02	1.160189600000000043e-02	6.563408859999999567e-01	8.632178299999999915e-02	-2.318310739999999981e-01	9.771522480000000010e-01	7.603421344000000026e+00
8.874840100000000453e-02	1.194986500000000049e-02	6.747937870000000338e-01	8.874840100000000453e-02	-2.256780780000000042e-01	1.004204335999999920e+00	7.603447304000000351e+00
9.124323400000000639e-02	1.231789200000000042e-02	6.937655750000000232e-01	9.124323400000000639e-02	-2.191482499999999889e-01	1.031971033000000038e+00	7.603474212000000065e+00
9.380819999999999437e-02	1.270714300000000060e-02	7.132708420000000160e-01	9.380819999999999437e-02	-2.122172519999999951e-01	1.060466958999999987e+00	7.603502061999999562e+00
9.644527099999999908e-02	1.311885699999999939e-02	7.333245900000000539e-01	9.644527099999999908e-02	-2.048590700000000042e-01	1.089706441999999997e+00	7.603530840000000346e+00
9.915647299999999498e-02	1.355434399999999942e-02	7.539422430000000119e-01	9.915647299999999498e-02	-1.970458860000000034e-01	1.119703408999999983e+00	7.603560523999999710e+00
1.019438909999999948e-01	1.401499200000000042e-02	7.751396569999999819e-01	1.019438909999999948e-01	-1.887479549999999950e-01	1.150471266000000048e+00	7.603591082000000334e+00
1.048096659999999958e-01	1.450227100000000061e-02	7.969331330000000158e-01	1.048096659999999958e-01	-1.799334629999999879e-01	1.182022753999999898e+00	7.603622471999999632e+00
1.077560020000000035e-01	1.501773999999999991e-02	8.193394280000000363e-01	1.077560020000000035e-01	-1.705683889999999869e-01	1.214369787999999950e+00	7.603654639000000159e+00
1.107851640000000054e-01	1.556305099999999962e-02	8.423757689999999965e-01	1.107851640000000054e-01	-1.606163459999999932e-01	1.247523259999999912e+00	7.603687512999999676e+00
1.138994789999999979e-01	1.613995400000000149e-02	8.660598640000000126e-01	1.138994789999999979e-01	-1.500384270000000020e-01	1.281492824000000086e+00	7.603721006999999865e+00
1.171013419999999972e-01	1.675030400000000058e-02	8.904099180000000224e-01	1.171013419999999972e-01	-1.387930360000000085e-01	1.316286641000000035e+00	7.603755018000000199e+00
1.203932139999999984e-01	1.739606600000000169e-02	9.154446429999999468e-01	1.203932139999999984e-01	-1.268357190000000134e-01	1.351911081999999986e+00	7.603789418999999938e+00
1.237776240000000028e-01	1.807932500000000026e-02	9.411832719999999597e-01	1.237776240000000028e-01	-1.141189920000000024e-01	1.388370389999999954e+00	7.603824059999999996e+00
1.272571740000000007e-01	1.880229099999999876e-02	9.676455769999999790e-01	1.272571740000000007e-01	-1.005921609999999994e-01	1.425666290999999974e+00	7.603858762999999854e+00
1.308345389999999997e-01	1.956730400000000064e-02	9.948518760000000238e-01	1.308345389999999997e-01	-8.620115799999999995e-02	1.463797543000000090e+00	7.603893323000000315e+00
1.345124679999999961e-01	2.037684899999999896e-02	1.022823056000000008e+00	1.345124679999999961e-01	-7.088837100000000557e-02	1.502759418999999985e+00	7.603927494999999759e+00
1.382937890000000003e-01	2.123355700000000013e-02	1.051580578000000044e+00	1.382937890000000003e-01	-5.459250100000000161e-02	1.542543114000000104e+00	7.603961002000000136e+00
1.421814080000000091e-01	2.214022100000000159e-02	1.081146501999999954e+00	1.421814080000000091e-01	-3.724842600000000115e-02	1.583135063000000065e+00	7.603993518000000229e+00
1.461783120000000047e-01	2.309980000000000019e-02	1.111543493000000105e+00	1.461783120000000047e-01	-1.878711200000000164e-02	1.624516164999999956e+00	7.604024673999999706e+00
1.502875750000000066e-01	2.411543199999999915e-02	1.142794842999999894e+00	1.502875750000000066e-01	8.644380000000000336e-04	1.666660891000000033e+00	7.604054044999999817e+00
1.545123549999999901e-01	2.519044499999999881e-02	1.174924481999999992e+00	1.545123549999999901e-01	2.178317299999999943e-02	1.709536273000000106e+00	7.604081146000000402e+00
1.588558979999999954e-01	2.632836800000000130e-02	1.207956998000000004e+00	1.588558979999999954e-01	4.404989799999999706e-02	1.753100756999999899e+00	7.604105427000000361e+00
1.633215440000000129e-01	2.753294099999999828e-02	1.241917646000000097e+00	1.633215440000000129e-01	6.774906199999999878e-02	1.797302898000000093e+00	7.604126263999999580e+00
1.679127260000000121e-01	2.880813200000000018e-02	1.276832372000000104e+00	1.679127260000000121e-01	9.296841299999999975e-02	1.842079897000000077e+00	7.604142954000000287e+00
1.726329709999999962e-01	3.015814500000000078e-02	1.312727820999999961e+00	1.726329709999999962e-01	1.197984619999999945e-01	1.887355966000000107e+00	7.604154700999999683e+00
1.774859089999999973e-01	3.158743800000000240e-02	1.349631360000000058e+00	1.774859089999999973e-01	1.483317090000000060e-01	1.933040499999999939e+00	7.604160614000000429e+00
1.824752689999999955e-01	3.310073499999999919e-02	1.387571088000000064e+00	1.824752689999999955e-01	1.786615900000000090e-01	1.979026069000000110e+00	7.604159690000000360e+00
1.876048869999999980e-01	3.470304099999999697e-02	1.426575852999999894e+00	1.876048869999999980e-01	2.108810349999999945e-01	2.025186225000000118e+00	7.604150812000000315e+00
1.928787050000000114e-01	3.639966199999999930e-02	1.466675270999999947e+00	1.928787050000000114e-01	2.450805930000000132e-01	2.071373138999999863e+00	7.604132727999999730e+00
1.983007760000000119e-01	3.819621599999999811e-02	1.507899737000000018e+00	1.983007760000000119e-01	2.813459930000000164e-01	2.117415106999999796e+00	7.604104049000000032e+00
2.038752699999999973e-01	4.009864999999999957e-02	1.550280442000000036e+00	2.038752699999999973e-01	3.197550430000000166e-01	2.163113972000000107e+00	7.604063230000000395e+00
2.096064689999999897e-01	4.211326199999999853e-02	1.593849386000000035e+00	2.096064689999999897e-01	3.603737229999999792e-01	2.208242550000000026e+00	7.604008559999999584e+00
2.154987800000000009e-01	4.424671499999999896e-02	1.638639394999999999e+00	2.154987800000000009e-01	4.032513609999999749e-01	2.252542184000000169e+00	7.603938148000000119e+00
2.215567320000000062e-01	4.650605599999999701e-02	1.684684134000000055e+00	2.215567320000000062e-01	4.484147110000000214e-01	2.295720600000000111e+00	7.603849911000000183e+00
2.277849799999999980e-01	4.889873100000000083e-02	1.732018118999999912e+00	2.277849799999999980e-01	4.958608330000000008e-01	2.337450299999999981e+00	7.603741558000000289e+00
2.341883130000000091e-01	5.143260999999999666e-02	1.780676731000000013e+00	2.341883130000000091e-01	5.455486280000000354e-01	2.377367818999999827e+00	7.603610577999999620e+00
2.407716510000000032e-01	5.411599899999999796e-02	1.830696228999999953e+00	2.407716510000000032e-01	5.973889820000000128e-01	2.415074220000000160e+00	7.603454227000000287e+00
2.475400560000000083e-01	5.695765900000000076e-02	1.882113761000000052e+00	2.475400560000000083e-01	6.512335120000000144e-01	2.450137359999999820e+00	7.603269512999999868e+00
2.544987300000000063e-01	5.996682500000000138e-02	1.934967378000000071e+00	2.544987300000000063e-01	7.068620410000000520e-01	2.482096481000000132e+00	7.603053189999999795e+00
2.616530200000000139e-01	6.315322099999999550e-02	1.989296041000000015e+00	2.616530200000000139e-01	7.639691159999999481e-01	2.510469827000000098e+00	7.602801744999999833e+00
2.690084280000000216e-01	6.652707500000000496e-02	2.045139636000000039e+00	2.690084280000000216e-01	8.221500929999999707e-01	2.534765995999999966e+00	7.602511389000000008e+00
2.765706050000000249e-01	7.009913099999999508e-02	2.102538985999999888e+00	2.765706050000000249e-01	8.808876230000000085e-01	2.554499717000000114e+00	7.602178057999999794e+00
2.843453650000000166e-01	7.388066699999999709e-02	2.161535860999999947e+00	2.843453650000000166e-01	9.395397359999999587e-01	2.569212665999999867e+00	7.601797408000000367e+00
2.923386840000000153e-01	7.788349699999999598e-02	2.222172989000000154e+00	2.923386840000000153e-01	9.973310650000000166e-01	2.578499610000000164e+00	7.601364824000000020e+00
3.005567049999999796e-01	8.211998399999999310e-02	2.284494076000000096e+00	3.005567049999999796e-01	1.053349144000000015e+00	2.582039797999999831e+00	7.600875427000000073e+00
3.090057460000000256e-01	8.660304200000000507e-02	2.348543815999999840e+00	3.090057460000000256e-01	1.106547941000000090e+00	2.579632800999999809e+00	7.600324094000000308e+00
3.176922999999999830e-01	9.134614200000000517e-02	2.414367915000000142e+00	3.176922999999999830e-01	1.155760829999999961e+00	2.571237217999999825e+00	7.599705483000000150e+00
3.266230450000000007e-01	9.636330399999999685e-02	2.482013112000000188e+00	3.266230450000000007e-01	1.199724929000000051e+00	2.557009631000000116e+00	7.599014073000000202e+00
3.358048439999999912e-01	1.016690989999999989e-01	2.551527210000000156e+00	3.358048439999999912e-01	1.237117990000000001e+00	2.537340238000000081e+00	7.598244206999999584e+00
3.452447559999999860e-01	1.072786389999999951e-01	2.622959108999999955e+00	3.452447559999999860e-01	1.266607805999999892e+00	2.512880770999999847e+00	7.597390157999999616e+00
3.549500360000000243e-01	1.132075669999999951e-01	2.696358850999999834e+00	3.549500360000000243e-01	1.286912416000000059e+00	2.484559992999999967e+00	7.596446204000000257e+00
3.649281440000000099e-01	1.194720499999999963e-01	2.771777673999999969e+00	3.649281440000000099e-01	1.296867454000000031e+00	2.453582426000000094e+00	7.595406718999999640e+00
3.751867489999999861e-01	1.260887599999999942e-01	2.849268080999999952e+00	3.751867489999999861e-01	1.295495097000000095e+00	2.421407214999999891e+00	7.594266285999999866e+00
3.857337379999999927e-01	1.330748730000000102e-01	2.928883916000000198e+00	3.857337379999999927e-01	1.282067706999999945e+00	2.389706180000000124e+00	7.593019821999999586e+00
3.965772160000000102e-01	1.404480549999999883e-01	3.010680466000000166e+00	3.965772160000000102e-01	1.256158826999999922e+00	2.360302851999999785e+00	7.591662728000000193e+00
4.077255180000000090e-01	1.482264709999999985e-01	3.094714576999999966e+00	4.077255180000000090e-01	1.217675037000000016e+00	2.335097209000000174e+00	7.590191050999999689e+00
4.191872130000000030e-01	1.564287930000000104e-01	3.181044786999999818e+00	4.191872130000000030e-01	1.166864233999999945e+00	2.315983226999999811e+00	7.588601668999999994e+00
4.309711119999999895e-01	1.650742309999999879e-01	3.269731490999999934e+00	4.309711119999999895e-01	1.104298942000000006e+00	2.304767779000000072e+00	7.586892480999999577e+00
4.430862720000000032e-01	1.741825909999999977e-01	3.360837114000000181e+00	4.430862720000000032e-01	1.030836620999999953e+00	2.303099301000000043e+00	7.585062613999999925e+00
4.555420040000000004e-01	1.837743540000000009e-01	3.454426321000000133e+00	4.555420040000000004e-01	9.475619659999999778e-01	2.312413225999999877e+00	7.583112621999999803e+00
4.683478830000000204e-01	1.938708050000000072e-01	3.550566234000000154e+00	4.683478830000000204e-01	8.557182279999999697e-01	2.333898620999999896e+00	7.581044689999999697e+00
4.815137529999999888e-01	2.044942020000000138e-01	3.649326668000000051e+00	4.815137529999999888e-01	7.566353310000000221e-01	2.368487458999999795e+00	7.578862800999999649e+00
4.950497320000000201e-01	2.156680129999999918e-01	3.750780371999999918e+00	4.950497320000000201e-01	6.516620389999999707e-01	2.416865135000000109e+00	7.576572881999999787e+00
5.089662249999999943e-01	2.274172140000000064e-01	3.855003270000000093e+00	5.089662249999999943e-01	5.421079159999999675e-01	2.479498672000000070e+00	7.574182889000000252e+00
5.232739280000000548e-01	2.397686689999999898e-01	3.962074675000000212e+00	5.232739280000000548e-01	4.291988319999999746e-01	2.556677893999999895e+00	7.571702811999999838e+00
5.379838399999999909e-01	2.527515929999999966e-01	4.072077473000000225e+00	5.379838399999999909e-01	3.140477440000000176e-01	2.648564529999999806e+00	7.569144588000000340e+00
5.531072670000000135e-01	2.663981040000000244e-01	4.185098239000000220e+00	5.531072670000000135e-01	1.976408279999999906e-01	2.755244777000000145e+00	7.566521880999999894e+00
5.686558329999999994e-01	2.807438600000000117e-01	4.301227259000000025e+00	5.686558329999999994e-01	8.083791399999999683e-02	2.876781740999999837e+00	7.563849710999999587e+00
5.846414890000000142e-01	2.958287720000000176e-01	4.420558434000000148e+00	5.846414890000000142e-01	-3.561429800000000256e-02	3.013265359000000032e+00	7.561143903999999694e+00
6.010765240000000009e-01	3.116977690000000134e-01	4.543189021999999966e+00	6.010765240000000009e-01	-1.510577060000000138e-01	3.164858402000000126e+00	7.558420340999999709e+00
6.179735680000000286e-01	3.284015960000000178e-01	4.669219177999999637e+00	6.179735680000000286e-01	-2.648878559999999771e-01	3.331837999000000217e+00	7.555693999999999910e+00
6.353456100000000051e-01	3.459975730000000027e-01	4.798751275999999955e+00	6.353456100000000051e-01	-3.765086100000000213e-01	3.514632540000000027e+00	7.552977782000000140e+00
6.532060029999999795e-01	3.645502809999999760e-01	4.931888966999999901e+00	6.532060029999999795e-01	-4.852752089999999852e-01	3.713853782000000159e+00	7.550281144000000388e+00
6.715684750000000536e-01	3.841320670000000215e-01	5.068735982999999834e+00	6.715684750000000536e-01	-5.904231269999999920e-01	3.930323378999999839e+00	7.547608580000000345e+00
6.904471399999999592e-01	4.048232829999999782e-01	5.209394676999999696e+00	6.904471399999999592e-01	-6.909784279999999779e-01	4.165091631000000127e+00	7.544958010000000215e+00
7.098565079999999972e-01	4.267121489999999850e-01	5.353964366999999669e+00	7.098565079999999972e-01	-7.856435849999999776e-01	4.419443629999999956e+00	7.542319191999999894e+00
7.298114999999999464e-01	4.498941180000000095e-01	5.502539545000000309e+00	7.298114999999999464e-01	-8.726510720000000276e-01	4.694883575999999614e+00	7.539672293999999830e+00
7.503274519999999503e-01	4.744706439999999970e-01	5.655208098000000128e+00	7.503274519999999503e-01	-9.495763189999999465e-01	4.993080808000000204e+00	7.536986795999999877e+00
7.714201339999999796e-01	5.005472600000000494e-01	5.812049732000000191e+00	7.714201339999999796e-01	-1.013103262000000004e+00	5.315749804000000189e+00	7.534220944000000308e+00
7.931057590000000213e-01	5.282309450000000073e-01	5.973134841000000250e+00	7.931057590000000213e-01	-1.058743487999999955e+00	5.664419676999999709e+00	7.531321983999999858e+00
8.154009960000000445e-01	5.576268239999999654e-01	6.138524132999999772e+00	8.154009960000000445e-01	-1.080530358999999940e+00	6.040026318999999866e+00	7.528227419000000253e+00
8.383229800000000509e-01	5.888343660000000535e-01	6.308269340999999919e+00	8.383229800000000509e-01	-1.070754334999999946e+00	6.442236796000000432e+00	7.524867491000000186e+00
8.618893309999999808e-01	6.219433899999999849e-01	6.482415343999999635e+00	8.618893309999999808e-01	-1.019891348000000031e+00	6.868407215999999593e+00	7.521169025999999924e+00
8.861181639999999859e-01	6.570303629999999506e-01	6.661003971999999607e+00	8.861181639999999859e-01	-9.170155709999999738e-01	7.312124649000000254e+00	7.517060642999999764e+00
9.110281000000000073e-01	6.941556639999999501e-01	6.844079605000000122e+00	9.110281000000000073e-01	-7.511602309999999560e-01	7.761473282999999945e+00	7.512479149999999883e+00
9.366382869999999583e-01	7.333625959999999777e-01	7.031696431000000302e+00	9.366382869999999583e-01	-5.141698730000000550e-01	8.197601435999999353e+00	7.507376680000000135e+00
9.629684090000000252e-01	7.746790510000000074e-01	7.223926920000000251e+00	9.629684090000000252e-01	-2.052588479999999937e-01	8.594852338000000813e+00	7.501727834000000428e+00
9.900387059999999906e-01	8.181226160000000247e-01	7.420870565999999613e+00	9.900387059999999906e-01	1.636732150000000108e-01	8.924243415999999485e+00	7.495535800999999942e+00
1.017869984000000061e+00	8.637096530000000216e-01	7.622661564000000389e+00	1.017869984000000061e+00	5.648461219999999505e-01	9.161355728000000198e+00	7.488836179999999842e+00
1.046483636000000050e+00	9.114683660000000298e-01	7.829473605999999641e+00	1.046483636000000050e+00	9.574970149999999514e-01	9.296747133000000218e+00	7.481697123000000005e+00
1.075901653999999930e+00	9.614550450000000081e-01	8.041519799999999663e+00	1.075901653999999930e+00	1.298437172999999945e+00	9.343239963000000259e+00	7.474214551000000206e+00
1.106146652000000064e+00	1.013771707000000077e+00	8.259045799000000798e+00	1.106146652000000064e+00	1.556027529000000076e+00	9.334322136999999131e+00	7.466501649999999657e+00
1.137241874999999958e+00	1.068582249000000095e+00	8.482314848999999768e+00	1.137241874999999958e+00	1.719673414000000067e+00	9.313661107999999800e+00	7.458672629999999693e+00
1.169211226000000048e+00	1.126123280999999920e+00	8.711584640999999962e+00	1.169211226000000048e+00	1.800272896000000067e+00	9.322110190000000074e+00	7.450821926999999789e+00
1.202079276999999946e+00	1.186705348000000049e+00	8.947077686000000085e+00	1.202079276999999946e+00	1.823860312000000095e+00	9.388846195999999367e+00	7.443001351999999571e+00
1.235871291999999899e+00	1.250700562000000016e+00	9.188949188000000490e+00	1.235871291999999899e+00	1.823852860999999992e+00	9.528379247000000163e+00	7.435199156999999559e+00
1.270613243999999975e+00	1.318514251999999942e+00	9.437258841000000231e+00	1.270613243999999975e+00	1.835409555000000026e+00	9.740965356000000241e+00	7.427326043999999960e+00
1.306331837999999967e+00	1.390541210000000083e+00	9.691954885999999547e+00	1.306331837999999967e+00	1.891953318000000106e+00	1.001319414900000027e+01	7.419213558000000042e+00
1.343054527999999914e+00	1.467111594999999991e+00	9.952879403000000735e+00	1.343054527999999914e+00	2.021544904999999837e+00	1.031716290499999999e+01	7.410629422000000410e+00
1.380809541000000085e+00	1.548437000000000063e+00	1.021980198400000006e+01	1.380809541000000085e+00	2.240039386999999937e+00	1.060941367100000043e+01	7.401311824999999622e+00
1.419625896000000109e+00	1.634572241999999953e+00	1.049248373600000050e+01	1.419625896000000109e+00	2.539505167000000174e+00	1.083434206199999927e+01	7.391020241999999740e+00
1.459533430000000020e+00	1.725411017999999963e+00	1.077076464700000002e+01	1.459533430000000020e+00	2.876261173000000060e+00	1.093900389699999920e+01	7.379594345000000111e+00
1.500562817000000049e+00	1.820730791999999987e+00	1.105465592800000074e+01	1.500562817000000049e+00	3.171836977999999974e+00	1.090049823800000084e+01	7.367006435999999603e+00
1.542745593000000026e+00	1.920291973000000096e+00	1.134440824600000042e+01	1.542745593000000026e+00	3.339373441999999859e+00	1.074996937999999957e+01	7.353388854000000308e+00
1.586114180999999901e+00	2.023978416999999919e+00	1.164052211399999948e+01	1.586114180999999901e+00	3.324738023000000098e+00	1.056777334300000071e+01	7.339019000000000403e+00
1.630701917999999973e+00	2.131944239000000074e+00	1.194367370600000022e+01	1.630701917999999973e+00	3.129423441000000139e+00	1.044794287799999921e+01	7.324253180000000363e+00
1.676543072999999939e+00	2.244713747000000037e+00	1.225455129500000062e+01	1.676543072999999939e+00	2.799238231999999993e+00	1.046211823400000007e+01	7.309416316000000080e+00
1.723672883999999961e+00	2.363177118999999937e+00	1.257363220699999928e+01	1.723672883999999961e+00	2.397256189000000148e+00	1.064740340700000054e+01	7.294674254000000246e+00
1.772127573999999983e+00	2.488443504999999778e+00	1.290096871499999942e+01	1.772127573999999983e+00	1.984849099000000061e+00	1.101398248399999957e+01	7.279932269999999761e+00
1.821944390000000080e+00	2.621559049000000030e+00	1.323607807700000016e+01	1.821944390000000080e+00	1.617049401999999914e+00	1.155633730399999948e+01	7.264809042999999633e+00
1.873161620000000083e+00	2.763163746000000032e+00	1.357802771000000064e+01	1.873161620000000083e+00	1.345908871000000007e+00	1.225787264899999940e+01	7.248721927000000065e+00
1.925818634000000085e+00	2.913226947000000067e+00	1.392575354499999918e+01	1.925818634000000085e+00	1.222961673999999999e+00	1.308688977699999967e+01	7.231082563000000185e+00
1.979955904999999960e+00	3.071028536000000031e+00	1.427854477500000030e+01	1.979955904999999960e+00	1.292640919999999971e+00	1.398807659600000086e+01	7.211546850999999592e+00
2.035615046000000206e+00	3.235496514999999906e+00	1.463650105700000026e+01	2.035615046000000206e+00	1.572830254000000094e+00	1.488139913999999919e+01	7.190210687999999628e+00
2.092838836999999952e+00	3.405852351000000056e+00	1.500069068600000044e+01	2.092838836999999952e+00	2.034222227999999966e+00	1.568409362999999956e+01	7.167628209000000084e+00
2.151671263999999972e+00	3.582300640000000147e+00	1.537279822300000021e+01	2.151671263999999972e+00	2.608798541000000082e+00	1.635121440700000051e+01	7.144584994999999772e+00
2.212157545999999808e+00	3.766353526000000063e+00	1.575428473200000035e+01	2.212157545999999808e+00	3.238874988000000066e+00	1.689141526999999954e+01	7.121682973000000416e+00
2.274344177000000133e+00	3.960444852999999821e+00	1.614541634200000075e+01	2.274344177000000133e+00	3.918781865000000142e+00	1.732275677799999869e+01	7.098932739000000325e+00
2.338278955999999908e+00	4.166824790999999806e+00	1.654476043900000093e+01	2.338278955999999908e+00	4.666644079000000112e+00	1.760509557199999975e+01	7.075614480999999678e+00
2.404011023999999885e+00	4.386234496000000149e+00	1.694968230199999937e+01	2.404011023999999885e+00	5.428778051000000104e+00	1.763589407999999992e+01	7.050584266999999628e+00
2.471590905999999865e+00	4.617259670000000149e+00	1.735786632199999957e+01	2.471590905999999865e+00	6.016656184000000351e+00	1.736685075000000111e+01	7.022952819000000346e+00
2.541070546999999902e+00	4.857143952999999570e+00	1.776906741000000167e+01	2.541070546999999902e+00	6.214254547000000350e+00	1.694656224499999908e+01	6.992748560999999974e+00
2.612503350999999974e+00	5.103956307999999886e+00	1.818571892699999992e+01	2.612503350999999974e+00	5.985614158999999823e+00	1.667087950399999841e+01	6.961031808999999626e+00
2.685944223999999991e+00	5.358728930999999918e+00	1.861142913200000137e+01	2.685944223999999991e+00	5.517618802000000322e+00	1.677392947499999920e+01	6.929194197000000166e+00
2.761449616000000162e+00	5.625608263000000164e+00	1.904796027300000105e+01	2.761449616000000162e+00	5.094729252999999680e+00	1.731003767400000015e+01	6.897811990000000115e+00
2.839077563000000026e+00	5.909160732000000138e+00	1.949299757000000000e+01	2.839077563000000026e+00	4.986407826999999848e+00	1.814358695399999988e+01	6.865961614999999796e+00
2.918887733000000040e+00	6.210455996000000312e+00	1.994119697500000044e+01	2.918887733000000040e+00	5.327005418999999797e+00	1.894239083500000120e+01	6.831779362999999883e+00
3.000941469999999889e+00	6.525548643999999676e+00	2.038864607400000040e+01	3.000941469999999889e+00	5.899986146999999903e+00	1.930781431699999828e+01	6.794083215999999759e+00
3.085301845000000043e+00	6.848942713999999654e+00	2.083710677599999883e+01	3.085301845000000043e+00	6.160100933999999917e+00	1.921520331400000003e+01	6.753668788999999784e+00
3.172033700000000067e+00	7.179858360999999967e+00	2.129301807299999894e+01	3.172033700000000067e+00	5.812907386000000010e+00	1.916075644100000019e+01	6.712733875999999711e+00
3.261203699999999817e+00	7.524681251999999709e+00	2.176060141700000017e+01	3.261203699999999817e+00	5.107421705000000145e+00	1.961309456300000065e+01	6.672567375999999939e+00
3.352880385999999824e+00	7.891188759000000275e+00	2.223573512400000141e+01	3.352880385999999824e+00	4.493471534000000212e+00	2.065151043999999914e+01	6.631830715000000431e+00
3.447134221999999859e+00	8.279311724999999456e+00	2.270891171299999911e+01	3.447134221999999859e+00	4.289495177000000048e+00	2.201109969699999880e+01	6.587765444999999609e+00
3.544037657000000063e+00	8.679978356999999534e+00	2.317638432200000054e+01	3.544037657000000063e+00	4.430708981000000435e+00	2.328376011699999992e+01	6.539542344000000007e+00
3.643665173000000035e+00	9.086588651999999655e+00	2.364614056799999986e+01	3.643665173000000035e+00	4.463198401999999732e+00	2.441448094600000118e+01	6.489657925999999577e+00
3.746093349000000128e+00	9.505899361000000880e+00	2.412777835400000015e+01	3.746093349000000128e+00	4.178395166999999688e+00	2.594195029400000152e+01	6.440784067000000057e+00
3.851400914000000064e+00	9.950794574999999753e+00	2.461710749999999948e+01	3.851400914000000064e+00	4.075473302999999881e+00	2.842943711199999868e+01	6.391728114000000183e+00
3.959668811999999871e+00	1.042106847300000005e+01	2.509925010999999984e+01	3.959668811999999871e+00	5.130473448000000047e+00	3.183401038799999938e+01	6.338724601000000014e+00
4.070980260999999878e+00	1.090158326599999938e+01	2.557088661399999907e+01	4.070980260999999878e+00	8.107482595000000458e+00	3.521862564100000270e+01	6.281260279999999696e+00
4.185420821000000124e+00	1.138681399300000052e+01	2.604742929300000043e+01	4.185420821000000124e+00	1.294963426800000050e+01	3.742557313399999686e+01	6.223371653000000059e+00
4.303078454000000441e+00	1.189344107299999997e+01	2.653672915599999982e+01	4.303078454000000441e+00	1.958228154500000073e+01	3.703591058199999964e+01	6.166917345999999966e+00
4.424043595999999745e+00	1.243251757900000065e+01	2.702112232400000025e+01	4.424043595999999745e+00	2.513477324500000165e+01	3.130420340599999918e+01	6.107788438000000042e+00
4.548409226000000416e+00	1.298634980199999944e+01	2.748714587899999984e+01	4.548409226000000416e+00	2.406701773200000005e+01	2.405753786500000047e+01	6.043243805000000357e+00
4.676270935999999878e+00	1.354107287399999926e+01	2.795330892699999836e+01	4.676270935999999878e+00	1.963701697600000173e+01	2.117348629800000026e+01	5.977692335000000412e+00
4.807727005000000275e+00	1.411809959600000042e+01	2.843319794700000003e+01	4.807727005000000275e+00	1.600627648200000053e+01	2.157558582200000075e+01	5.914062491000000144e+00
4.942878474999999661e+00	1.473106038000000062e+01	2.890178435300000004e+01	4.942878474999999661e+00	1.382710826900000001e+01	2.317901708699999830e+01	5.847156570000000109e+00
5.081829230000000308e+00	1.535207291200000057e+01	2.934699358599999996e+01	5.081829230000000308e+00	1.244406248299999973e+01	2.512741065399999840e+01	5.774887793000000435e+00
5.224686070999999821e+00	1.597432012199999996e+01	2.979968563799999970e+01	5.224686070999999821e+00	1.159956187100000058e+01	2.784858454200000111e+01	5.703631803999999583e+00
5.371558804000000187e+00	1.663246681900000112e+01	3.025856917899999843e+01	5.371558804000000187e+00	1.254696246299999984e+01	3.131210869499999916e+01	5.633107684999999698e+00
5.522560321000000272e+00	1.731577280500000171e+01	3.068696784799999833e+01	5.522560321000000272e+00	1.557505206799999975e+01	3.294522202899999996e+01	5.556655982999999743e+00
5.677806688000000435e+00	1.799120203100000026e+01	3.110705564299999892e+01	5.677806688000000435e+00	1.706857408699999823e+01	3.239260447000000198e+01	5.478709888000000028e+00
5.837417231999999956e+00	1.869424361900000164e+01	3.154149911600000067e+01	5.837417231999999956e+00	1.725112383100000102e+01	3.304321957799999865e+01	5.403331278999999654e+00
6.001514635999999570e+00	1.943133173300000038e+01	3.194432205900000099e+01	6.001514635999999570e+00	1.817877927900000046e+01	3.415710717799999685e+01	5.322710015000000183e+00
6.170225032000000276e+00	2.015621507199999840e+01	3.233088870200000287e+01	6.170225032000000276e+00	1.873666286799999980e+01	3.550035462400000341e+01	5.239823269000000394e+00
6.343678097999999821e+00	2.090836419600000085e+01	3.273306443300000268e+01	6.343678097999999821e+00	2.099478984199999942e+01	3.856629298299999675e+01	5.159950414999999957e+00
6.522007154999999834e+00	2.169168123900000111e+01	3.309562999199999922e+01	6.522007154999999834e+00	2.664085683000000060e+01	3.850985030500000050e+01	5.074454720000000307e+00
6.705349273999999582e+00	2.245748335800000106e+01	3.344966192399999727e+01	6.705349273999999582e+00	2.886091140299999935e+01	3.505119252600000124e+01	4.988504037000000224e+00
6.893845379000000051e+00	2.326383897699999892e+01	3.380993576000000189e+01	6.893845379000000051e+00	2.957945091299999874e+01	3.296651976900000136e+01	4.904365256000000173e+00
7.087640354999999559e+00	2.407765131900000100e+01	3.412090057199999649e+01	7.087640354999999559e+00	2.895369507699999900e+01	3.066453485599999951e+01	4.814141077000000379e+00
7.286883161000000442e+00	2.488631407300000120e+01	3.444748695799999894e+01	7.286883161000000442e+00	2.796708372899999873e+01	3.092929371600000010e+01	4.727328022000000018e+00
7.491726940999999584e+00	2.574003355099999979e+01	3.474190250800000257e+01	7.491726940999999584e+00	2.914481840099999843e+01	3.002298843000000161e+01	4.637369031000000419e+00
7.702329147000000376e+00	2.656688866100000013e+01	3.501585747299999696e+01	7.702329147000000376e+00	2.749112433799999877e+01	2.813474335700000140e+01	4.546138810999999613e+00
7.918851655000000100e+00	2.743653639200000072e+01	3.529321957599999848e+01	7.918851655000000100e+00	2.539548079700000116e+01	2.830153336700000111e+01	4.456860806999999980e+00
8.141460892999999643e+00	2.829253508100000047e+01	3.552037672600000207e+01	8.141460892999999643e+00	2.253477173799999989e+01	2.953836098700000079e+01	4.362899631000000333e+00
8.370327966999999703e+00	2.916840223499999851e+01	3.576781391099999752e+01	8.370327966999999703e+00	2.102803229399999907e+01	3.388831473500000158e+01	4.273167556999999839e+00
8.605628792999999277e+00	3.004915149300000010e+01	3.595596501499999675e+01	8.605628792999999277e+00	2.219815117299999940e+01	3.767446667899999824e+01	4.178191492999999923e+00
8.847544231000000536e+00	3.093195538100000164e+01	3.616620579399999968e+01	8.847544231000000536e+00	2.457372485799999851e+01	4.243988684800000044e+01	4.087711216999999841e+00
9.096260228000000225e+00	3.182714641999999827e+01	3.631660624799999937e+01	9.096260228000000225e+00	3.054274335199999868e+01	4.391800719300000111e+01	3.992476615000000173e+00
9.351967954999999222e+00	3.271973847499999977e+01	3.648863627099999718e+01	9.351967954999999222e+00	3.509130915400000106e+01	4.379878565599999973e+01	3.901706726000000014e+00
9.614863959999999210e+00	3.361810261299999780e+01	3.660012068500000026e+01	9.614863959999999210e+00	3.861291487500000130e+01	4.005164378199999931e+01	3.806618673000000008e+00
9.885150314000000549e+00	3.452365173300000123e+01	3.673285729900000263e+01	9.885150314000000549e+00	4.003193783300000064e+01	3.827530045400000347e+01	3.715963454000000166e+00
1.016303476899999936e+01	3.541421983200000057e+01	3.680918406899999695e+01	1.016303476899999936e+01	3.949167366999999729e+01	3.522434238900000025e+01	3.621869343999999824e+00
1.044873091900000084e+01	3.633279634499999844e+01	3.689428041800000102e+01	1.044873091900000084e+01	3.992410718800000069e+01	3.482394467299999974e+01	3.530981963999999973e+00
1.074245836000000054e+01	3.721357785699999710e+01	3.694856910299999697e+01	1.074245836000000054e+01	3.866071281899999690e+01	3.397554030999999952e+01	3.439489162000000100e+00
1.104444286100000028e+01	3.812835941299999831e+01	3.697415242699999993e+01	1.104444286100000028e+01	3.890153437200000042e+01	3.360673989800000072e+01	3.347760759999999891e+00
1.135491654099999970e+01	3.901919023199999970e+01	3.701034551200000067e+01	1.135491654099999970e+01	3.842959822400000292e+01	3.491013591000000105e+01	3.259411495999999797e+00
1.167411803999999975e+01	3.990048107199999805e+01	3.699460928999999965e+01	1.167411803999999975e+01	3.862593294700000257e+01	3.492096061800000228e+01	3.168942540999999835e+00
1.200229271000000075e+01	4.080501873299999716e+01	3.697687929300000320e+01	1.200229271000000075e+01	4.013730392200000097e+01	3.550963973700000054e+01	3.080817988999999812e+00
1.233969279599999957e+01	4.167725247700000324e+01	3.695619981499999795e+01	1.233969279599999957e+01	4.035567191799999875e+01	3.625064825100000121e+01	2.994904365000000013e+00
1.268657763899999935e+01	4.254147461499999849e+01	3.689087557599999911e+01	1.268657763899999935e+01	4.069431575299999793e+01	3.601499117099999836e+01	2.907866615000000099e+00
1.304321386700000041e+01	4.342262451999999939e+01	3.681630996300000191e+01	1.304321386700000041e+01	4.220539922799999744e+01	3.661604019699999668e+01	2.822640978999999994e+00
1.340987560399999978e+01	4.428483645899999743e+01	3.674619613499999815e+01	1.340987560399999978e+01	4.377062960199999964e+01	3.783528132600000049e+01	2.740233931000000123e+00
1.378684467999999974e+01	4.512118322100000256e+01	3.665011721700000180e+01	1.378684467999999974e+01	4.511830931699999780e+01	3.769692924000000289e+01	2.658339747999999947e+00
1.417441084800000084e+01	4.595671118900000351e+01	3.652467025400000011e+01	1.417441084800000084e+01	4.669526014800000269e+01	3.633001467799999773e+01	2.576803412999999932e+00
1.457287200600000077e+01	4.679568042500000047e+01	3.639072012399999778e+01	1.457287200600000077e+01	4.845139870300000240e+01	3.469975054799999725e+01	2.497154994999999822e+00
1.498253442699999916e+01	4.762306432799999811e+01	3.625578245100000174e+01	1.498253442699999916e+01	4.887372610100000259e+01	3.313992130999999830e+01	2.419869790999999992e+00
1.540371299100000080e+01	4.843021818599999762e+01	3.611202786900000206e+01	1.540371299100000080e+01	4.775804568000000216e+01	3.232300475499999948e+01	2.344371638999999785e+00
1.583673143400000072e+01	4.921980578699999853e+01	3.595247901199999774e+01	1.583673143400000072e+01	4.606506325499999832e+01	3.297897332400000181e+01	2.270195662999999975e+00
1.628192259000000064e+01	4.999700595800000258e+01	3.577713094700000340e+01	1.628192259000000064e+01	4.575344844100000330e+01	3.460913140499999940e+01	2.197352969000000211e+00
1.673962864900000014e+01	5.076398559300000102e+01	3.558949855200000201e+01	1.673962864900000014e+01	4.703805381600000146e+01	3.514546501200000250e+01	2.126062608999999881e+00
1.721020142200000080e+01	5.152016830699999872e+01	3.539281235100000345e+01	1.721020142200000080e+01	4.726754065800000149e+01	3.523580183899999696e+01	2.056501925000000064e+00
1.769400260800000169e+01	5.226417142300000052e+01	3.518897984600000228e+01	1.769400260800000169e+01	4.827227259800000070e+01	3.607081531400000074e+01	1.988751817000000033e+00
1.819140407700000139e+01	5.299500659699999972e+01	3.497906733500000342e+01	1.819140407700000139e+01	4.933482591700000341e+01	3.641747275600000222e+01	1.922834938000000049e+00
1.870278814799999978e+01	5.371246241699999757e+01	3.476383969799999818e+01	1.870278814799999978e+01	5.100630872899999702e+01	3.673228375699999759e+01	1.858751722999999911e+00
1.922854789299999823e+01	5.441712764799999746e+01	3.454375608800000208e+01	1.922854789299999823e+01	5.200410429800000145e+01	3.604404804899999704e+01	1.796482828000000032e+00
1.976908742799999885e+01	5.511001591299999802e+01	3.431836089800000167e+01	1.976908742799999885e+01	5.289844382399999745e+01	3.594520988299999686e+01	1.735960804000000079e+00
2.032482223499999918e+01	5.579114926300000121e+01	3.408569381899999939e+01	2.032482223499999918e+01	5.304166466600000263e+01	3.544534142300000212e+01	1.677047573999999930e+00
2.089617947099999995e+01	5.645712298600000167e+01	3.384374874699999936e+01	2.089617947099999995e+01	5.359536913499999855e+01	3.641293844100000143e+01	1.619614187999999899e+00
2.148359830300000084e+01	5.710147153999999858e+01	3.359583770199999719e+01	2.148359830300000084e+01	5.533121695599999867e+01	3.675545268100000129e+01	1.563790070000000032e+00
2.208753024399999987e+01	5.772427240599999720e+01	3.335348101799999654e+01	2.208753024399999987e+01	5.687880686100000105e+01	3.605857222400000239e+01	1.510059325000000063e+00
2.270843949900000069e+01	5.834113677700000267e+01	3.312089152899999789e+01	2.270843949900000069e+01	5.765758925699999793e+01	3.510049200899999988e+01	1.458527853999999957e+00
2.334680332199999953e+01	5.895822321299999658e+01	3.287736928799999703e+01	2.334680332199999953e+01	5.795759839499999799e+01	3.417431093300000100e+01	1.408217169000000046e+00
2.400311238400000136e+01	5.954662442099999708e+01	3.261956776899999966e+01	2.400311238400000136e+01	5.748880054199999989e+01	3.373625468699999885e+01	1.358972421999999902e+00
2.467787114900000134e+01	6.011418192299999674e+01	3.238401730300000025e+01	2.467787114900000134e+01	5.730896925700000111e+01	3.473525680299999863e+01	1.312269487000000012e+00
2.537159826199999912e+01	6.069237475500000301e+01	3.214055412599999784e+01	2.537159826199999912e+01	5.883484726799999720e+01	3.528600428099999675e+01	1.266792646999999938e+00
2.608482694799999990e+01	6.123127435199999979e+01	3.188963532600000050e+01	2.608482694799999990e+01	5.930769153899999679e+01	3.471584997699999775e+01	1.222535820999999912e+00
2.681810542099999850e+01	6.177779696000000342e+01	3.166017389800000004e+01	2.681810542099999850e+01	6.004898241400000103e+01	3.527668494699999968e+01	1.180552220000000041e+00
2.757199730800000026e+01	6.229444167999999848e+01	3.141006568399999921e+01	2.757199730800000026e+01	6.056048308500000132e+01	3.520881293800000122e+01	1.139201681000000077e+00
2.834708207899999977e+01	6.281662109599999866e+01	3.118397871000000166e+01	2.834708207899999977e+01	6.245224389700000245e+01	3.593884064600000272e+01	1.100077200999999949e+00
2.914395549199999991e+01	6.330369552599999849e+01	3.094837993100000162e+01	2.914395549199999991e+01	6.343480575800000310e+01	3.446979091499999726e+01	1.061914191000000063e+00
2.996323005500000036e+01	6.380192679200000327e+01	3.071447841100000176e+01	2.996323005500000036e+01	6.398013200300000136e+01	3.337999747599999978e+01	1.025072342000000081e+00
3.080553549300000071e+01	6.427704432800000234e+01	3.050152706300000105e+01	3.080553549300000071e+01	6.349326381899999916e+01	3.367418960799999894e+01	9.901313699999999551e-01
3.167151923500000166e+01	6.473172140299999455e+01	3.027974711999999968e+01	3.167151923500000166e+01	6.323775255900000047e+01	3.394996887300000310e+01	9.560560359999999980e-01
3.256184690799999970e+01	6.518582781000000637e+01	3.005789909900000012e+01	3.256184690799999970e+01	6.389833547900000355e+01	3.419282714799999923e+01	9.231017879999999787e-01
3.347720285199999779e+01	6.563323026599999821e+01	2.984830558499999853e+01	3.347720285199999779e+01	6.546207907999999520e+01	3.484767417999999850e+01	8.916009419999999519e-01
3.441829064499999902e+01	6.606687902199999485e+01	2.964839179899999877e+01	3.441829064499999902e+01	6.667063362800000448e+01	3.471857186100000092e+01	8.614138369999999600e-01
3.538583364099999784e+01	6.648732427800000266e+01	2.945405541199999888e+01	3.538583364099999784e+01	6.758906237799999417e+01	3.480248786800000005e+01	8.323685610000000068e-01
3.638057553200000172e+01	6.689667772100000320e+01	2.926430263900000028e+01	3.638057553200000172e+01	6.876304161500000589e+01	3.470492358500000307e+01	8.043936139999999790e-01
3.740328091399999977e+01	6.729541377500000010e+01	2.907944310499999929e+01	3.740328091399999977e+01	6.986310437599999545e+01	3.416636225700000296e+01	7.774570140000000018e-01
3.845473587600000087e+01	6.768220596400000488e+01	2.890082105300000137e+01	3.845473587600000087e+01	7.081482857199999614e+01	3.337546795200000105e+01	7.515542729999999949e-01
3.953574860700000215e+01	6.805659115800000336e+01	2.873271474899999944e+01	3.953574860700000215e+01	7.122367124400000193e+01	3.246965500499999990e+01	7.267527679999999934e-01
4.064715001500000113e+01	6.842545239599999718e+01	2.857872971800000172e+01	4.064715001500000113e+01	7.145280646599999841e+01	3.227227203000000344e+01	7.030930760000000390e-01
4.178979436499999878e+01	6.879527273799999421e+01	2.842736121300000107e+01	4.178979436499999878e+01	7.231371738400000027e+01	3.153561368900000161e+01	6.802464969999999500e-01
4.296455993600000056e+01	6.914555030100000010e+01	2.827348790499999964e+01	4.296455993600000056e+01	7.212784670499999606e+01	3.069718973499999848e+01	6.580653440000000520e-01
4.417234969799999789e+01	6.948539016799999501e+01	2.814603527499999913e+01	4.417234969799999789e+01	7.214269822599999316e+01	3.112961312999999919e+01	6.371867350000000041e-01
4.541409200399999690e+01	6.982780692199999351e+01	2.801079370400000101e+01	4.541409200399999690e+01	7.302923578300000429e+01	3.070168957799999987e+01	6.167863869999999915e-01
4.669074130399999945e+01	7.015010585900000706e+01	2.789991667399999997e+01	4.669074130399999945e+01	7.349014488299999925e+01	3.052294230500000083e+01	5.975470920000000019e-01
4.800327887899999979e+01	7.046967372199999602e+01	2.778122346500000006e+01	4.800327887899999979e+01	7.371295703399999866e+01	2.923809951000000140e+01	5.787359549999999686e-01
4.935271359600000096e+01	7.078819537200000411e+01	2.768425099499999931e+01	4.935271359600000096e+01	7.347370069800000181e+01	2.884284485499999917e+01	5.609468859999999779e-01
5.074008268099999697e+01	7.108951081300000396e+01	2.759800969499999823e+01	5.074008268099999697e+01	7.263323503700000572e+01	2.932636920899999922e+01	5.439094349999999967e-01
5.216645251900000346e+01	7.138277371499999902e+01	2.751592374699999866e+01	5.216645251900000346e+01	7.236426043000000163e+01	3.025308117100000160e+01	5.274639620000000084e-01
5.363291947100000101e+01	7.167155705499999385e+01	2.744295115299999921e+01	5.363291947100000101e+01	7.308818187699999669e+01	3.111221595800000017e+01	5.116810990000000281e-01
5.514061071999999797e+01	7.195498648199999536e+01	2.738156135899999910e+01	5.514061071999999797e+01	7.428222784499999420e+01	3.156753066199999935e+01	4.965770420000000240e-01
5.669068513500000250e+01	7.223367289700000526e+01	2.733112343599999861e+01	5.669068513500000250e+01	7.549046252200000140e+01	3.146169740599999898e+01	4.821095979999999726e-01
5.828433416099999675e+01	7.250736513299999331e+01	2.728762940000000015e+01	5.828433416099999675e+01	7.669195258000000592e+01	3.116227919299999982e+01	4.681811980000000206e-01
5.992278273800000221e+01	7.276788010799999995e+01	2.725110927200000077e+01	5.992278273800000221e+01	7.734389887700000088e+01	3.030128979599999894e+01	4.547704229999999792e-01
6.160729023900000101e+01	7.302002998899999398e+01	2.723677873400000138e+01	6.160729023900000101e+01	7.765151225200000340e+01	2.997319507299999941e+01	4.421031770000000138e-01
6.333915144099999850e+01	7.327748710999999560e+01	2.722441889399999937e+01	6.333915144099999850e+01	7.830108359700000165e+01	2.930303824599999984e+01	4.298197599999999952e-01
6.511969751799999528e+01	7.351543584600000258e+01	2.722998157099999972e+01	6.511969751799999528e+01	7.805887997300000336e+01	2.911211795399999858e+01	4.181527649999999818e-01
6.695029706500000088e+01	7.375560766899999976e+01	2.723685885300000109e+01	6.695029706500000088e+01	7.842333709899999405e+01	2.864817908699999904e+01	4.068220759999999769e-01
6.883235715099999652e+01	7.399219023700000264e+01	2.726347081400000150e+01	6.883235715099999652e+01	7.878624666999999704e+01	2.854195583499999955e+01	3.960850960000000254e-01
7.076732439799999952e+01	7.421864663700000619e+01	2.730202573400000077e+01	7.076732439799999952e+01	7.908907427600000517e+01	2.873155684099999974e+01	3.857998870000000080e-01
7.275668609599999570e+01	7.443927996099999689e+01	2.734987860400000059e+01	7.275668609599999570e+01	7.962199429000000350e+01	2.841859217300000040e+01	3.759088010000000146e-01
7.480197134300000528e+01	7.465474304500000358e+01	2.740736200399999944e+01	7.480197134300000528e+01	8.000243434700000478e+01	2.773508766999999864e+01	3.663989269999999854e-01
7.690475222300000269e+01	7.486132132199999489e+01	2.747613642499999997e+01	7.690475222300000269e+01	7.966799362800000495e+01	2.706192950599999847e+01	3.572748840000000148e-01
7.906664501299999870e+01	7.506205252399999495e+01	2.756453877199999880e+01	7.906664501299999870e+01	7.921639068099999292e+01	2.698182192699999860e+01	3.486241099999999871e-01
8.128931142700000123e+01	7.526657348599999864e+01	2.765924899599999875e+01	8.128931142700000123e+01	7.912496905300000094e+01	2.702175201800000082e+01	3.402568990000000015e-01
8.357445988999999997e+01	7.545396074299999611e+01	2.777037740999999826e+01	8.357445988999999997e+01	7.872376713799999948e+01	2.736782418600000000e+01	3.322830620000000179e-01
8.592384685400000421e+01	7.564299717699999803e+01	2.788770119699999839e+01	8.592384685400000421e+01	7.879444441299999369e+01	2.752318100200000117e+01	3.245629959999999925e-01
8.833927814700000170e+01	7.582787480000000357e+01	2.802319869600000146e+01	8.833927814700000170e+01	7.899328394100000139e+01	2.777777655899999942e+01	3.172224100000000102e-01
9.082261035999999876e+01	7.600476751499999750e+01	2.817182525999999854e+01	9.082261035999999876e+01	7.901977017100000467e+01	2.812662399899999954e+01	3.101851529999999912e-01
9.337575227799999311e+01	7.617408656800000699e+01	2.833279407199999866e+01	9.337575227799999311e+01	7.902101131499999553e+01	2.861815245300000043e+01	3.034277459999999982e-01
9.600066634099999874e+01	7.633672735300000056e+01	2.851101980299999994e+01	9.600066634099999874e+01	7.931387519400000485e+01	2.934685761200000087e+01	2.969877280000000064e-01
9.869937016000000085e+01	7.650171983799999964e+01	2.870226350600000131e+01	9.869937016000000085e+01	8.033775880599999653e+01	2.976820942999999886e+01	2.908049309999999887e-01
1.014739380590000053e+02	7.665157453499999463e+01	2.890384360899999905e+01	1.014739380590000053e+02	8.094223261800000557e+01	2.942692749400000096e+01	2.848400700000000008e-01
1.043265026760000040e+02	7.680416398200000572e+01	2.912056668299999984e+01	1.043265026760000040e+02	8.139260755399999425e+01	2.873428973600000091e+01	2.791291370000000271e-01
