7.943282299999999962e-02	2.055198499999999831e-02	6.696211699999999878e-01	7.943282299999999962e-02	-1.103639839999999983e-01	6.792187589999999497e-01	8.430031068999999988e+00
8.166578400000000515e-02	2.112665000000000029e-02	6.884722170000000530e-01	8.166578400000000515e-02	-1.103797990000000007e-01	6.984587169999999512e-01	8.430363203000000638e+00
8.396151500000000045e-02	2.173528400000000055e-02	7.078553480000000508e-01	8.396151500000000045e-02	-1.103956180000000009e-01	7.182524540000000401e-01	8.430711930999999382e+00
8.632178299999999915e-02	2.237996399999999872e-02	7.277856780000000469e-01	8.632178299999999915e-02	-1.104113290000000025e-01	7.386166899999999647e-01	8.431077924000000223e+00
8.874840100000000453e-02	2.306289799999999834e-02	7.482787549999999621e-01	8.874840100000000453e-02	-1.104267990000000060e-01	7.595687249999999446e-01	8.431461862000000806e+00
9.124323400000000639e-02	2.378643800000000003e-02	7.693505769999999799e-01	9.124323400000000639e-02	-1.104418709999999970e-01	7.811264570000000518e-01	8.431864424000000469e+00
9.380819999999999437e-02	2.455308900000000016e-02	7.910175990000000157e-01	9.380819999999999437e-02	-1.104563610000000029e-01	8.033084169999999968e-01	8.432286294000000737e+00
9.644527099999999908e-02	2.536551999999999904e-02	8.132967490000000410e-01	9.644527099999999908e-02	-1.104700519999999991e-01	8.261337909999999507e-01	8.432728145000000453e+00
9.915647299999999498e-02	2.622657600000000144e-02	8.362054399999999665e-01	9.915647299999999498e-02	-1.104826909999999940e-01	8.496224580000000248e-01	8.433190641999999571e+00
1.019438909999999948e-01	2.713929099999999942e-02	8.597615840000000231e-01	1.019438909999999948e-01	-1.104939850000000029e-01	8.737950209999999496e-01	8.433674432000000110e+00
1.048096659999999958e-01	2.810689800000000169e-02	8.839836049999999501e-01	1.048096659999999958e-01	-1.105035909999999982e-01	8.986728430000000545e-01	8.434180138000000326e+00
1.077560020000000035e-01	2.913284999999999833e-02	9.088904540000000143e-01	1.077560020000000035e-01	-1.105111109999999952e-01	9.242780889999999694e-01	8.434708348999999217e+00
1.107851640000000054e-01	3.022082900000000114e-02	9.345016200000000328e-01	1.107851640000000054e-01	-1.105160850000000000e-01	9.506337620000000488e-01	8.435259611999999407e+00
1.138994789999999979e-01	3.137476699999999785e-02	9.608371489999999460e-01	1.138994789999999979e-01	-1.105179810000000012e-01	9.777637529999999577e-01	8.435834418000000667e+00
1.171013419999999972e-01	3.259886399999999823e-02	9.879176499999999805e-01	1.171013419999999972e-01	-1.105161820000000045e-01	1.005692888000000007e+00	8.436433193999999247e+00
1.203932139999999984e-01	3.389760499999999732e-02	1.015764317999999999e+00	1.203932139999999984e-01	-1.105099759999999959e-01	1.034446978000000072e+00	8.437056283000000434e+00
1.237776240000000028e-01	3.527578399999999753e-02	1.044398941000000081e+00	1.237776240000000028e-01	-1.104985440000000041e-01	1.064052878999999896e+00	8.437703930999999713e+00
1.272571740000000007e-01	3.673852500000000104e-02	1.073843915999999954e+00	1.272571740000000007e-01	-1.104809380000000008e-01	1.094538548000000056e+00	8.438376268000000735e+00
1.308345389999999997e-01	3.829130699999999665e-02	1.104122261000000105e+00	1.308345389999999997e-01	-1.104560660000000055e-01	1.125933113000000096e+00	8.439073283000000814e+00
1.345124679999999961e-01	3.993999000000000160e-02	1.135257629999999907e+00	1.345124679999999961e-01	-1.104226719999999995e-01	1.158266943000000104e+00	8.439794802999999845e+00
1.382937890000000003e-01	4.169084399999999774e-02	1.167274321999999920e+00	1.382937890000000003e-01	-1.103793059999999965e-01	1.191571723000000027e+00	8.440540465999999853e+00
1.421814080000000091e-01	4.355057799999999951e-02	1.200197292999999998e+00	1.421814080000000091e-01	-1.103243000000000001e-01	1.225880542000000073e+00	8.441309688000000477e+00
1.461783120000000047e-01	4.552637500000000087e-02	1.234052166999999978e+00	1.461783120000000047e-01	-1.102557299999999962e-01	1.261227982000000081e+00	8.442101627999999636e+00
1.502875750000000066e-01	4.762592400000000004e-02	1.268865243999999892e+00	1.502875750000000066e-01	-1.101713819999999983e-01	1.297650216000000079e+00	8.442915151999999424e+00
1.545123549999999901e-01	4.985745999999999928e-02	1.304663506000000028e+00	1.545123549999999901e-01	-1.100687050000000028e-01	1.335185121000000086e+00	8.443748785000000368e+00
1.588558979999999954e-01	5.222979900000000036e-02	1.341474623999999949e+00	1.588558979999999954e-01	-1.099447580000000035e-01	1.373872393000000081e+00	8.444600664999999395e+00
1.633215440000000129e-01	5.475238699999999958e-02	1.379326958000000047e+00	1.633215440000000129e-01	-1.097961509999999946e-01	1.413753676000000015e+00	8.445468488999999579e+00
1.679127260000000121e-01	5.743534200000000034e-02	1.418249560000000020e+00	1.679127260000000121e-01	-1.096189739999999940e-01	1.454872707999999903e+00	8.446349448999999510e+00
1.726329709999999962e-01	6.028950000000000281e-02	1.458272170000000090e+00	1.726329709999999962e-01	-1.094087170000000026e-01	1.497275472000000107e+00	8.447240167000000355e+00
1.774859089999999973e-01	6.332646799999999687e-02	1.499425208999999981e+00	1.774859089999999973e-01	-1.091601729999999992e-01	1.541010364999999993e+00	8.448136617999999487e+00
1.824752689999999955e-01	6.655867499999999770e-02	1.541739763999999902e+00	1.824752689999999955e-01	-1.088673250000000009e-01	1.586128388999999972e+00	8.449034048999999769e+00
1.876048869999999980e-01	6.999943000000000137e-02	1.585247577999999935e+00	1.876048869999999980e-01	-1.085232220000000025e-01	1.632683351999999921e+00	8.449926887000000164e+00
1.928787050000000114e-01	7.366297700000000448e-02	1.629981023999999890e+00	1.928787050000000114e-01	-1.081198190000000059e-01	1.680732094999999982e+00	8.450808635999999652e+00
1.983007760000000119e-01	7.756455900000000514e-02	1.675973074999999923e+00	1.983007760000000119e-01	-1.076478059999999987e-01	1.730334733000000069e+00	8.451671772999999277e+00
2.038752699999999973e-01	8.172047300000000181e-02	1.723257269999999952e+00	2.038752699999999973e-01	-1.070963949999999970e-01	1.781554931999999924e+00	8.452507620000000443e+00
2.096064689999999897e-01	8.614813500000000068e-02	1.771867668999999923e+00	2.096064689999999897e-01	-1.064530759999999937e-01	1.834460203999999983e+00	8.453306221000000065e+00
2.154987800000000009e-01	9.086614699999999434e-02	1.821838797000000065e+00	2.154987800000000009e-01	-1.057033269999999997e-01	1.889122227999999959e+00	8.454056192999999553e+00
2.215567320000000062e-01	9.589434700000000478e-02	1.873205577000000011e+00	2.215567320000000062e-01	-1.048302769999999995e-01	1.945617216000000038e+00	8.454744584000000174e+00
2.277849799999999980e-01	1.012538790000000050e-01	1.926003257999999940e+00	2.277849799999999980e-01	-1.038143009999999977e-01	2.004026297999999873e+00	8.455356703999999723e+00
2.341883130000000091e-01	1.069672410000000046e-01	1.980267320999999914e+00	2.341883130000000091e-01	-1.026325490000000035e-01	2.064435952999999824e+00	8.455875953999999695e+00
2.407716510000000032e-01	1.130583359999999954e-01	2.036033377999999949e+00	2.407716510000000032e-01	-1.012583850000000063e-01	2.126938473000000052e+00	8.456283651999999762e+00
2.475400560000000083e-01	1.195525129999999991e-01	2.093337049000000061e+00	2.475400560000000083e-01	-9.966072500000000556e-02	2.191632476000000107e+00	8.456558839999999577e+00
2.544987300000000063e-01	1.264765959999999967e-01	2.152213832999999799e+00	2.544987300000000063e-01	-9.780324799999999541e-02	2.258623449999999977e+00	8.456678099999999532e+00
2.616530200000000139e-01	1.338589000000000029e-01	2.212698951000000136e+00	2.616530200000000139e-01	-9.564346099999999906e-02	2.328024354000000073e+00	8.456615357000000444e+00
2.690084280000000216e-01	1.417292239999999870e-01	2.274827184999999918e+00	2.690084280000000216e-01	-9.313158800000000126e-02	2.399956244000000183e+00	8.456341696999999158e+00
2.765706050000000249e-01	1.501188270000000102e-01	2.338632689000000209e+00	2.765706050000000249e-01	-9.020924499999999346e-02	2.474548951000000052e+00	8.455825186000000215e+00
2.843453650000000166e-01	1.590603720000000054e-01	2.404148796999999949e+00	2.843453650000000166e-01	-8.680785700000000216e-02	2.551941784999999907e+00	8.455030714999999475e+00
2.923386840000000153e-01	1.685878309999999936e-01	2.471407806999999845e+00	2.923386840000000153e-01	-8.284677299999999855e-02	2.632284257999999877e+00	8.453919860999999258e+00
3.005567049999999796e-01	1.787363620000000097e-01	2.540440763999999962e+00	3.005567049999999796e-01	-7.823100299999999341e-02	2.715736811000000195e+00	8.452450798999999293e+00
3.090057460000000256e-01	1.895421220000000073e-01	2.611277236999999918e+00	3.090057460000000256e-01	-7.284851100000000468e-02	2.802471514000000052e+00	8.450578252999999762e+00
3.176922999999999830e-01	2.010420370000000068e-01	2.683945095999999975e+00	3.176922999999999830e-01	-6.656697400000000098e-02	2.892672705999999927e+00	8.448253530000000566e+00
3.266230450000000007e-01	2.132735030000000032e-01	2.758470303999999818e+00	3.266230450000000007e-01	-5.922987899999999917e-02	2.986537497000000041e+00	8.445424624999999352e+00
3.358048439999999912e-01	2.262740199999999924e-01	2.834876734999999925e+00	3.358048439999999912e-01	-5.065185299999999669e-02	3.084276076000000089e+00	8.442036455000000217e+00
3.452447559999999860e-01	2.400807550000000068e-01	2.913186023999999819e+00	3.452447559999999860e-01	-4.061302900000000188e-02	3.186111675999999893e+00	8.438031211000000198e+00
3.549500360000000243e-01	2.547300189999999742e-01	2.993417485999999794e+00	3.549500360000000243e-01	-2.885230199999999981e-02	3.292280041000000157e+00	8.433348881000000574e+00
3.649281440000000099e-01	2.702566710000000039e-01	3.075588103999999934e+00	3.649281440000000099e-01	-1.505921099999999943e-02	3.403028154999999888e+00	8.427927957999999720e+00
3.751867489999999861e-01	2.866934500000000163e-01	3.159712636000000074e+00	3.751867489999999861e-01	1.135773000000000078e-03	3.518611894000000184e+00	8.421706370000000774e+00
3.857337379999999927e-01	3.040702299999999969e-01	3.245803844000000105e+00	3.857337379999999927e-01	2.017286299999999921e-02	3.639292123000000156e+00	8.414622646999999844e+00
3.965772160000000102e-01	3.224132450000000150e-01	3.333872905000000220e+00	3.965772160000000102e-01	4.257676700000000147e-02	3.765328611999999797e+00	8.406617359000000178e+00
4.077255180000000090e-01	3.417442720000000156e-01	3.423930010999999940e+00	4.077255180000000090e-01	6.897299399999999581e-02	3.896970840999999908e+00	8.397634833999999771e+00
4.191872130000000030e-01	3.620798550000000060e-01	3.515985217999999968e+00	4.191872130000000030e-01	1.001069029999999971e-01	4.034444479000000250e+00	8.387625161000000773e+00
4.309711119999999895e-01	3.834305789999999936e-01	3.610049542000000056e+00	4.309711119999999895e-01	1.368655950000000066e-01	4.177931820000000407e+00	8.376546454999999725e+00
4.430862720000000032e-01	4.058004929999999844e-01	3.706136351000000051e+00	4.430862720000000032e-01	1.803024430000000067e-01	4.327543909000000077e+00	8.364367364999999666e+00
4.555420040000000004e-01	4.291867489999999785e-01	3.804263050999999951e+00	4.555420040000000004e-01	2.316635170000000132e-01	4.483281279999999924e+00	8.351069752000000790e+00
4.683478830000000204e-01	4.535795570000000221e-01	3.904453053000000118e+00	4.683478830000000204e-01	2.924141490000000121e-01	4.644979354000000171e+00	8.336651432000000028e+00
4.815137529999999888e-01	4.789625650000000068e-01	4.006737988000000250e+00	4.815137529999999888e-01	3.642622460000000117e-01	4.812233476000000287e+00	8.321128869000000705e+00
4.950497320000000201e-01	5.053137800000000457e-01	4.111160113000000393e+00	4.950497320000000201e-01	4.491722730000000108e-01	4.984297685999999672e+00	8.304539626000000396e+00
5.089662249999999943e-01	5.326071399999999789e-01	4.217774786999999748e+00	5.089662249999999943e-01	5.493596410000000096e-01	5.159950857000000113e+00	8.286944364000000007e+00
5.232739280000000548e-01	5.608148549999999455e-01	4.326652875999999814e+00	5.232739280000000548e-01	6.672491120000000331e-01	5.337324864000000169e+00	8.268428142999999508e+00
5.379838399999999909e-01	5.899105730000000491e-01	4.437882887999999859e+00	5.379838399999999909e-01	8.053723539999999570e-01	5.513693477000000343e+00	8.249100725999999995e+00
5.531072670000000135e-01	6.198734339999999454e-01	4.551572592000000306e+00	5.531072670000000135e-01	9.661694549999999548e-01	5.685230387999999913e+00	8.229095624999999359e+00
5.686558329999999994e-01	6.506929630000000131e-01	4.667849835000000169e+00	5.686558329999999994e-01	1.151649364000000064e+00	5.846764057999999764e+00	8.208567580000000419e+00
5.846414890000000142e-01	6.823747249999999598e-01	4.786862237000000242e+00	5.846414890000000142e-01	1.362860989999999939e+00	5.991590139999999565e+00	8.187688222000000238e+00
6.010765240000000009e-01	7.149465240000000277e-01	4.908775435999999992e+00	6.010765240000000009e-01	1.599142641999999892e+00	6.111450602999999759e+00	8.166639760000000692e+00
6.179735680000000286e-01	7.484648379999999657e-01	5.033769557000000283e+00	6.179735680000000286e-01	1.857172006999999958e+00	6.196844676999999635e+00	8.145606574000000322e+00
6.353456100000000051e-01	7.830210539999999941e-01	5.162033629999999818e+00	6.353456100000000051e-01	2.129952664999999801e+00	6.237871617999999785e+00	8.124764771000000607e+00
6.532060029999999795e-01	8.187469240000000426e-01	5.293757752000000316e+00	6.532060029999999795e-01	2.406046288999999838e+00	6.225761035999999748e+00	8.104269906000000745e+00
6.715684750000000536e-01	8.558185320000000207e-01	5.429122918000000020e+00	6.715684750000000536e-01	2.669534071000000175e+00	6.155049345000000116e+00	8.084243263999999485e+00
6.904471399999999592e-01	8.944579409999999786e-01	5.568288630999999711e+00	6.904471399999999592e-01	2.901220024000000119e+00	6.025985426000000089e+00	8.064757330999999141e+00
7.098565079999999972e-01	9.349315830000000105e-01	5.711378634999999981e+00	7.098565079999999972e-01	3.081288817999999985e+00	5.846325498999999759e+00	8.045821327000000522e+00
7.298114999999999464e-01	9.775444129999999454e-01	5.858465450999999824e+00	7.298114999999999464e-01	3.192964949999999913e+00	5.631531213999999785e+00	8.027367960999999497e+00
7.503274519999999503e-01	1.022628845000000064e+00	6.009554795999999754e+00	7.503274519999999503e-01	3.226002386999999860e+00	5.402835288000000347e+00	8.009242871999999736e+00
7.714201339999999796e-01	1.070527680999999953e+00	6.164571459000000253e+00	7.714201339999999796e-01	3.178632633999999957e+00	5.183606763000000228e+00	7.991198551000000094e+00
7.931057590000000213e-01	1.121570578999999901e+00	6.323348763000000261e+00	7.931057590000000213e-01	3.057224429000000132e+00	4.995324309999999990e+00	7.972894772000000074e+00
8.154009960000000445e-01	1.176044266999999977e+00	6.485624323999999774e+00	8.154009960000000445e-01	2.873991264999999906e+00	4.854595008999999628e+00	7.953907779999999761e+00
8.383229800000000509e-01	1.234157726000000066e+00	6.651045232000000418e+00	8.383229800000000509e-01	2.643861873000000084e+00	4.771986692999999669e+00	7.933750343999999899e+00
8.618893309999999808e-01	1.296005024999999922e+00	6.819185907999999685e+00	8.618893309999999808e-01	2.381671746999999950e+00	4.752542345000000168e+00	7.911904299999999779e+00
8.861181639999999859e-01	1.361530270000000042e+00	6.989581389999999672e+00	8.861181639999999859e-01	2.100335310999999816e+00	4.797300125999999665e+00	7.887866061999999623e+00
9.110281000000000073e-01	1.430501070000000041e+00	7.161777350000000375e+00	9.110281000000000073e-01	1.810089242999999959e+00	4.905101306999999800e+00	7.861203569999999807e+00
9.366382869999999583e-01	1.502498509000000038e+00	7.335395530999999636e+00	9.366382869999999583e-01	1.518563764999999899e+00	5.074223402000000327e+00	7.831620419000000055e+00
9.629684090000000252e-01	1.576932109999999998e+00	7.510209423000000051e+00	9.629684090000000252e-01	1.231372214999999937e+00	5.303669367000000356e+00	7.799019520999999955e+00
9.900387059999999906e-01	1.653086897999999971e+00	7.686220420999999803e+00	9.900387059999999906e-01	9.530045990000000078e-01	5.594141640000000137e+00	7.763555478999999870e+00
1.017869984000000061e+00	1.730205771000000059e+00	7.863720275999999565e+00	1.017869984000000061e+00	6.879680489999999704e-01	5.948814014999999955e+00	7.725662803999999717e+00
1.046483636000000050e+00	1.807603832000000077e+00	8.043322922999999847e+00	1.046483636000000050e+00	4.422971499999999723e-01	6.374008668000000100e+00	7.686047492000000148e+00
1.075901653999999930e+00	1.884803054999999894e+00	8.225949213999999898e+00	1.075901653999999930e+00	2.257791259999999967e-01	6.879790944999999880e+00	7.645633020000000002e+00
1.106146652000000064e+00	1.961667255000000054e+00	8.412752691999999755e+00	1.106146652000000064e+00	5.555881599999999698e-02	7.480226297999999829e+00	7.605458715000000147e+00
1.137241874999999958e+00	2.038511031000000084e+00	8.604983253000000332e+00	1.137241874999999958e+00	-3.775630299999999800e-02	8.192317200999999827e+00	7.566537462000000325e+00
1.169211226000000048e+00	2.116153859999999831e+00	8.803797144000000685e+00	1.169211226000000048e+00	-2.206199999999999985e-05	9.030709834999999686e+00	7.529689201000000054e+00
1.202079276999999946e+00	2.195892768000000217e+00	9.010034526000000099e+00	1.202079276999999946e+00	2.605431109999999939e-01	9.990629549999999526e+00	7.495374637000000284e+00
1.235871291999999899e+00	2.279374071999999973e+00	9.223998426999999722e+00	1.235871291999999899e+00	8.815943379999999774e-01	1.100351869300000018e+01	7.463559100000000335e+00
1.270613243999999975e+00	2.368356844000000017e+00	9.445280466999999902e+00	1.270613243999999975e+00	2.004102834000000222e+00	1.185282444199999929e+01	7.433639236000000317e+00
1.306331837999999967e+00	2.464379747999999815e+00	9.672688238999999299e+00	1.306331837999999967e+00	3.585484752000000164e+00	1.212183270000000057e+01	7.404464896000000351e+00
1.343054527999999914e+00	2.568371232000000060e+00	9.904332682999999804e+00	1.343054527999999914e+00	5.132668000999999869e+00	1.144469375699999958e+01	7.374482923000000412e+00
1.380809541000000085e+00	2.680281384000000156e+00	1.013792240199999917e+01	1.380809541000000085e+00	5.923649268000000134e+00	1.005024826900000079e+01	7.342013579999999706e+00
1.419625896000000109e+00	2.798853991000000097e+00	1.037127291900000081e+01	1.419625896000000109e+00	5.750041001999999679e+00	8.659754673000000125e+00	7.305638016999999707e+00
1.459533430000000020e+00	2.921677460999999809e+00	1.060296428100000021e+01	1.459533430000000020e+00	4.971995539999999991e+00	7.750472475999999666e+00	7.264625846000000386e+00
1.500562817000000049e+00	3.045620479000000103e+00	1.083298201600000077e+01	1.500562817000000049e+00	3.985749853999999814e+00	7.372429272999999839e+00	7.219279257000000172e+00
1.542745593000000026e+00	3.167649595999999956e+00	1.106309764599999923e+01	1.542745593000000026e+00	2.997870273999999835e+00	7.409612812999999854e+00	7.171044725999999869e+00
1.586114180999999901e+00	3.285859229999999798e+00	1.129674791999999961e+01	1.586114180999999901e+00	2.077970472000000068e+00	7.755222917000000216e+00	7.122279123000000212e+00
1.630701917999999973e+00	3.400390250000000059e+00	1.153829534800000012e+01	1.630701917999999973e+00	1.239753824999999976e+00	8.355676276000000513e+00	7.075661850000000364e+00
1.676543072999999939e+00	3.513858690999999812e+00	1.179176862799999981e+01	1.676543072999999939e+00	4.906128470000000186e-01	9.210769436999999726e+00	7.033382449000000314e+00
1.723672883999999961e+00	3.631002440000000053e+00	1.205940567100000038e+01	1.723672883999999961e+00	-1.307797039999999966e-01	1.037002350400000061e+01	6.996342394000000020e+00
1.772127573999999983e+00	3.757454114000000178e+00	1.234047593400000054e+01	1.772127573999999983e+00	-4.956493470000000179e-01	1.192382934699999986e+01	6.963649859000000220e+00
1.821944390000000080e+00	3.897819184999999909e+00	1.263091369600000036e+01	1.821944390000000080e+00	-2.664858780000000094e-01	1.392900369200000021e+01	6.932655996000000265e+00
1.873161620000000083e+00	4.053573744999999562e+00	1.292422130899999999e+01	1.873161620000000083e+00	1.205876034000000097e+00	1.604833075799999875e+01	6.899682957999999644e+00
1.925818634000000085e+00	4.221665300999999815e+00	1.321378950199999913e+01	1.925818634000000085e+00	4.173256710999999619e+00	1.684316440099999923e+01	6.861388329999999591e+00
1.979955904999999960e+00	4.394877079999999658e+00	1.349609655399999930e+01	1.979955904999999960e+00	6.639564093999999805e+00	1.507236340899999938e+01	6.816362181999999770e+00
2.035615046000000206e+00	4.564560108000000227e+00	1.377334854699999944e+01	2.035615046000000206e+00	6.697515568000000030e+00	1.260437954300000030e+01	6.766185274999999777e+00
2.092838836999999952e+00	4.725042617999999806e+00	1.405371184999999912e+01	2.092838836999999952e+00	5.323527295999999964e+00	1.125417981200000028e+01	6.715142896999999778e+00
2.151671263999999972e+00	4.877552063999999632e+00	1.434814687100000086e+01	2.151671263999999972e+00	3.667013927999999812e+00	1.102773110599999917e+01	6.668373145000000335e+00
2.212157545999999808e+00	5.031086389999999575e+00	1.466479722599999924e+01	2.212157545999999808e+00	2.104832072000000220e+00	1.157038207199999924e+01	6.629183012000000375e+00
2.274344177000000133e+00	5.198895869000000225e+00	1.500365987600000039e+01	2.274344177000000133e+00	7.113322730000000149e-01	1.272381865500000053e+01	6.596917046999999812e+00
2.338278955999999908e+00	5.391424486000000016e+00	1.535481378499999927e+01	2.338278955999999908e+00	-4.260632440000000076e-01	1.452770312600000047e+01	6.566715979999999675e+00
2.404011023999999885e+00	5.608930952999999775e+00	1.570258901799999940e+01	2.404011023999999885e+00	-9.790477340000000028e-01	1.711551076499999979e+01	6.531829039999999864e+00
2.471590905999999865e+00	5.838903607999999856e+00	1.603526860699999901e+01	2.471590905999999865e+00	-1.453590100000000107e-01	2.029689650699999959e+01	6.487832822999999749e+00
2.541070546999999902e+00	6.062589939999999622e+00	1.635505102300000146e+01	2.541070546999999902e+00	2.702386948000000011e+00	2.258088288100000085e+01	6.436283731999999702e+00
2.612503350999999974e+00	6.268831697000000425e+00	1.667958905200000075e+01	2.612503350999999974e+00	5.755364032000000130e+00	2.228950631900000090e+01	6.384523504999999766e+00
2.685944223999999991e+00	6.465223726999999698e+00	1.703065817799999948e+01	2.685944223999999991e+00	6.836321641999999699e+00	2.096380509900000177e+01	6.340659654999999617e+00
2.761449616000000162e+00	6.675734472000000252e+00	1.741643876899999910e+01	2.761449616000000162e+00	6.684002371000000053e+00	2.054214585800000137e+01	6.306991323000000094e+00
2.839077563000000026e+00	6.923272760999999775e+00	1.782141456000000090e+01	2.839077563000000026e+00	6.672102125000000328e+00	2.114820128999999937e+01	6.277184811999999781e+00
2.918887733000000040e+00	7.208319030000000183e+00	1.821541707700000146e+01	2.918887733000000040e+00	7.496766690000000288e+00	2.195064946500000147e+01	6.240533637000000411e+00
3.000941469999999889e+00	7.503308876000000183e+00	1.858037231500000175e+01	3.000941469999999889e+00	8.696746599000000799e+00	2.190030027799999957e+01	6.191514395999999643e+00
3.085301845000000043e+00	7.775982125999999717e+00	1.893258694700000078e+01	3.085301845000000043e+00	8.958532667000000060e+00	2.121624398100000164e+01	6.136380781999999812e+00
3.172033700000000067e+00	8.025134187000000807e+00	1.931177860800000090e+01	3.172033700000000067e+00	8.150616874000000678e+00	2.131593396299999910e+01	6.088137906000000044e+00
3.261203699999999817e+00	8.288658421999999248e+00	1.973956396899999888e+01	3.261203699999999817e+00	7.421227745000000375e+00	2.299317658000000009e+01	6.052846060000000250e+00
3.352880385999999824e+00	8.606496848000000810e+00	2.018978272100000027e+01	3.352880385999999824e+00	8.441552324999999968e+00	2.603347047800000169e+01	6.021623320999999862e+00
3.447134221999999859e+00	8.971175414999999376e+00	2.061085222599999867e+01	3.447134221999999859e+00	1.285384130899999988e+01	2.787070081499999930e+01	5.979126689000000106e+00
3.544037657000000063e+00	9.327482184999999149e+00	2.098929305700000114e+01	3.544037657000000063e+00	1.698128067400000063e+01	2.459908419399999957e+01	5.922423826000000169e+00
3.643665173000000035e+00	9.641560150000000107e+00	2.137708992399999985e+01	3.643665173000000035e+00	1.613384241600000024e+01	2.076365399100000175e+01	5.866919409000000307e+00
3.746093349000000128e+00	9.956003409999999221e+00	2.182704816900000111e+01	3.746093349000000128e+00	1.384268886699999968e+01	2.007431517499999885e+01	5.826616193999999638e+00
3.851400914000000064e+00	1.033975824800000076e+01	2.231172917099999964e+01	3.851400914000000064e+00	1.282728062800000046e+01	2.121591667199999875e+01	5.793146357000000357e+00
3.959668811999999871e+00	1.078373790899999918e+01	2.275067170999999888e+01	3.959668811999999871e+00	1.345963223799999930e+01	2.203783192599999907e+01	5.745599643000000256e+00
4.070980260999999878e+00	1.120036241799999921e+01	2.313528461199999953e+01	4.070980260999999878e+00	1.380935575700000051e+01	2.134979108699999983e+01	5.682976366000000112e+00
4.185420821000000124e+00	1.156532341700000011e+01	2.355795460399999897e+01	4.185420821000000124e+00	1.250521064299999985e+01	2.102703221100000164e+01	5.628574905999999878e+00
4.303078454000000441e+00	1.197480234100000018e+01	2.405830178500000116e+01	4.303078454000000441e+00	1.103677040400000031e+01	2.245447210000000027e+01	5.590951233000000187e+00
4.424043595999999745e+00	1.248328691000000035e+01	2.453685002199999943e+01	4.424043595999999745e+00	1.094336757499999990e+01	2.489030603000000141e+01	5.546249600000000335e+00
4.548409226000000416e+00	1.298665742700000081e+01	2.492798993699999954e+01	4.548409226000000416e+00	1.210427787899999963e+01	2.664310624100000169e+01	5.480595237000000175e+00
4.676270935999999878e+00	1.341409976899999990e+01	2.534409781500000136e+01	4.676270935999999878e+00	1.280213357400000085e+01	2.786689656400000104e+01	5.419723999000000347e+00
4.807727005000000275e+00	1.389014713599999951e+01	2.585700676700000145e+01	4.807727005000000275e+00	1.383381329400000048e+01	3.038333673500000032e+01	5.378218592999999714e+00
4.942878474999999661e+00	1.448372293100000086e+01	2.632659051599999955e+01	4.942878474999999661e+00	1.775554502800000023e+01	3.263307948700000338e+01	5.326165846000000315e+00
5.081829230000000308e+00	1.503588676600000085e+01	2.669666477399999849e+01	5.081829230000000308e+00	2.209286436300000034e+01	3.100960706700000102e+01	5.253357317999999943e+00
5.224686070999999821e+00	1.551813194500000037e+01	2.714579327199999881e+01	5.224686070999999821e+00	2.379620643799999868e+01	2.868471310500000016e+01	5.195679301000000194e+00
5.371558804000000187e+00	1.612500058799999891e+01	2.766142914699999977e+01	5.371558804000000187e+00	2.537608593699999915e+01	2.604733834600000009e+01	5.149609295000000309e+00
5.522560321000000272e+00	1.678947752499999879e+01	2.804412967300000048e+01	5.522560321000000272e+00	2.398178980699999840e+01	2.225638990199999867e+01	5.078102915999999745e+00
5.677806688000000435e+00	1.733230559800000137e+01	2.842945165300000099e+01	5.677806688000000435e+00	2.042903937299999839e+01	2.204724142799999953e+01	5.007118632000000069e+00
5.837417231999999956e+00	1.795937134500000099e+01	2.894079957900000011e+01	5.837417231999999956e+00	1.933608489899999938e+01	2.436011265400000170e+01	4.957808981000000337e+00
6.001514635999999570e+00	1.870064454099999907e+01	2.932209811899999963e+01	6.001514635999999570e+00	2.003201752300000038e+01	2.494019366099999857e+01	4.885782988999999965e+00
6.170225032000000276e+00	1.930012549799999988e+01	2.967140646400000037e+01	6.170225032000000276e+00	1.874324722700000123e+01	2.553612319400000175e+01	4.808804591000000350e+00
6.343678097999999821e+00	1.998839161800000142e+01	3.016540297499999923e+01	6.343678097999999821e+00	1.891670295600000173e+01	2.859472676500000077e+01	4.755191312000000003e+00
6.522007154999999834e+00	2.078238924900000129e+01	3.049471494200000166e+01	6.522007154999999834e+00	2.140714809099999982e+01	2.949601642400000046e+01	4.675664134999999888e+00
6.705349273999999582e+00	2.141338983600000034e+01	3.084528012599999869e+01	6.705349273999999582e+00	2.190728070400000149e+01	3.020200501100000068e+01	4.600100437000000042e+00
6.893845379000000051e+00	2.221608828900000177e+01	3.129639893399999906e+01	6.893845379000000051e+00	2.545959841199999829e+01	3.114376207800000174e+01	4.539759337999999644e+00
7.087640354999999559e+00	2.299932469999999896e+01	3.153875551799999855e+01	7.087640354999999559e+00	2.587929892300000034e+01	2.737673806999999826e+01	4.449824473999999697e+00
7.286883161000000442e+00	2.370218623399999913e+01	3.194656419300000039e+01	7.286883161000000442e+00	2.373847967200000042e+01	2.865614993000000155e+01	4.384119175000000368e+00
7.491726940999999584e+00	2.461025458199999960e+01	3.224404446199999796e+01	7.491726940999999584e+00	2.523536888399999967e+01	2.925645964099999929e+01	4.303953510000000371e+00
7.702329147000000376e+00	2.531700352300000034e+01	3.250752088699999831e+01	7.702329147000000376e+00	2.352274523799999884e+01	2.994679018200000087e+01	4.220479321000000006e+00
7.918851655000000100e+00	2.622857367399999973e+01	3.286910645300000056e+01	7.918851655000000100e+00	2.570107335300000173e+01	3.365058535800000072e+01	4.150741531999999623e+00
8.141460892999999643e+00	2.701985206199999823e+01	3.302749123899999972e+01	8.141460892999999643e+00	2.766103521599999837e+01	3.304514014600000138e+01	4.056703296000000236e+00
8.370327966999999703e+00	2.789498420299999992e+01	3.338713521500000070e+01	8.370327966999999703e+00	3.051139816699999940e+01	3.543199939400000176e+01	3.988748750000000065e+00
8.605628792999999277e+00	2.876469701999999984e+01	3.349108715700000261e+01	8.605628792999999277e+00	3.345971509900000029e+01	3.206428065800000127e+01	3.891765257999999950e+00
8.847544231000000536e+00	2.962489306499999842e+01	3.381136772800000045e+01	8.847544231000000536e+00	3.431354279199999979e+01	3.202396401699999728e+01	3.821553964000000025e+00
9.096260228000000225e+00	3.053238602500000098e+01	3.387239170099999797e+01	9.096260228000000225e+00	3.426772930300000297e+01	2.912813633900000099e+01	3.723771182000000124e+00
9.351967954999999222e+00	3.141293368899999905e+01	3.414929969599999993e+01	9.351967954999999222e+00	3.490550372900000298e+01	3.084525124800000029e+01	3.651562950000000196e+00
9.614863959999999210e+00	3.231152747600000197e+01	3.416266813400000046e+01	9.614863959999999210e+00	3.507184987000000120e+01	2.826943727800000161e+01	3.553109880000000054e+00
9.885150314000000549e+00	3.325013015399999716e+01	3.438913443199999875e+01	9.885150314000000549e+00	3.620520154199999752e+01	2.961069260000000014e+01	3.478868134999999917e+00
1.016303476899999936e+01	3.409487133399999692e+01	3.437669949499999689e+01	1.016303476899999936e+01	3.574279816399999987e+01	2.771662100400000028e+01	3.382523062999999830e+00
1.044873091900000084e+01	3.511013551100000285e+01	3.450061800099999942e+01	1.044873091900000084e+01	3.701889410199999730e+01	2.679119238199999842e+01	3.301895538000000130e+00
1.074245836000000054e+01	3.590933628999999883e+01	3.453634897399999915e+01	1.074245836000000054e+01	3.431290470900000145e+01	2.732695854299999993e+01	3.214939059000000210e+00
1.104444286100000028e+01	3.691885448800000091e+01	3.448452249000000336e+01	1.104444286100000028e+01	3.474859034400000013e+01	2.701496453500000072e+01	3.122341517999999816e+00
1.135491654099999970e+01	3.780839567299999970e+01	3.458337401800000066e+01	1.135491654099999970e+01	3.507268900900000119e+01	3.050622832099999826e+01	3.045673993999999940e+00
1.167411803999999975e+01	3.865663222700000290e+01	3.446013428199999851e+01	1.167411803999999975e+01	3.596649603200000200e+01	3.022708433700000086e+01	2.951840487000000124e+00
1.200229271000000075e+01	3.966941426199999654e+01	3.440105663100000299e+01	1.200229271000000075e+01	3.980358743499999719e+01	2.933333803600000067e+01	2.866207103999999894e+00
1.233969279599999957e+01	4.052287974800000114e+01	3.440873546600000310e+01	1.233969279599999957e+01	3.980873842199999757e+01	2.909179219299999986e+01	2.788459651000000150e+00
1.268657763899999935e+01	4.135564542699999890e+01	3.422911255599999691e+01	1.268657763899999935e+01	3.790619921500000089e+01	2.725048605799999990e+01	2.698057233000000110e+00
1.304321386700000041e+01	4.232576150399999904e+01	3.406313141500000086e+01	1.304321386700000041e+01	3.836086108800000005e+01	2.721794720899999831e+01	2.611559678999999967e+00
1.340987560399999978e+01	4.322808000300000231e+01	3.399691717299999993e+01	1.340987560399999978e+01	3.918969324500000084e+01	2.956042705300000151e+01	2.535214954999999826e+00
1.378684467999999974e+01	4.401676732899999678e+01	3.384915435399999950e+01	1.378684467999999974e+01	3.915558831700000297e+01	3.028806315199999943e+01	2.455177754000000157e+00
1.417441084800000084e+01	4.484197978299999932e+01	3.359002967899999703e+01	1.417441084800000084e+01	3.952715556599999758e+01	2.935949287700000099e+01	2.369765490999999891e+00
1.457287200600000077e+01	4.573670217099999746e+01	3.333814396399999680e+01	1.457287200600000077e+01	4.048161087300000105e+01	2.905861020300000064e+01	2.287685224000000073e+00
1.498253442699999916e+01	4.661692513599999899e+01	3.313856153999999776e+01	1.498253442699999916e+01	4.253944325399999826e+01	3.007865581600000127e+01	2.211812807999999908e+00
1.540371299100000080e+01	4.743119059899999712e+01	3.294438254199999960e+01	1.540371299100000080e+01	4.408293589099999821e+01	3.085115782700000153e+01	2.138729965000000011e+00
1.583673143400000072e+01	4.819467069899999956e+01	3.270989789699999761e+01	1.583673143400000072e+01	4.487583460500000143e+01	3.021403357100000164e+01	2.065445008999999832e+00
1.628192259000000064e+01	4.893952378000000181e+01	3.242976687099999822e+01	1.628192259000000064e+01	4.416108096600000010e+01	2.919716539999999938e+01	1.991765204000000011e+00
1.673962864900000014e+01	4.968099031700000268e+01	3.212043364400000200e+01	1.673962864900000014e+01	4.343871229300000181e+01	2.883830638099999888e+01	1.918825937999999898e+00
1.721020142200000080e+01	5.041782931899999909e+01	3.179751501999999874e+01	1.721020142200000080e+01	4.335550958000000321e+01	2.880527034400000019e+01	1.847596913000000063e+00
1.769400260800000169e+01	5.114346496600000336e+01	3.146911169999999913e+01	1.769400260800000169e+01	4.328406542999999829e+01	2.888352164000000144e+01	1.778518540999999953e+00
1.819140407700000139e+01	5.185320148800000339e+01	3.113827751499999863e+01	1.819140407700000139e+01	4.333124921800000351e+01	3.005264541700000080e+01	1.711702811999999962e+00
1.870278814799999978e+01	5.254663671000000136e+01	3.080603109000000117e+01	1.870278814799999978e+01	4.452820312800000124e+01	3.123551707400000055e+01	1.647135755999999951e+00
1.922854789299999823e+01	5.322775207800000175e+01	3.047127189300000083e+01	1.922854789299999823e+01	4.613736930599999653e+01	3.159454729999999856e+01	1.584689185000000000e+00
1.976908742799999885e+01	5.390236628800000318e+01	3.012733931700000056e+01	1.976908742799999885e+01	4.716335742500000094e+01	3.206073559699999720e+01	1.523962065999999949e+00
2.032482223499999918e+01	5.456942832400000043e+01	2.975926999800000061e+01	2.032482223499999918e+01	4.899695260099999672e+01	3.267496903400000008e+01	1.464183532000000065e+00
2.089617947099999995e+01	5.520737890200000209e+01	2.935383153000000078e+01	2.089617947099999995e+01	5.125122539200000205e+01	3.222498096799999701e+01	1.404746335000000013e+00
2.148359830300000084e+01	5.577950706699999728e+01	2.893118775399999976e+01	2.148359830300000084e+01	5.276285325599999965e+01	3.094425749899999900e+01	1.346663968999999961e+00
2.208753024399999987e+01	5.629260287000000318e+01	2.855600221799999971e+01	2.208753024399999987e+01	5.330686562399999673e+01	2.959978812399999981e+01	1.292856280999999941e+00
2.270843949900000069e+01	5.683985974899999860e+01	2.824059206700000146e+01	2.270843949900000069e+01	5.383914201399999655e+01	2.903332434100000015e+01	1.243616588999999939e+00
2.334680332199999953e+01	5.744404168700000213e+01	2.785766150599999946e+01	2.334680332199999953e+01	5.470518443200000291e+01	2.786044705200000138e+01	1.193210955999999934e+00
2.400311238400000136e+01	5.793372244100000046e+01	2.740265221399999973e+01	2.400311238400000136e+01	5.380076174500000263e+01	2.643787692000000078e+01	1.141629125999999994e+00
2.467787114900000134e+01	5.837653642200000093e+01	2.708026144400000135e+01	2.467787114900000134e+01	5.293346664199999907e+01	2.772863100900000077e+01	1.097349981000000030e+00
2.537159826199999912e+01	5.893430144199999887e+01	2.669334152700000118e+01	2.537159826199999912e+01	5.492185742699999906e+01	2.805238005900000076e+01	1.052095387999999909e+00
2.608482694799999990e+01	5.931813851700000129e+01	2.627458926599999955e+01	2.608482694799999990e+01	5.458303598599999873e+01	2.717085914300000127e+01	1.007274816000000017e+00
2.681810542099999850e+01	5.981584804300000258e+01	2.595701182399999851e+01	2.681810542099999850e+01	5.616558527299999781e+01	2.798678051399999944e+01	9.678913340000000476e-01
2.757199730800000026e+01	6.018303856699999699e+01	2.552235406899999859e+01	2.757199730800000026e+01	5.619717668199999849e+01	2.640984904200000116e+01	9.256621409999999939e-01
2.834708207899999977e+01	6.065118017799999706e+01	2.519960765500000122e+01	2.834708207899999977e+01	5.786211634600000053e+01	2.629905841500000108e+01	8.889665460000000241e-01
2.914395549199999991e+01	6.096453726299999687e+01	2.482402234199999924e+01	2.914395549199999991e+01	5.654963638600000309e+01	2.496494374299999919e+01	8.517725860000000537e-01
2.996323005500000036e+01	6.139205118999999655e+01	2.442510955399999872e+01	2.996323005500000036e+01	5.662464447400000012e+01	2.365499259499999951e+01	8.151694430000000491e-01
3.080553549300000071e+01	6.175237391999999659e+01	2.413412256799999867e+01	3.080553549300000071e+01	5.565514616699999806e+01	2.535174531799999897e+01	7.834346060000000334e-01
3.167151923500000166e+01	6.203807069100000149e+01	2.377973375299999859e+01	3.167151923500000166e+01	5.483050629800000308e+01	2.618355451000000045e+01	7.508239049999999581e-01
3.256184690799999970e+01	6.236566661100000175e+01	2.339552956700000053e+01	3.256184690799999970e+01	5.569910573100000306e+01	2.669149233299999935e+01	7.184951649999999912e-01
3.347720285199999779e+01	6.270832709999999821e+01	2.305330063899999971e+01	3.347720285199999779e+01	5.761428869600000269e+01	2.715664152900000161e+01	6.886268469999999864e-01
3.441829064499999902e+01	6.302362996499999781e+01	2.274239708600000043e+01	3.441829064499999902e+01	5.961433752199999958e+01	2.737262649799999892e+01	6.607648630000000356e-01
3.538583364099999784e+01	6.331036210399999931e+01	2.243829279399999876e+01	3.538583364099999784e+01	6.087415819200000300e+01	2.637797525199999882e+01	6.341038340000000328e-01
3.638057553200000172e+01	6.357824736199999904e+01	2.213272104300000009e+01	3.638057553200000172e+01	6.097684647300000194e+01	2.521948875700000059e+01	6.083664349999999832e-01
3.740328091399999977e+01	6.382890337999999986e+01	2.182599830199999857e+01	3.740328091399999977e+01	6.006604182400000269e+01	2.468729614300000108e+01	5.835316520000000118e-01
3.845473587600000087e+01	6.405494749599999693e+01	2.152561192099999943e+01	3.845473587600000087e+01	5.970855330799999905e+01	2.524113799499999899e+01	5.597649139999999468e-01
3.953574860700000215e+01	6.425630089700000269e+01	2.125430825899999832e+01	3.953574860700000215e+01	5.985193043200000318e+01	2.613562740400000095e+01	5.375972129999999627e-01
4.064715001500000113e+01	6.447230505800000344e+01	2.102485172100000099e+01	4.064715001500000113e+01	6.112222742299999823e+01	2.709468592500000028e+01	5.172527890000000461e-01
4.178979436499999878e+01	6.472727139900000282e+01	2.076839322400000043e+01	4.178979436499999878e+01	6.352684277499999865e+01	2.660943048600000083e+01	4.969728500000000215e-01
4.296455993600000056e+01	6.490475026699999717e+01	2.047361613500000033e+01	4.296455993600000056e+01	6.382891839300000214e+01	2.422041692799999879e+01	4.765233520000000111e-01
4.417234969799999789e+01	6.507720893600000522e+01	2.028803130700000068e+01	4.417234969799999789e+01	6.293788651100000209e+01	2.399570925600000137e+01	4.592925540000000195e-01
4.541409200399999690e+01	6.528477161099999648e+01	2.001610193899999857e+01	4.541409200399999690e+01	6.278406160200000130e+01	2.317412078399999942e+01	4.407464959999999876e-01
4.669074130399999945e+01	6.543193820300000141e+01	1.984811937799999981e+01	4.669074130399999945e+01	6.188832972899999874e+01	2.454841903999999886e+01	4.250975419999999949e-01
4.800327887899999979e+01	6.558358688500000255e+01	1.959726798100000167e+01	4.800327887899999979e+01	6.212950794000000343e+01	2.453911328599999919e+01	4.082485290000000266e-01
4.935271359600000096e+01	6.577228060999999570e+01	1.941823949200000143e+01	4.935271359600000096e+01	6.351854060099999799e+01	2.556965512100000026e+01	3.934583950000000163e-01
5.074008268099999697e+01	6.590253118500000085e+01	1.926553524399999873e+01	5.074008268099999697e+01	6.432455533300000639e+01	2.636270921799999911e+01	3.796906549999999880e-01
5.216645251900000346e+01	6.601643633099999420e+01	1.909616524300000151e+01	5.216645251900000346e+01	6.518276150200000529e+01	2.604760524499999974e+01	3.660621780000000158e-01
5.363291947100000101e+01	6.613608683200000371e+01	1.893260958600000166e+01	5.363291947100000101e+01	6.589005487299999686e+01	2.514548332000000030e+01	3.530035240000000130e-01
5.514061071999999797e+01	6.625812088399999311e+01	1.878778899799999991e+01	5.514061071999999797e+01	6.605895917700000552e+01	2.442987626500000076e+01	3.407250800000000135e-01
5.669068513500000250e+01	6.638434743999999910e+01	1.865714041900000097e+01	5.669068513500000250e+01	6.626107256199999540e+01	2.441559107899999859e+01	3.291041619999999779e-01
5.828433416099999675e+01	6.650923278099999436e+01	1.851950270900000106e+01	5.828433416099999675e+01	6.713848774000000219e+01	2.426609149700000145e+01	3.177440899999999790e-01
5.992278273800000221e+01	6.659004378699999904e+01	1.838161724600000113e+01	5.992278273800000221e+01	6.748162065399999676e+01	2.325585591200000124e+01	3.067550669999999924e-01
6.160729023900000101e+01	6.666430290700000683e+01	1.831663463499999978e+01	6.160729023900000101e+01	6.708804133799999647e+01	2.311081558100000066e+01	2.973127779999999998e-01
6.333915144099999850e+01	6.678372774300000003e+01	1.820852556599999872e+01	6.333915144099999850e+01	6.725823124599999403e+01	2.276575757699999869e+01	2.874766260000000129e-01
6.511969751799999528e+01	6.683503288800000064e+01	1.815933773000000073e+01	6.511969751799999528e+01	6.673075248000000670e+01	2.375071536700000152e+01	2.788609040000000205e-01
6.695029706500000088e+01	6.691396757299999365e+01	1.806543567599999989e+01	6.695029706500000088e+01	6.754680782399999828e+01	2.344774563300000025e+01	2.698335399999999829e-01
6.883235715099999652e+01	6.700618363200000260e+01	1.802430243299999901e+01	6.883235715099999652e+01	6.854173664200000360e+01	2.348034700199999847e+01	2.618579859999999870e-01
7.076732439799999952e+01	6.707168416700000080e+01	1.800132736699999825e+01	7.076732439799999952e+01	6.888754081000000440e+01	2.372840731399999825e+01	2.543734349999999811e-01
7.275668609599999570e+01	6.712953726499999618e+01	1.797884193399999830e+01	7.275668609599999570e+01	6.936656166999999584e+01	2.367256824100000046e+01	2.471091370000000065e-01
7.480197134300000528e+01	6.718293979199999910e+01	1.795732435100000046e+01	7.480197134300000528e+01	6.984257870400000456e+01	2.320125438799999884e+01	2.400648539999999942e-01
7.690475222300000269e+01	6.721459504300000276e+01	1.794751834399999879e+01	7.690475222300000269e+01	6.971127565800000525e+01	2.276551437499999864e+01	2.333733329999999884e-01
7.906664501299999870e+01	6.724648376300000052e+01	1.798713329599999966e+01	7.906664501299999870e+01	6.977164631799999484e+01	2.317927322199999907e+01	2.274933160000000010e-01
8.128931142700000123e+01	6.731434574300000406e+01	1.800137783499999955e+01	8.128931142700000123e+01	7.080736966099999563e+01	2.280910223300000084e+01	2.214482759999999995e-01
8.357445988999999997e+01	6.732370444299999690e+01	1.805690459699999906e+01	8.357445988999999997e+01	7.059608251999999595e+01	2.280817014899999862e+01	2.160576879999999977e-01
8.592384685400000421e+01	6.735791747000000385e+01	1.808694423800000095e+01	8.592384685400000421e+01	7.103501299600000607e+01	2.196847604899999951e+01	2.104997030000000102e-01
8.833927814700000170e+01	6.739835037999999656e+01	1.815398695800000084e+01	8.833927814700000170e+01	7.147771194199999911e+01	2.159550524599999832e+01	2.055030029999999897e-01
9.082261035999999876e+01	6.742208498899999825e+01	1.823563490100000095e+01	9.082261035999999876e+01	7.151435193899999376e+01	2.127596305799999854e+01	2.007829859999999966e-01
9.337575227799999311e+01	6.743052113400000280e+01	1.832676284900000141e+01	9.337575227799999311e+01	7.122937258100000690e+01	2.093235690299999874e+01	1.962689709999999865e-01
9.600066634099999874e+01	6.743211542800000302e+01	1.844921786200000113e+01	9.600066634099999874e+01	7.081991568700000528e+01	2.106011847499999945e+01	1.921780190000000055e-01
9.869937016000000085e+01	6.746653474800000083e+01	1.857407879000000150e+01	9.869937016000000085e+01	7.114120391100000518e+01	2.107022179499999837e+01	1.881884229999999936e-01
1.014739380590000053e+02	6.744798300899999788e+01	1.870194476100000003e+01	1.014739380590000053e+02	7.044723924999999554e+01	2.090648833399999873e+01	1.843029360000000005e-01
1.043265026760000040e+02	6.746573748599999476e+01	1.884003299000000098e+01	1.043265026760000040e+02	7.054477394600000650e+01	2.080265643299999923e+01	1.805872189999999933e-01
