7.943282299999999962e-02	2.877190999999999863e-03	5.175962010000000335e-01	7.943282299999999962e-02	-1.414050950000000084e-01	3.938276030000000261e-01	6.516150098999999862e+00
8.166578400000000515e-02	3.014844000000000031e-03	5.321487419999999524e-01	8.166578400000000515e-02	-1.442014090000000026e-01	4.056363259999999915e-01	6.516177506000000008e+00
8.396151500000000045e-02	3.160421999999999971e-03	5.471105550000000539e-01	8.396151500000000045e-02	-1.471388230000000019e-01	4.178366880000000116e-01	6.516206310000000279e+00
8.632178299999999915e-02	3.314385999999999895e-03	5.624931579999999931e-01	8.632178299999999915e-02	-1.502234159999999985e-01	4.304442829999999831e-01	6.516236572000000393e+00
8.874840100000000453e-02	3.477224000000000113e-03	5.783083940000000034e-01	8.874840100000000453e-02	-1.534614079999999936e-01	4.434754619999999870e-01	6.516268355000000234e+00
9.124323400000000639e-02	3.649451000000000171e-03	5.945684420000000303e-01	9.124323400000000639e-02	-1.568591589999999980e-01	4.569473729999999900e-01	6.516301721999999685e+00
9.380819999999999437e-02	3.831615999999999928e-03	6.112858199999999798e-01	9.380819999999999437e-02	-1.604231499999999866e-01	4.708780029999999894e-01	6.516336737999999684e+00
9.644527099999999908e-02	4.024296999999999597e-03	6.284734029999999860e-01	9.644527099999999908e-02	-1.641599679999999895e-01	4.852862170000000197e-01	6.516373467000000197e+00
9.915647299999999498e-02	4.228110000000000201e-03	6.461444280000000484e-01	9.915647299999999498e-02	-1.680762929999999877e-01	5.001918029999999904e-01	6.516411974999999579e+00
1.019438909999999948e-01	4.443703999999999710e-03	6.643125029999999986e-01	1.019438909999999948e-01	-1.721788730000000101e-01	5.156155180000000504e-01	6.516452326999999656e+00
1.048096659999999958e-01	4.671769999999999569e-03	6.829916230000000477e-01	1.048096659999999958e-01	-1.764745060000000032e-01	5.315791340000000087e-01	6.516494589999999754e+00
1.077560020000000035e-01	4.913039000000000121e-03	7.021961740000000063e-01	1.077560020000000035e-01	-1.809700099999999867e-01	5.481054840000000317e-01	6.516538827999999839e+00
1.107851640000000054e-01	5.168284000000000419e-03	7.219409500000000257e-01	1.107851640000000054e-01	-1.856721930000000131e-01	5.652185130000000335e-01	6.516585103999999795e+00
1.138994789999999979e-01	5.438326999999999745e-03	7.422411610000000382e-01	1.138994789999999979e-01	-1.905878249999999885e-01	5.829433269999999556e-01	6.516633481000000394e+00
1.171013419999999972e-01	5.724039000000000210e-03	7.631124449999999726e-01	1.171013419999999972e-01	-1.957235950000000002e-01	6.013062409999999636e-01	6.516684017000000217e+00
1.203932139999999984e-01	6.026341999999999637e-03	7.845708810000000533e-01	1.203932139999999984e-01	-2.010860740000000035e-01	6.203348359999999451e-01	6.516736770999999706e+00
1.237776240000000028e-01	6.346214999999999669e-03	8.066330019999999879e-01	1.237776240000000028e-01	-2.066816670000000133e-01	6.400580070000000399e-01	6.516791793000000332e+00
1.272571740000000007e-01	6.684695000000000047e-03	8.293158029999999625e-01	1.272571740000000007e-01	-2.125165639999999911e-01	6.605060130000000029e-01	6.516849130999999851e+00
1.308345389999999997e-01	7.042882000000000309e-03	8.526367609999999653e-01	1.308345389999999997e-01	-2.185966870000000117e-01	6.817105369999999498e-01	6.516908825999999877e+00
1.345124679999999961e-01	7.421943999999999764e-03	8.766138430000000037e-01	1.345124679999999961e-01	-2.249276259999999916e-01	7.037047309999999722e-01	6.516970911999999672e+00
1.382937890000000003e-01	7.823118000000000433e-03	9.012655200000000422e-01	1.382937890000000003e-01	-2.315145779999999986e-01	7.265232710000000260e-01	6.517035414000000415e+00
1.421814080000000091e-01	8.247716999999999896e-03	9.266107850000000479e-01	1.421814080000000091e-01	-2.383622699999999872e-01	7.502024099999999862e-01	6.517102347999999878e+00
1.461783120000000047e-01	8.697132999999999253e-03	9.526691619999999583e-01	1.461783120000000047e-01	-2.454748920000000001e-01	7.747800259999999550e-01	6.517171714999999921e+00
1.502875750000000066e-01	9.172843999999999443e-03	9.794607220000000058e-01	1.502875750000000066e-01	-2.528560029999999959e-01	8.002956759999999559e-01	6.517243504999999715e+00
1.545123549999999901e-01	9.676418000000000866e-03	1.007006102000000070e+00	1.545123549999999901e-01	-2.605084500000000025e-01	8.267906379999999666e-01	6.517317690999999691e+00
1.588558979999999954e-01	1.020951800000000076e-02	1.035326514000000087e+00	1.588558979999999954e-01	-2.684342690000000031e-01	8.543079670000000014e-01	6.517394227999999679e+00
1.633215440000000129e-01	1.077390800000000044e-02	1.064443765000000042e+00	1.633215440000000129e-01	-2.766345800000000188e-01	8.828925309999999804e-01	6.517473049000000351e+00
1.679127260000000121e-01	1.137145999999999990e-02	1.094380268999999961e+00	1.679127260000000121e-01	-2.851094800000000262e-01	9.125910649999999791e-01	6.517554064999999675e+00
1.726329709999999962e-01	1.200416200000000051e-02	1.125159068999999956e+00	1.726329709999999962e-01	-2.938579210000000219e-01	9.434522029999999893e-01	6.517637158000000319e+00
1.774859089999999973e-01	1.267411899999999932e-02	1.156803846999999941e+00	1.774859089999999973e-01	-3.028775839999999775e-01	9.755265239999999505e-01	6.517722181999999975e+00
1.824752689999999955e-01	1.338356899999999967e-02	1.189338945000000036e+00	1.824752689999999955e-01	-3.121647419999999951e-01	1.008866586999999981e+00	6.517808954999999571e+00
1.876048869999999980e-01	1.413488199999999965e-02	1.222789378999999954e+00	1.876048869999999980e-01	-3.217141130000000238e-01	1.043526965000000084e+00	6.517897260999999887e+00
1.928787050000000114e-01	1.493057499999999975e-02	1.257180858999999984e+00	1.928787050000000114e-01	-3.315187010000000267e-01	1.079564275999999934e+00	6.517986836999999589e+00
1.983007760000000119e-01	1.577331599999999903e-02	1.292539805000000097e+00	1.983007760000000119e-01	-3.415696229999999889e-01	1.117037210999999974e+00	6.518077378000000088e+00
2.038752699999999973e-01	1.666593499999999978e-02	1.328893365999999965e+00	2.038752699999999973e-01	-3.518559279999999845e-01	1.156006561000000099e+00	6.518168526000000185e+00
2.096064689999999897e-01	1.761143100000000031e-02	1.366269436000000059e+00	2.096064689999999897e-01	-3.623643870000000100e-01	1.196535233999999948e+00	6.518259867000000263e+00
2.154987800000000009e-01	1.861298299999999961e-02	1.404696672999999896e+00	2.154987800000000009e-01	-3.730792800000000131e-01	1.238688271000000007e+00	6.518350925000000018e+00
2.215567320000000062e-01	1.967396000000000075e-02	1.444204518000000048e+00	2.215567320000000062e-01	-3.839821440000000252e-01	1.282532854999999916e+00	6.518441157999999902e+00
2.277849799999999980e-01	2.079793099999999867e-02	1.484823213999999947e+00	2.277849799999999980e-01	-3.950515130000000208e-01	1.328138309000000072e+00	6.518529949999999573e+00
2.341883130000000091e-01	2.198867399999999972e-02	1.526583824000000034e+00	2.341883130000000091e-01	-4.062626120000000229e-01	1.375576090000000029e+00	6.518616609000000395e+00
2.407716510000000032e-01	2.325018699999999855e-02	1.569518248000000060e+00	2.407716510000000032e-01	-4.175870300000000257e-01	1.424919759000000008e+00	6.518700355000000002e+00
2.475400560000000083e-01	2.458670199999999847e-02	1.613659246999999963e+00	2.475400560000000083e-01	-4.289923460000000244e-01	1.476244944000000059e+00	6.518780322999999655e+00
2.544987300000000063e-01	2.600268899999999897e-02	1.659040456000000052e+00	2.544987300000000063e-01	-4.404417079999999873e-01	1.529629271999999984e+00	6.518855549999999610e+00
2.616530200000000139e-01	2.750287300000000060e-02	1.705696410000000052e+00	2.616530200000000139e-01	-4.518933669999999903e-01	1.585152270000000030e+00	6.518924973999999928e+00
2.690084280000000216e-01	2.909224200000000080e-02	1.753662558999999899e+00	2.690084280000000216e-01	-4.633001409999999987e-01	1.642895224000000098e+00	6.518987427999999973e+00
2.765706050000000249e-01	3.077605900000000144e-02	1.802975291000000091e+00	2.765706050000000249e-01	-4.746088130000000183e-01	1.702940989000000016e+00	6.519041638000000027e+00
2.843453650000000166e-01	3.255986899999999823e-02	1.853671952000000012e+00	2.843453650000000166e-01	-4.857594570000000056e-01	1.765373713000000011e+00	6.519086217999999988e+00
2.923386840000000153e-01	3.444951300000000105e-02	1.905790867000000111e+00	2.923386840000000153e-01	-4.966846719999999937e-01	1.830278483999999928e+00	6.519119674999999781e+00
3.005567049999999796e-01	3.645113600000000204e-02	1.959371360000000006e+00	3.005567049999999796e-01	-5.073087250000000159e-01	1.897740839999999984e+00	6.519140400999999585e+00
3.090057460000000256e-01	3.857119199999999720e-02	2.014453784000000081e+00	3.090057460000000256e-01	-5.175465970000000526e-01	1.967846133999999969e+00	6.519146682999999776e+00
3.176922999999999830e-01	4.081645899999999938e-02	2.071079536000000054e+00	3.176922999999999830e-01	-5.273029259999999496e-01	2.040678692999999821e+00	6.519136708999999641e+00
3.266230450000000007e-01	4.319404100000000246e-02	2.129291089000000081e+00	3.266230450000000007e-01	-5.364708630000000200e-01	2.116320725000000014e+00	6.519108571000000296e+00
3.358048439999999912e-01	4.571137599999999801e-02	2.189132020999999817e+00	3.358048439999999912e-01	-5.449308299999999772e-01	2.194850908999999906e+00	6.519060282999999956e+00
3.452447559999999860e-01	4.837624199999999985e-02	2.250647040000000043e+00	3.452447559999999860e-01	-5.525492319999999458e-01	2.276342587999999889e+00	6.518989797999999780e+00
3.549500360000000243e-01	5.119676000000000088e-02	2.313882022000000038e+00	3.549500360000000243e-01	-5.591771500000000117e-01	2.360861466999999880e+00	6.518895028000000202e+00
3.649281440000000099e-01	5.418140199999999657e-02	2.378884047000000113e+00	3.649281440000000099e-01	-5.646490979999999604e-01	2.448462714000000151e+00	6.518773870999999609e+00
3.751867489999999861e-01	5.733899199999999835e-02	2.445701440000000115e+00	3.751867489999999861e-01	-5.687819379999999869e-01	2.539187334999999823e+00	6.518624245999999900e+00
3.857337379999999927e-01	6.067871100000000323e-02	2.514383818999999853e+00	3.857337379999999927e-01	-5.713741310000000073e-01	2.633057693000000032e+00	6.518444135000000195e+00
3.965772160000000102e-01	6.421010400000000395e-02	2.584982146999999841e+00	3.965772160000000102e-01	-5.722055329999999884e-01	2.730072027999999928e+00	6.518231622000000058e+00
4.077255180000000090e-01	6.794308799999999871e-02	2.657548790999999966e+00	4.077255180000000090e-01	-5.710380710000000359e-01	2.830197867999999950e+00	6.517984955000000191e+00
4.191872130000000030e-01	7.188795800000000180e-02	2.732137589999999783e+00	4.191872130000000030e-01	-5.676176929999999787e-01	2.933364218999999995e+00	6.517702598999999708e+00
4.309711119999999895e-01	7.605540800000000490e-02	2.808803932000000003e+00	4.309711119999999895e-01	-5.616781830000000530e-01	3.039452556000000083e+00	6.517383307000000237e+00
4.430862720000000032e-01	8.045655200000000062e-02	2.887604833000000149e+00	4.430862720000000032e-01	-5.529475160000000278e-01	3.148286720999999844e+00	6.517026182000000389e+00
4.555420040000000004e-01	8.510295299999999508e-02	2.968599036000000080e+00	4.555420040000000004e-01	-5.411576259999999472e-01	3.259622074000000147e+00	6.516630758999999884e+00
4.683478830000000204e-01	9.000666899999999748e-02	3.051847106999999948e+00	4.683478830000000204e-01	-5.260585679999999487e-01	3.373134606999999896e+00	6.516197071999999757e+00
4.815137529999999888e-01	9.518031000000000408e-02	3.137411546000000051e+00	4.815137529999999888e-01	-5.074381100000000533e-01	3.488411129000000166e+00	6.515725727000000411e+00
4.950497320000000201e-01	1.006371159999999987e-01	3.225356903999999858e+00	4.950497320000000201e-01	-4.851476969999999889e-01	3.604942348999999879e+00	6.515217962000000362e+00
5.089662249999999943e-01	1.063910519999999998e-01	3.315749895000000169e+00	5.089662249999999943e-01	-4.591353510000000249e-01	3.722121361000000128e+00	6.514675698999999653e+00
5.232739280000000548e-01	1.124569380000000063e-01	3.408659518999999971e+00	5.232739280000000548e-01	-4.294853330000000247e-01	3.839250901999999854e+00	6.514101572000000395e+00
5.379838399999999909e-01	1.188505960000000028e-01	3.504157168999999961e+00	5.379838399999999909e-01	-3.964630659999999751e-01	3.955563444000000040e+00	6.513498930999999992e+00
5.531072670000000135e-01	1.255890339999999883e-01	3.602316727999999912e+00	5.531072670000000135e-01	-3.605618990000000190e-01	4.070258465000000214e+00	6.512871810000000039e+00
5.686558329999999994e-01	1.326906629999999865e-01	3.703214646000000165e+00	5.686558329999999994e-01	-3.225458399999999726e-01	4.182560689999999859e+00	6.512224847999999788e+00
5.846414890000000142e-01	1.401755369999999890e-01	3.806929983999999934e+00	5.846414890000000142e-01	-2.834796459999999740e-01	4.291801247000000430e+00	6.511563158999999601e+00
6.010765240000000009e-01	1.480656250000000063e-01	3.913544413999999971e+00	6.010765240000000009e-01	-2.447355420000000004e-01	4.397520082999999858e+00	6.510892143000000409e+00
6.179735680000000286e-01	1.563851009999999986e-01	4.023142164000000243e+00	6.179735680000000286e-01	-2.079652140000000093e-01	4.499582822999999898e+00	6.510217221999999637e+00
6.353456100000000051e-01	1.651606389999999980e-01	4.135809895999999597e+00	6.353456100000000051e-01	-1.750279680000000060e-01	4.598299207000000166e+00	6.509543517000000001e+00
6.532060029999999795e-01	1.744216939999999882e-01	4.251636509999999980e+00	6.532060029999999795e-01	-1.478716660000000127e-01	4.694525071000000160e+00	6.508875439999999735e+00
6.715684750000000536e-01	1.842007519999999954e-01	4.370712857000000007e+00	6.715684750000000536e-01	-1.283719530000000109e-01	4.789727855999999839e+00	6.508216244999999844e+00
6.904471399999999592e-01	1.945335189999999881e-01	4.493131377000000093e+00	6.904471399999999592e-01	-1.181451790000000029e-01	4.885998876000000379e+00	6.507567515999999941e+00
7.098565079999999972e-01	2.054590069999999991e-01	4.618985651000000026e+00	7.098565079999999972e-01	-1.183578960000000041e-01	4.986004609000000087e+00	6.506928648999999787e+00
7.298114999999999464e-01	2.170194890000000099e-01	4.748369896999999895e+00	7.298114999999999464e-01	-1.295572100000000060e-01	5.092882061000000071e+00	6.506296350000000395e+00
7.503274519999999503e-01	2.292602860000000076e-01	4.881378449999999702e+00	7.503274519999999503e-01	-1.515396280000000095e-01	5.210095696999999859e+00	6.505664209999999947e+00
7.714201339999999796e-01	2.422293520000000089e-01	5.018105255000000042e+00	7.714201339999999796e-01	-1.832624399999999987e-01	5.341280479999999997e+00	6.505022401999999815e+00
7.931057590000000213e-01	2.559766379999999786e-01	5.158643469000000259e+00	7.931057590000000213e-01	-2.227846840000000106e-01	5.490093808000000131e+00	6.504357594000000020e+00
8.154009960000000445e-01	2.705532350000000030e-01	5.303085242999999949e+00	8.154009960000000445e-01	-2.672093689999999744e-01	5.660087533999999643e+00	6.503653135000000418e+00
8.383229800000000509e-01	2.860103379999999751e-01	5.451521783999999649e+00	8.383229800000000509e-01	-3.125885159999999829e-01	5.854591014000000371e+00	6.502889593999999995e+00
8.618893309999999808e-01	3.023980940000000062e-01	5.604043818000000066e+00	8.618893309999999808e-01	-3.537502370000000229e-01	6.076568197000000282e+00	6.502045694999999625e+00
8.861181639999999859e-01	3.197644579999999737e-01	5.760742515999999647e+00	8.861181639999999859e-01	-3.840152669999999935e-01	6.328374865999999876e+00	6.501099686999999960e+00
9.110281000000000073e-01	3.381542470000000189e-01	5.921710984999999816e+00	9.110281000000000073e-01	-3.947968270000000168e-01	6.611291864000000018e+00	6.500031103999999615e+00
9.366382869999999583e-01	3.576086030000000249e-01	6.087046282000000197e+00	9.366382869999999583e-01	-3.751439529999999745e-01	6.924642812000000092e+00	6.498822831000000022e+00
9.629684090000000252e-01	3.781651400000000107e-01	6.256851893000000331e+00	9.629684090000000252e-01	-3.114399039999999896e-01	7.264232329999999571e+00	6.497463294000000111e+00
9.900387059999999906e-01	3.998590269999999780e-01	6.431240451999999941e+00	9.900387059999999906e-01	-1.877787979999999968e-01	7.619831685000000299e+00	6.495948504000000234e+00
1.017869984000000061e+00	4.227252229999999833e-01	6.610336352000000026e+00	1.017869984000000061e+00	1.192539100000000046e-02	7.971704238000000053e+00	6.494283606999999847e+00
1.046483636000000050e+00	4.468019529999999739e-01	6.794277770999999966e+00	1.046483636000000050e+00	2.984639319999999874e-01	8.287151801000000262e+00	6.492483531999999613e+00
1.075901653999999930e+00	4.721353130000000009e-01	6.983217515999999847e+00	1.075901653999999930e+00	6.671700289999999978e-01	8.520252523999999994e+00	6.490572338999999857e+00
1.106146652000000064e+00	4.987846069999999910e-01	7.177322067000000416e+00	1.106146652000000064e+00	1.085065594000000022e+00	8.620512701999999194e+00	6.488580927000000109e+00
1.137241874999999958e+00	5.268277120000000036e-01	7.376768324999999571e+00	1.137241874999999958e+00	1.484724767999999973e+00	8.554436872000000136e+00	6.486543000000000170e+00
1.169211226000000048e+00	5.563654009999999817e-01	7.581737820999999933e+00	1.169211226000000048e+00	1.778719584999999936e+00	8.331926382000000686e+00	6.484489415999999729e+00
1.202079276999999946e+00	5.875233629999999652e-01	7.792408617000000426e+00	1.202079276999999946e+00	1.895239137999999990e+00	8.014657042999999703e+00	6.482441520000000068e+00
1.235871291999999899e+00	6.204505999999999633e-01	8.008945821999999382e+00	1.235871291999999899e+00	1.809757438999999968e+00	7.692222011000000137e+00	6.480404451000000066e+00
1.270613243999999975e+00	6.553131960000000422e-01	8.231492356000000399e+00	1.270613243999999975e+00	1.546534620999999943e+00	7.444137426000000168e+00	6.478361839999999816e+00
1.306331837999999967e+00	6.922832159999999790e-01	8.460162325000000649e+00	1.306331837999999967e+00	1.154749162999999967e+00	7.317853286000000068e+00	6.476273544999999743e+00
1.343054527999999914e+00	7.315236809999999812e-01	8.695039730999999605e+00	1.343054527999999914e+00	6.834489969999999470e-01	7.330681399999999570e+00	6.474077967000000378e+00
1.380809541000000085e+00	7.731721660000000496e-01	8.936184993999999548e+00	1.380809541000000085e+00	1.693062780000000045e-01	7.483321969000000351e+00	6.471699917999999663e+00
1.419625896000000109e+00	8.173271810000000137e-01	9.183650574999999705e+00	1.419625896000000109e+00	-3.641160909999999751e-01	7.772938472999999959e+00	6.469063854999999919e+00
1.459533430000000020e+00	8.640425900000000548e-01	9.437504712000000850e+00	1.459533430000000020e+00	-9.013599770000000344e-01	8.201854185000000186e+00	6.466110687999999662e+00
1.500562817000000049e+00	9.133351509999999562e-01	9.697859104000000841e+00	1.500562817000000049e+00	-1.427543001999999950e+00	8.782698569000000788e+00	6.462814482999999832e+00
1.542745593000000026e+00	9.652081110000000352e-01	9.964893028000000541e+00	1.542745593000000026e+00	-1.917846374000000020e+00	9.541161481999999694e+00	6.459193969000000202e+00
1.586114180999999901e+00	1.019689269999999981e+00	1.023886410100000077e+01	1.586114180999999901e+00	-2.320544228999999792e+00	1.051450200000000024e+01	6.455313381999999933e+00
1.630701917999999973e+00	1.076875728000000088e+00	1.052009644500000007e+01	1.630701917999999973e+00	-2.529247228000000014e+00	1.173548230599999975e+01	6.451268824999999651e+00
1.676543072999999939e+00	1.136971213999999897e+00	1.080894166899999931e+01	1.676543072999999939e+00	-2.352730755000000062e+00	1.317307993600000060e+01	6.447160135999999930e+00
1.723672883999999961e+00	1.200298493000000022e+00	1.110571720099999915e+01	1.723672883999999961e+00	-1.554164133000000003e+00	1.459536752800000059e+01	6.443053844999999669e+00
1.772127573999999983e+00	1.267272007999999950e+00	1.141063836900000084e+01	1.772127573999999983e+00	-1.284177539999999951e-01	1.547188394400000000e+01	6.438948603000000048e+00
1.821944390000000080e+00	1.338326928000000082e+00	1.172377098900000014e+01	1.821944390000000080e+00	1.334282101000000109e+00	1.536285947700000065e+01	6.434757863999999827e+00
1.873161620000000083e+00	1.413819565000000056e+00	1.204503411900000032e+01	1.873161620000000083e+00	2.065963451000000006e+00	1.457775086000000009e+01	6.430322929999999992e+00
1.925818634000000085e+00	1.493935411000000046e+00	1.237427172599999992e+01	1.925818634000000085e+00	1.928403767999999907e+00	1.384085821000000038e+01	6.425460583999999642e+00
1.979955904999999960e+00	1.578654444000000101e+00	1.271138490200000071e+01	1.979955904999999960e+00	1.255037249999999993e+00	1.357138608900000065e+01	6.420034338999999868e+00
2.035615046000000206e+00	1.667815502000000061e+00	1.305647876199999935e+01	2.035615046000000206e+00	3.732327500000000020e-01	1.386513828900000078e+01	6.414021545999999852e+00
2.092838836999999952e+00	1.761283879000000052e+00	1.340994766500000068e+01	2.092838836999999952e+00	-4.965117640000000221e-01	1.473486148499999970e+01	6.407539572000000128e+00
2.151671263999999972e+00	1.859165297999999966e+00	1.377242404699999945e+01	2.151671263999999972e+00	-1.128602923000000091e+00	1.622275502999999830e+01	6.400803078000000035e+00
2.212157545999999808e+00	1.961953529000000085e+00	1.414456823599999957e+01	2.212157545999999808e+00	-1.115982267999999999e+00	1.833925002000000148e+01	6.394014864999999936e+00
2.274344177000000133e+00	2.070491302999999839e+00	1.452677166299999989e+01	2.274344177000000133e+00	2.258592859999999924e-01	2.067616055699999933e+01	6.387235408999999642e+00
2.338278955999999908e+00	2.185698190000000096e+00	1.491893867199999946e+01	2.338278955999999908e+00	3.111273410999999989e+00	2.179210869799999983e+01	6.380307463000000290e+00
2.404011023999999885e+00	2.308166281000000097e+00	1.532053121699999920e+01	2.404011023999999885e+00	5.719176059999999673e+00	2.050061789100000098e+01	6.372903895000000318e+00
2.471590905999999865e+00	2.437871917999999916e+00	1.573094664799999975e+01	2.471590905999999865e+00	6.211561707000000432e+00	1.830349610200000043e+01	6.364704857999999632e+00
2.541070546999999902e+00	2.574275467000000095e+00	1.615006436999999906e+01	2.541070546999999902e+00	5.177871938000000007e+00	1.695465135199999906e+01	6.355614325000000342e+00
2.612503350999999974e+00	2.716880256000000049e+00	1.657857682799999921e+01	2.612503350999999974e+00	3.682157628000000127e+00	1.672770593999999988e+01	6.345858587999999578e+00
2.685944223999999991e+00	2.865946142999999946e+00	1.701773376599999921e+01	2.685944223999999991e+00	2.239416476999999794e+00	1.739356358299999883e+01	6.335847786000000426e+00
2.761449616000000162e+00	3.022771083999999941e+00	1.746850582200000090e+01	2.761449616000000162e+00	1.082625307000000037e+00	1.876931449299999954e+01	6.325846294999999841e+00
2.839077563000000026e+00	3.189110746999999968e+00	1.793073840299999944e+01	2.839077563000000026e+00	4.196459280000000014e-01	2.072528153700000075e+01	6.315691629999999890e+00
2.918887733000000040e+00	3.365985679000000008e+00	1.840313022599999826e+01	2.918887733000000040e+00	4.895884649999999727e-01	2.304654738900000055e+01	6.304843457999999679e+00
3.000941469999999889e+00	3.552886151000000048e+00	1.888437181300000134e+01	3.000941469999999889e+00	1.428185687999999898e+00	2.533948303100000032e+01	6.292815771999999974e+00
3.085301845000000043e+00	3.748399194000000101e+00	1.937463636700000080e+01	3.085301845000000043e+00	3.087732926999999794e+00	2.715879531499999899e+01	6.279656689000000291e+00
3.172033700000000067e+00	3.952073068999999883e+00	1.987583526499999920e+01	3.172033700000000067e+00	5.078445941000000019e+00	2.824570927199999915e+01	6.265959678999999838e+00
3.261203699999999817e+00	4.165726148000000073e+00	2.038986884999999916e+01	3.261203699999999817e+00	6.931629757999999697e+00	2.862065305799999848e+01	6.252252458000000068e+00
3.352880385999999824e+00	4.392345229000000018e+00	2.091634765699999932e+01	3.352880385999999824e+00	8.275359756000000289e+00	2.864601714599999838e+01	6.238322055000000255e+00
3.447134221999999859e+00	4.633154560999999561e+00	2.145259813599999887e+01	3.447134221999999859e+00	9.177924189000000510e+00	2.891030528599999982e+01	6.223313847000000010e+00
3.544037657000000063e+00	4.886248926999999576e+00	2.199677140100000017e+01	3.544037657000000063e+00	1.027175705199999989e+01	2.969984547900000038e+01	6.206697991000000414e+00
3.643665173000000035e+00	5.149344193000000125e+00	2.255065657400000134e+01	3.643665173000000035e+00	1.225422359599999922e+01	3.046218605600000018e+01	6.189003517999999815e+00
3.746093349000000128e+00	5.423922274999999793e+00	2.311780333400000131e+01	3.746093349000000128e+00	1.477044322100000073e+01	3.005495095199999867e+01	6.171176524999999913e+00
3.851400914000000064e+00	5.714658234999999920e+00	2.369830386599999983e+01	3.851400914000000064e+00	1.637380799299999978e+01	2.859901492999999917e+01	6.153164626999999776e+00
3.959668811999999871e+00	6.023462864999999944e+00	2.428775240199999885e+01	3.959668811999999871e+00	1.707713961099999977e+01	2.757673364700000107e+01	6.133783797999999621e+00
4.070980260999999878e+00	6.346649561000000439e+00	2.488360988100000171e+01	4.070980260999999878e+00	1.842405158600000092e+01	2.690440312200000150e+01	6.112436878999999657e+00
4.185420821000000124e+00	6.681433840999999596e+00	2.548990464499999931e+01	4.185420821000000124e+00	2.019271043699999879e+01	2.441401997699999882e+01	6.090165298999999699e+00
4.303078454000000441e+00	7.032512114000000203e+00	2.611077930000000080e+01	4.303078454000000441e+00	1.913118101299999907e+01	2.042855045900000022e+01	6.067930106000000379e+00
4.424043595999999745e+00	7.405715093000000415e+00	2.674204981400000136e+01	4.424043595999999745e+00	1.540603693399999941e+01	1.859254828399999937e+01	6.044707569999999919e+00
4.548409226000000416e+00	7.797722455999999802e+00	2.737755492899999865e+01	4.548409226000000416e+00	1.169319096599999952e+01	1.940674952599999870e+01	6.019149459000000313e+00
4.676270935999999878e+00	8.202736585000000247e+00	2.802126302899999999e+01	4.676270935999999878e+00	9.046345648000000850e+00	2.181711522999999886e+01	5.992224021000000178e+00
4.807727005000000275e+00	8.626346085999999858e+00	2.867973476799999943e+01	4.807727005000000275e+00	7.683681587999999785e+00	2.501668690400000017e+01	5.965341780000000149e+00
4.942878474999999661e+00	9.076367208000000630e+00	2.934667087100000060e+01	4.942878474999999661e+00	7.425721350999999970e+00	2.848402584400000137e+01	5.937162125000000401e+00
5.081829230000000308e+00	9.546189461000000875e+00	3.001470565099999988e+01	5.081829230000000308e+00	8.283213740000000769e+00	3.236431137600000341e+01	5.906279864000000046e+00
5.224686070999999821e+00	1.003045839800000039e+01	3.069243520899999922e+01	5.224686070999999821e+00	1.144405605300000062e+01	3.600334602499999903e+01	5.874503232000000352e+00
5.371558804000000187e+00	1.054093426300000047e+01	3.138356804800000077e+01	5.371558804000000187e+00	1.581899838200000019e+01	3.659201381700000155e+01	5.842543885999999631e+00
5.522560321000000272e+00	1.107957965099999953e+01	3.207471007600000235e+01	5.522560321000000272e+00	1.783041005400000145e+01	3.580574676599999862e+01	5.807942007000000295e+00
5.677806688000000435e+00	1.163352349500000038e+01	3.276824696799999970e+01	5.677806688000000435e+00	1.976018264600000052e+01	3.643848575900000242e+01	5.771286126999999766e+00
5.837417231999999956e+00	1.221184169900000072e+01	3.347585930500000018e+01	5.837417231999999956e+00	2.318939359799999878e+01	3.554955748100000079e+01	5.734703889999999582e+00
6.001514635999999570e+00	1.282357422499999977e+01	3.418297357499999833e+01	6.001514635999999570e+00	2.454019655999999827e+01	3.260220772600000316e+01	5.695724436999999973e+00
6.170225032000000276e+00	1.345202824499999927e+01	3.488766695199999646e+01	6.170225032000000276e+00	2.384656269199999912e+01	3.048412843399999872e+01	5.654196852000000106e+00
6.343678097999999821e+00	1.410639450300000064e+01	3.560553210399999813e+01	6.343678097999999821e+00	2.186451560800000138e+01	2.954839767100000003e+01	5.612758333000000377e+00
6.522007154999999834e+00	1.479658549200000017e+01	3.631803714699999830e+01	6.522007154999999834e+00	1.947517537299999901e+01	3.139618906899999828e+01	5.568536844999999680e+00
6.705349273999999582e+00	1.550221299600000080e+01	3.702781603700000090e+01	6.705349273999999582e+00	2.014196586399999944e+01	3.559363484899999719e+01	5.522130843000000233e+00
6.893845379000000051e+00	1.624143116600000170e+01	3.774784647700000306e+01	6.893845379000000051e+00	2.457428067100000035e+01	3.736208022499999970e+01	5.475586468999999568e+00
7.087640354999999559e+00	1.701187050800000122e+01	3.845318001999999780e+01	7.087640354999999559e+00	2.824287609900000007e+01	3.553774911000000003e+01	5.425385332000000282e+00
7.286883161000000442e+00	1.779963745899999950e+01	3.916355434799999813e+01	7.286883161000000442e+00	2.934739974800000084e+01	3.171199481900000094e+01	5.374527556000000317e+00
7.491726940999999584e+00	1.863035347699999988e+01	3.986916046399999658e+01	7.491726940999999584e+00	2.671635156199999983e+01	2.975148170800000003e+01	5.321758358000000300e+00
7.702329147000000376e+00	1.947709050699999977e+01	4.056169230700000128e+01	7.702329147000000376e+00	2.528419873500000037e+01	3.083218782100000155e+01	5.266159305000000401e+00
7.918851655000000100e+00	2.036135360500000147e+01	4.125994526200000223e+01	7.918851655000000100e+00	2.465886694499999976e+01	3.107034124100000128e+01	5.210344511999999817e+00
8.141460892999999643e+00	2.127183065599999878e+01	4.193411796000000180e+01	8.141460892999999643e+00	2.311544964899999854e+01	3.264002046200000251e+01	5.150687143999999940e+00
8.370327966999999703e+00	2.220935301300000120e+01	4.261448205500000341e+01	8.370327966999999703e+00	2.316508725499999954e+01	3.552427412899999837e+01	5.091136479000000215e+00
8.605628792999999277e+00	2.318199579899999918e+01	4.326780164600000234e+01	8.605628792999999277e+00	2.536689905300000092e+01	3.840448205999999942e+01	5.027848944999999681e+00
8.847544231000000536e+00	2.417493709200000040e+01	4.392288658599999707e+01	8.847544231000000536e+00	2.902468381899999983e+01	3.799514815999999939e+01	4.964415598000000429e+00
9.096260228000000225e+00	2.520631399399999850e+01	4.454912073399999883e+01	9.096260228000000225e+00	2.974618067500000151e+01	3.627721006299999829e+01	4.897520476999999595e+00
9.351967954999999222e+00	2.625610322600000046e+01	4.517388731599999829e+01	9.351967954999999222e+00	2.848272347099999990e+01	3.515214340299999662e+01	4.830415109999999679e+00
9.614863959999999210e+00	2.734194369400000113e+01	4.576532861199999758e+01	9.614863959999999210e+00	2.665845163499999870e+01	3.793013025300000152e+01	4.759851913000000323e+00
9.885150314000000549e+00	2.844960360099999974e+01	4.635456716400000232e+01	9.885150314000000549e+00	2.858110458899999884e+01	4.092842206600000310e+01	4.689313333000000306e+00
1.016303476899999936e+01	2.958386908599999998e+01	4.690523386299999942e+01	1.016303476899999936e+01	3.207462141300000269e+01	4.336522837100000061e+01	4.615278303000000193e+00
1.044873091900000084e+01	3.074990166099999911e+01	4.745007637399999822e+01	1.044873091900000084e+01	3.669860464500000319e+01	4.067717379900000196e+01	4.541228666000000302e+00
1.074245836000000054e+01	3.192743240600000121e+01	4.795950415800000144e+01	1.074245836000000054e+01	3.640509277900000029e+01	3.701070680099999777e+01	4.464481271999999556e+00
1.104444286100000028e+01	3.314523162399999734e+01	4.844617371700000064e+01	1.104444286100000028e+01	3.290635625899999894e+01	3.638454763200000031e+01	4.386475110000000122e+00
1.135491654099999970e+01	3.437094936100000098e+01	4.891459142499999757e+01	1.135491654099999970e+01	3.084679377599999839e+01	3.926681759899999946e+01	4.307789603999999883e+00
1.167411803999999975e+01	3.562142469399999811e+01	4.933946482099999997e+01	1.167411803999999975e+01	3.178163069600000057e+01	4.462576797799999895e+01	4.226397630000000127e+00
1.200229271000000075e+01	3.690059550200000160e+01	4.974713969900000166e+01	1.200229271000000075e+01	3.677045844900000304e+01	4.707333793600000149e+01	4.144803072000000199e+00
1.233969279599999957e+01	3.818328414399999815e+01	5.012567246199999715e+01	1.233969279599999957e+01	4.161591065500000042e+01	4.485213157399999773e+01	4.062149137999999660e+00
1.268657763899999935e+01	3.948680603399999711e+01	5.045994599000000136e+01	1.268657763899999935e+01	4.153786538699999653e+01	4.316937772299999665e+01	3.977427753000000177e+00
1.304321386700000041e+01	4.081452782200000229e+01	5.076936862000000161e+01	1.304321386700000041e+01	4.114816006099999868e+01	4.435155926000000193e+01	3.892397159999999801e+00
1.340987560399999978e+01	4.214627097300000003e+01	5.105253631600000119e+01	1.340987560399999978e+01	4.494181479400000256e+01	4.565835660300000143e+01	3.807085004000000161e+00
1.378684467999999974e+01	4.348299599100000279e+01	5.129328423199999776e+01	1.378684467999999974e+01	4.909159228000000041e+01	4.282800135200000113e+01	3.720451301000000210e+00
1.417441084800000084e+01	4.483544966499999873e+01	5.149378784900000028e+01	1.417441084800000084e+01	4.796552253600000171e+01	3.910617373299999855e+01	3.632869712000000195e+00
1.457287200600000077e+01	4.620027096399999778e+01	5.166393177900000211e+01	1.457287200600000077e+01	4.501874367300000301e+01	3.973311939300000262e+01	3.545212760000000074e+00
1.498253442699999916e+01	4.756731629800000150e+01	5.180400643200000133e+01	1.498253442699999916e+01	4.516936021299999737e+01	4.227380291000000057e+01	3.457626390999999799e+00
1.540371299100000080e+01	4.893212792399999955e+01	5.190825098700000240e+01	1.540371299100000080e+01	4.881463270500000107e+01	4.297286014000000165e+01	3.369853165999999955e+00
1.583673143400000072e+01	5.029548230700000033e+01	5.197341382799999820e+01	1.583673143400000072e+01	5.029173810700000047e+01	4.137362968000000052e+01	3.281827063999999794e+00
1.628192259000000064e+01	5.165814116199999972e+01	5.200017684299999843e+01	1.628192259000000064e+01	5.080300892599999685e+01	4.159775125699999876e+01	3.193736891999999994e+00
1.673962864900000014e+01	5.301878614299999981e+01	5.199055534499999709e+01	1.673962864900000014e+01	5.276282700400000181e+01	4.107241225300000309e+01	3.105836839999999821e+00
1.721020142200000080e+01	5.437480117500000176e+01	5.194609923000000151e+01	1.721020142200000080e+01	5.397428745399999883e+01	3.972831481099999706e+01	3.018331857999999812e+00
1.769400260800000169e+01	5.572340589600000271e+01	5.186771008699999896e+01	1.769400260800000169e+01	5.335543516599999947e+01	3.808698956900000354e+01	2.931372355000000152e+00
1.819140407700000139e+01	5.706218396900000300e+01	5.175607773400000156e+01	1.819140407700000139e+01	5.340445287699999710e+01	3.821389158800000274e+01	2.845084277999999856e+00
1.870278814799999978e+01	5.838920796600000074e+01	5.161200570900000173e+01	1.870278814799999978e+01	5.301450360700000175e+01	3.671537636200000065e+01	2.759588853999999980e+00
1.922854789299999823e+01	5.970308132400000289e+01	5.143639060800000351e+01	1.922854789299999823e+01	5.117469071800000080e+01	3.662889003299999757e+01	2.675001299999999915e+00
1.976908742799999885e+01	6.100286185699999919e+01	5.122979989099999898e+01	1.976908742799999885e+01	4.921503266199999871e+01	3.866286587100000105e+01	2.591409445000000034e+00
2.032482223499999918e+01	6.228737987200000248e+01	5.099187390899999883e+01	2.032482223499999918e+01	4.955625667599999673e+01	4.171306098699999865e+01	2.508847226999999958e+00
2.089617947099999995e+01	6.355359717000000330e+01	5.072171686499999765e+01	2.089617947099999995e+01	5.117182088700000264e+01	4.511917652999999717e+01	2.427320120000000081e+00
2.148359830300000084e+01	6.479587965000000338e+01	5.042102849999999847e+01	2.148359830300000084e+01	5.557319904399999899e+01	4.724605848400000241e+01	2.346954536999999785e+00
2.208753024399999987e+01	6.601103048299999898e+01	5.009741829499999710e+01	2.208753024399999987e+01	6.049872166000000107e+01	4.556906346699999943e+01	2.268131282000000137e+00
2.270843949900000069e+01	6.720611026100000629e+01	4.975694716900000003e+01	2.270843949900000069e+01	6.134820534600000030e+01	4.143337527599999959e+01	2.191121374999999816e+00
2.334680332199999953e+01	6.838682942299999468e+01	4.938979939600000080e+01	2.334680332199999953e+01	5.870045039000000031e+01	4.020871517399999817e+01	2.115484449999999850e+00
2.400311238400000136e+01	6.953590789700000130e+01	4.899081633699999827e+01	2.400311238400000136e+01	5.701820523699999654e+01	4.318818436000000105e+01	2.041019329000000049e+00
2.467787114900000134e+01	7.065157862200000238e+01	4.858371821499999754e+01	2.467787114900000134e+01	5.965887725799999686e+01	4.754431422799999751e+01	1.968715937000000027e+00
2.537159826199999912e+01	7.175577943700000105e+01	4.815661955499999891e+01	2.537159826199999912e+01	6.611943141499999399e+01	4.856507963499999647e+01	1.898052265000000016e+00
2.608482694799999990e+01	7.281830637100000558e+01	4.770423034299999898e+01	2.608482694799999990e+01	7.152185622300000034e+01	4.374175734800000015e+01	1.828811455999999946e+00
2.681810542099999850e+01	7.386245896299999458e+01	4.725123144599999847e+01	2.681810542099999850e+01	7.014979534200000444e+01	3.760444472799999716e+01	1.761915343999999939e+00
2.757199730800000026e+01	7.487078827099999501e+01	4.676916393199999789e+01	2.757199730800000026e+01	6.654495055200000309e+01	3.695821558299999765e+01	1.696255929999999967e+00
2.834708207899999977e+01	7.585851730500000656e+01	4.629037557099999844e+01	2.834708207899999977e+01	6.502809818599999403e+01	3.864502162499999827e+01	1.632985555000000089e+00
2.914395549199999991e+01	7.680490699199999938e+01	4.579136660100000000e+01	2.914395549199999991e+01	6.609012489399999879e+01	4.059382526600000318e+01	1.571213167000000022e+00
2.996323005500000036e+01	7.773622571699999639e+01	4.528540675299999663e+01	2.996323005500000036e+01	6.795472001500000658e+01	4.108191737500000329e+01	1.511365987000000022e+00
3.080553549300000071e+01	7.862960725000000650e+01	4.478172427399999833e+01	3.080553549300000071e+01	6.917729839999999797e+01	4.039768265499999700e+01	1.453690823999999937e+00
3.167151923500000166e+01	7.948963362700000346e+01	4.426393657900000278e+01	3.167151923500000166e+01	7.079884121199999925e+01	4.048223145600000095e+01	1.397594358000000092e+00
3.256184690799999970e+01	8.032742744200000118e+01	4.374054839699999775e+01	3.256184690799999970e+01	7.169026426700000343e+01	3.987610701500000232e+01	1.343306738999999972e+00
3.347720285199999779e+01	8.113818678900000236e+01	4.321965777799999842e+01	3.347720285199999779e+01	7.252036227600000018e+01	3.886741733299999879e+01	1.291017590999999909e+00
3.441829064499999902e+01	8.191801578700000164e+01	4.270026314799999767e+01	3.441829064499999902e+01	7.260437887800000567e+01	3.827907649499999820e+01	1.240627072000000108e+00
3.538583364099999784e+01	8.266779724399999907e+01	4.218108401899999649e+01	3.538583364099999784e+01	7.261180417200000647e+01	3.719842347600000210e+01	1.192033072999999943e+00
3.638057553200000172e+01	8.338913169600000685e+01	4.166280401499999897e+01	3.638057553200000172e+01	7.229288936899999385e+01	3.803383552199999684e+01	1.145193648000000008e+00
3.740328091399999977e+01	8.408255358899999976e+01	4.114671717800000295e+01	3.740328091399999977e+01	7.271217138000000091e+01	3.896480671999999856e+01	1.100083098999999898e+00
3.845473587600000087e+01	8.474746267700000146e+01	4.063459448500000093e+01	3.845473587600000087e+01	7.510040008100000364e+01	3.959769625399999882e+01	1.056686350000000107e+00
3.953574860700000215e+01	8.538367861099999345e+01	4.013006489299999657e+01	3.953574860700000215e+01	7.687209468999999729e+01	3.897574926899999781e+01	1.015032377000000041e+00
4.064715001500000113e+01	8.599573462700000448e+01	3.963671373399999709e+01	4.064715001500000113e+01	7.809226581599999406e+01	3.701187366199999929e+01	9.751412760000000013e-01
4.178979436499999878e+01	8.658877909900000702e+01	3.914854062599999907e+01	4.178979436499999878e+01	7.782626075599999638e+01	3.535925194299999674e+01	9.367966800000000482e-01
4.296455993600000056e+01	8.715070038899999361e+01	3.866209991600000251e+01	4.296455993600000056e+01	7.679148590799999852e+01	3.528352702800000174e+01	8.998602559999999695e-01
4.417234969799999789e+01	8.768629606599999704e+01	3.819668142999999816e+01	4.417234969799999789e+01	7.650275775400000100e+01	3.605042984100000325e+01	8.647192569999999634e-01
4.541409200399999690e+01	8.820569839300000581e+01	3.773225215299999746e+01	4.541409200399999690e+01	7.744332800700000519e+01	3.714320083500000180e+01	8.308489829999999854e-01
4.669074130399999945e+01	8.869402166999999793e+01	3.728858530200000132e+01	4.669074130399999945e+01	7.943504364099999293e+01	3.688124473399999914e+01	7.986291129999999461e-01
4.800327887899999979e+01	8.916376692299999718e+01	3.684697865700000108e+01	4.800327887899999979e+01	8.040382701199999360e+01	3.559669659600000102e+01	7.675929540000000495e-01
4.935271359600000096e+01	8.961554260900000202e+01	3.642636375499999701e+01	4.935271359600000096e+01	7.967797859099999869e+01	3.422222942799999856e+01	7.380822879999999753e-01
5.074008268099999697e+01	9.004025414400000216e+01	3.602001747700000323e+01	5.074008268099999697e+01	7.863225111399999889e+01	3.450572216199999787e+01	7.098927630000000377e-01
5.216645251900000346e+01	9.044427398599999890e+01	3.562465574800000212e+01	5.216645251900000346e+01	7.872419683900000109e+01	3.618603555400000005e+01	6.829035530000000520e-01
5.363291947100000101e+01	9.083022516200000496e+01	3.524388973199999953e+01	5.363291947100000101e+01	8.039693105899999637e+01	3.750083012200000354e+01	6.571316659999999477e-01
5.514061071999999797e+01	9.119806844800000079e+01	3.487964182500000021e+01	5.514061071999999797e+01	8.272175740999999505e+01	3.720767950799999824e+01	6.325581340000000496e-01
5.669068513500000250e+01	9.154873527300000546e+01	3.453190699599999647e+01	5.669068513500000250e+01	8.376998511600000086e+01	3.576161292199999764e+01	6.091284120000000080e-01
5.828433416099999675e+01	9.188262344899999334e+01	3.419856290399999921e+01	5.828433416099999675e+01	8.373079622400000233e+01	3.496228360500000321e+01	5.867539429999999445e-01
5.992278273800000221e+01	9.219519291500000691e+01	3.387994359399999666e+01	5.992278273800000221e+01	8.397211400700000183e+01	3.501711221099999705e+01	5.653933620000000104e-01
6.160729023900000101e+01	9.248990968100000032e+01	3.358574889500000182e+01	6.160729023900000101e+01	8.497612004200000513e+01	3.480052435999999716e+01	5.451586779999999521e-01
6.333915144099999850e+01	9.277566581700000370e+01	3.330381923899999919e+01	6.333915144099999850e+01	8.537425571100000354e+01	3.402325545000000062e+01	5.258014749999999626e-01
6.511969751799999528e+01	9.303779678099999728e+01	3.304423878099999712e+01	6.511969751799999528e+01	8.565398629400000630e+01	3.344530957700000329e+01	5.074384560000000377e-01
6.695029706500000088e+01	9.328995595700000365e+01	3.279701403699999673e+01	6.695029706500000088e+01	8.564656679499999825e+01	3.323204550199999829e+01	4.898710760000000164e-01
6.883235715099999652e+01	9.352918127600000275e+01	3.257357943899999952e+01	6.883235715099999652e+01	8.554007488300000261e+01	3.290841147599999772e+01	4.732306259999999876e-01
7.076732439799999952e+01	9.375190217799999459e+01	3.236944850500000115e+01	7.076732439799999952e+01	8.573736544599999831e+01	3.263503836600000341e+01	4.574067030000000256e-01
7.275668609599999570e+01	9.396112238199999922e+01	3.218315451600000188e+01	7.275668609599999570e+01	8.492876585800000555e+01	3.265480300800000180e+01	4.423394780000000082e-01
7.480197134300000528e+01	9.415763653700000191e+01	3.201505318000000244e+01	7.480197134300000528e+01	8.548275394899999924e+01	3.388856985299999991e+01	4.279974530000000277e-01
7.690475222300000269e+01	9.433962966699999697e+01	3.186637032200000164e+01	7.690475222300000269e+01	8.623117862700000558e+01	3.439247021700000317e+01	4.143615239999999811e-01
7.906664501299999870e+01	9.450950928299999987e+01	3.174217588500000176e+01	7.906664501299999870e+01	8.792482113100000163e+01	3.435930180399999756e+01	4.014610189999999745e-01
8.128931142700000123e+01	9.467309137300000543e+01	3.163435242699999961e+01	8.128931142700000123e+01	8.868297380600000679e+01	3.331576017100000087e+01	3.891575890000000260e-01
8.357445988999999997e+01	9.481846952300000453e+01	3.154957742799999920e+01	8.357445988999999997e+01	8.886379967199999896e+01	3.221733733300000324e+01	3.775026180000000120e-01
8.592384685400000421e+01	9.495689051300000472e+01	3.148137564499999996e+01	8.592384685400000421e+01	8.814695543800000621e+01	3.171052766000000034e+01	3.663869439999999922e-01
8.833927814700000170e+01	9.508553308700000173e+01	3.143709608099999997e+01	8.833927814700000170e+01	8.743707052000000601e+01	3.202152553100000176e+01	3.558677040000000069e-01
9.082261035999999876e+01	9.520228870399999721e+01	3.141394083100000145e+01	9.082261035999999876e+01	8.746769888199999343e+01	3.276926327599999667e+01	3.458823819999999882e-01
9.337575227799999311e+01	9.530766061600000683e+01	3.141152428799999896e+01	9.337575227799999311e+01	8.812187937900000634e+01	3.326274829300000135e+01	3.363991559999999770e-01
9.600066634099999874e+01	9.540261652099999878e+01	3.143277989999999988e+01	9.600066634099999874e+01	8.888384172700000363e+01	3.304861051999999688e+01	3.274225179999999957e-01
9.869937016000000085e+01	9.549252845799999534e+01	3.147494639599999999e+01	9.869937016000000085e+01	8.895705896699999471e+01	3.257247749300000095e+01	3.188971349999999982e-01
1.014739380590000053e+02	9.556729423999999540e+01	3.153718906399999966e+01	1.014739380590000053e+02	8.885346600299999409e+01	3.247636949500000014e+01	3.107910229999999996e-01
1.043265026760000040e+02	9.563771387399999924e+01	3.162169584800000166e+01	1.043265026760000040e+02	8.861341291099999751e+01	3.263962586299999913e+01	3.031031909999999940e-01
