7.943282299999999962e-02	1.222676459999999937e-01	5.695810369999999567e-01	7.943282299999999962e-02	1.689397800000000047e-02	5.760827450000000072e-01	7.170600419000000336e+00
8.166578400000000515e-02	1.225344869999999975e-01	5.856003199999999520e-01	8.166578400000000515e-02	1.659514900000000001e-02	5.924529050000000296e-01	7.170693703000000419e+00
8.396151500000000045e-02	1.228168230000000055e-01	6.020705370000000167e-01	8.396151500000000045e-02	1.628188499999999941e-02	6.092983419999999928e-01	7.170791707000000237e+00
8.632178299999999915e-02	1.231155699999999936e-01	6.190044089999999777e-01	8.632178299999999915e-02	1.595366900000000018e-02	6.266337010000000429e-01	7.170894631000000352e+00
8.874840100000000453e-02	1.234316990000000058e-01	6.364150189999999707e-01	8.874840100000000453e-02	1.560998700000000051e-02	6.444741499999999679e-01	7.171002678999999880e+00
9.124323400000000639e-02	1.237662399999999996e-01	6.543158190000000207e-01	9.124323400000000639e-02	1.525033800000000044e-02	6.628353989999999918e-01	7.171116057999999960e+00
9.380819999999999437e-02	1.241202859999999963e-01	6.727206449999999505e-01	9.380819999999999437e-02	1.487423700000000022e-02	6.817337289999999550e-01	7.171234976000000039e+00
9.644527099999999908e-02	1.244949989999999951e-01	6.916437220000000163e-01	9.644527099999999908e-02	1.448121999999999951e-02	7.011860140000000241e-01	7.171359642999999728e+00
9.915647299999999498e-02	1.248916090000000007e-01	7.110996809999999835e-01	9.915647299999999498e-02	1.407085299999999949e-02	7.212097509999999545e-01	7.171490269999999612e+00
1.019438909999999948e-01	1.253114250000000041e-01	7.311035649999999553e-01	1.019438909999999948e-01	1.364273700000000027e-02	7.418230900000000183e-01	7.171627063999999940e+00
1.048096659999999958e-01	1.257558360000000097e-01	7.516708439999999491e-01	1.048096659999999958e-01	1.319652299999999993e-02	7.630448640000000449e-01	7.171770232000000078e+00
1.077560020000000035e-01	1.262263160000000051e-01	7.728174260000000295e-01	1.077560020000000035e-01	1.273191800000000005e-02	7.848946249999999569e-01	7.171919973999999698e+00
1.107851640000000054e-01	1.267244329999999974e-01	7.945596700000000512e-01	1.107851640000000054e-01	1.224869900000000005e-02	8.073926750000000041e-01	7.172076484999999835e+00
1.138994789999999979e-01	1.272518529999999981e-01	8.169143970000000143e-01	1.138994789999999979e-01	1.174672600000000074e-02	8.305601070000000474e-01	7.172239950999999891e+00
1.171013419999999972e-01	1.278103429999999929e-01	8.398989019999999472e-01	1.171013419999999972e-01	1.122596200000000079e-02	8.544188430000000389e-01	7.172410544999999971e+00
1.203932139999999984e-01	1.284017849999999905e-01	8.635309700000000088e-01	1.203932139999999984e-01	1.068648500000000078e-02	8.789916770000000268e-01	7.172588425999999906e+00
1.237776240000000028e-01	1.290281769999999939e-01	8.878288880000000383e-01	1.237776240000000028e-01	1.012851600000000060e-02	9.043023190000000211e-01	7.172773734999999817e+00
1.272571740000000007e-01	1.296916439999999948e-01	9.128114569999999928e-01	1.272571740000000007e-01	9.552438999999999375e-03	9.303754400000000535e-01	7.172966590999999781e+00
1.308345389999999997e-01	1.303944459999999972e-01	9.384980080000000502e-01	1.308345389999999997e-01	8.958828000000000277e-03	9.572367259999999822e-01	7.173167086000000303e+00
1.345124679999999961e-01	1.311389850000000135e-01	9.649084140000000476e-01	1.345124679999999961e-01	8.348479000000000663e-03	9.849129300000000198e-01	7.173375281000000214e+00
1.382937890000000003e-01	1.319278190000000017e-01	9.920631069999999996e-01	1.382937890000000003e-01	7.722447999999999813e-03	1.013431925999999983e+00	7.173591198999999641e+00
1.421814080000000091e-01	1.327636650000000029e-01	1.019983088999999898e+00	1.421814080000000091e-01	7.082083000000000302e-03	1.042822772000000064e+00	7.173814820999999675e+00
1.461783120000000047e-01	1.336494169999999926e-01	1.048689946999999956e+00	1.461783120000000047e-01	6.429078999999999870e-03	1.073115771000000107e+00	7.174046077999999937e+00
1.502875750000000066e-01	1.345881509999999892e-01	1.078205870999999982e+00	1.502875750000000066e-01	5.765521000000000014e-03	1.104342536999999957e+00	7.174284841000000412e+00
1.545123549999999901e-01	1.355831429999999893e-01	1.108553665000000077e+00	1.545123549999999901e-01	5.093948000000000052e-03	1.136536068999999927e+00	7.174530917000000230e+00
1.588558979999999954e-01	1.366378779999999904e-01	1.139756761999999979e+00	1.588558979999999954e-01	4.417415000000000057e-03	1.169730820999999921e+00	7.174784035000000060e+00
1.633215440000000129e-01	1.377560630000000119e-01	1.171839241999999892e+00	1.633215440000000129e-01	3.739568999999999879e-03	1.203962787000000034e+00	7.175043839999999840e+00
1.679127260000000121e-01	1.389416440000000030e-01	1.204825840000000037e+00	1.679127260000000121e-01	3.064734999999999855e-03	1.239269576000000095e+00	7.175309874999999948e+00
1.726329709999999962e-01	1.401988210000000012e-01	1.238741969000000109e+00	1.726329709999999962e-01	2.398008000000000084e-03	1.275690505000000030e+00	7.175581576999999989e+00
1.774859089999999973e-01	1.415320609999999868e-01	1.273613727000000084e+00	1.774859089999999973e-01	1.745365000000000024e-03	1.313266687999999904e+00	7.175858254999999630e+00
1.824752689999999955e-01	1.429461160000000119e-01	1.309467911999999901e+00	1.824752689999999955e-01	1.113784999999999949e-03	1.352041132999999951e+00	7.176139079999999559e+00
1.876048869999999980e-01	1.444460429999999962e-01	1.346332037999999898e+00	1.876048869999999980e-01	5.113890000000000059e-04	1.392058838999999937e+00	7.176423066999999989e+00
1.928787050000000114e-01	1.460372189999999959e-01	1.384234347999999892e+00	1.928787050000000114e-01	-5.239999999999999975e-05	1.433366901000000082e+00	7.176709059000000224e+00
1.983007760000000119e-01	1.477253590000000005e-01	1.423203820999999980e+00	1.983007760000000119e-01	-5.666819999999999930e-04	1.476014618000000000e+00	7.176995703000000226e+00
2.038752699999999973e-01	1.495165400000000033e-01	1.463270188999999943e+00	2.038752699999999973e-01	-1.018875000000000032e-03	1.520053601000000087e+00	7.177281437999999625e+00
2.096064689999999897e-01	1.514172149999999939e-01	1.504463944999999914e+00	2.096064689999999897e-01	-1.394484999999999995e-03	1.565537884000000046e+00	7.177564465999999754e+00
2.154987800000000009e-01	1.534342390000000000e-01	1.546816353000000088e+00	2.154987800000000009e-01	-1.676848000000000097e-03	1.612524038000000104e+00	7.177842734000000391e+00
2.215567320000000062e-01	1.555748839999999966e-01	1.590359456000000060e+00	2.215567320000000062e-01	-1.846828999999999919e-03	1.661071281999999982e+00	7.178113908000000265e+00
2.277849799999999980e-01	1.578468640000000034e-01	1.635126086000000090e+00	2.277849799999999980e-01	-1.882486000000000055e-03	1.711241593000000005e+00	7.178375349999999600e+00
2.341883130000000091e-01	1.602583519999999928e-01	1.681149862999999911e+00	2.341883130000000091e-01	-1.758690999999999944e-03	1.763099809999999934e+00	7.178624091999999735e+00
2.407716510000000032e-01	1.628180029999999889e-01	1.728465208999999891e+00	2.407716510000000032e-01	-1.446692000000000073e-03	1.816713728000000083e+00	7.178856814000000419e+00
2.475400560000000083e-01	1.655349670000000051e-01	1.777107344000000033e+00	2.475400560000000083e-01	-9.136170000000000315e-04	1.872154182000000056e+00	7.179069811999999828e+00
2.544987300000000063e-01	1.684189130000000034e-01	1.827112290999999944e+00	2.544987300000000063e-01	-1.219119999999999942e-04	1.929495106000000071e+00	7.179258983999999622e+00
2.616530200000000139e-01	1.714800409999999997e-01	1.878516875000000086e+00	2.616530200000000139e-01	9.712969999999999807e-04	1.988813575000000000e+00	7.179419797999999631e+00
2.690084280000000216e-01	1.747290950000000009e-01	1.931358726000000026e+00	2.690084280000000216e-01	2.414939000000000061e-03	2.050189801999999784e+00	7.179547280999999614e+00
2.765706050000000249e-01	1.781773749999999990e-01	1.985676272999999936e+00	2.765706050000000249e-01	4.264819999999999896e-03	2.113707094000000009e+00	7.179635996000000020e+00
2.843453650000000166e-01	1.818367449999999941e-01	2.041508743000000070e+00	2.843453650000000166e-01	6.584569999999999659e-03	2.179451735999999862e+00	7.179680035999999710e+00
2.923386840000000153e-01	1.857196299999999967e-01	2.098896160999999871e+00	2.923386840000000153e-01	9.446711999999999471e-03	2.247512807000000112e+00	7.179673016999999824e+00
3.005567049999999796e-01	1.898390199999999972e-01	2.157879351000000057e+00	3.005567049999999796e-01	1.293387399999999972e-02	2.317981867999999945e+00	7.179608083999999835e+00
3.090057460000000256e-01	1.942084589999999999e-01	2.218499931000000203e+00	3.090057460000000256e-01	1.714016599999999835e-02	2.390952534000000185e+00	7.179477923000000317e+00
3.176922999999999830e-01	1.988420300000000029e-01	2.280800322000000158e+00	3.176922999999999830e-01	2.217272799999999919e-02	2.466519847999999904e+00	7.179274792000000183e+00
3.266230450000000007e-01	2.037543340000000092e-01	2.344823755000000176e+00	3.266230450000000007e-01	2.815347299999999831e-02	2.544779441000000197e+00	7.178990563000000158e+00
3.358048439999999912e-01	2.089604599999999868e-01	2.410614288000000105e+00	3.358048439999999912e-01	3.522104399999999996e-02	2.625826394999999813e+00	7.178616779999999586e+00
3.452447559999999860e-01	2.144759529999999970e-01	2.478216830000000037e+00	3.452447559999999860e-01	4.353297999999999890e-02	2.709753741000000105e+00	7.178144748000000241e+00
3.549500360000000243e-01	2.203167649999999977e-01	2.547677177999999820e+00	3.549500360000000243e-01	5.326811299999999888e-02	2.796650495000000181e+00	7.177565634999999666e+00
3.649281440000000099e-01	2.264992080000000074e-01	2.619042068999999806e+00	3.649281440000000099e-01	6.462917099999999915e-02	2.886599111000000217e+00	7.176870612000000094e+00
3.751867489999999861e-01	2.330398949999999969e-01	2.692359252999999786e+00	3.751867489999999861e-01	7.784558099999999703e-02	2.979672202999999797e+00	7.176051014999999644e+00
3.857337379999999927e-01	2.399556880000000003e-01	2.767677579999999971e+00	3.857337379999999927e-01	9.317639199999999677e-02	3.075928366999999941e+00	7.175098546000000077e+00
3.965772160000000102e-01	2.472636370000000083e-01	2.845047128000000036e+00	3.965772160000000102e-01	1.109132540000000028e-01	3.175406882999999958e+00	7.174005506000000310e+00
4.077255180000000090e-01	2.549809259999999966e-01	2.924519350000000184e+00	4.077255180000000090e-01	1.313832819999999901e-01	3.278121059000000059e+00	7.172765062999999941e+00
4.191872130000000030e-01	2.631248400000000265e-01	3.006147259000000016e+00	4.191872130000000030e-01	1.549515810000000049e-01	3.384049915999999936e+00	7.171371556000000425e+00
4.309711119999999895e-01	2.717127360000000103e-01	3.089985656000000080e+00	4.309711119999999895e-01	1.820230909999999980e-01	3.493127916000000166e+00	7.169820826999999674e+00
4.430862720000000032e-01	2.807620650000000051e-01	3.176091392000000013e+00	4.430862720000000032e-01	2.130432580000000131e-01	3.605232392000000008e+00	7.168110579999999565e+00
4.555420040000000004e-01	2.902904150000000238e-01	3.264523672999999793e+00	4.555420040000000004e-01	2.484968409999999961e-01	3.720168372999999917e+00	7.166240748999999965e+00
4.683478830000000204e-01	3.003156300000000001e-01	3.355344403999999781e+00	4.683478830000000204e-01	2.889039199999999807e-01	3.837650550000000216e+00	7.164213873999999649e+00
4.815137529999999888e-01	3.108559909999999982e-01	3.448618567000000024e+00	4.815137529999999888e-01	3.348118429999999979e-01	3.957282317000000216e+00	7.162035451999999580e+00
4.950497320000000201e-01	3.219304920000000125e-01	3.544414614999999991e+00	4.950497320000000201e-01	3.867815259999999866e-01	4.078532076000000117e+00	7.159714243999999894e+00
5.089662249999999943e-01	3.335592250000000147e-01	3.642804878999999829e+00	5.089662249999999943e-01	4.453661199999999765e-01	4.200707517999999752e+00	7.157262510999999883e+00
5.232739280000000548e-01	3.457638909999999899e-01	3.743865953999999885e+00	5.232739280000000548e-01	5.110797510000000266e-01	4.322929328999999932e+00	7.154696137000000178e+00
5.379838399999999909e-01	3.585684530000000092e-01	3.847679038999999968e+00	5.379838399999999909e-01	5.843538919999999859e-01	4.444106868999999627e+00	7.152034598000000187e+00
5.531072670000000135e-01	3.719999350000000038e-01	3.954330189000000217e+00	5.531072670000000135e-01	6.654791180000000361e-01	4.562919830000000232e+00	7.149300731000000297e+00
5.686558329999999994e-01	3.860893750000000124e-01	4.063910433000000211e+00	5.686558329999999994e-01	7.545308459999999773e-01	4.677811672999999892e+00	7.146520262000000123e+00
5.846414890000000142e-01	4.008729129999999974e-01	4.176515702999999746e+00	5.846414890000000142e-01	8.512795149999999866e-01	4.787002582000000395e+00	7.143721028999999945e+00
6.010765240000000009e-01	4.163929929999999890e-01	4.292246513000000263e+00	6.010765240000000009e-01	9.550887700000000313e-01	4.888531237999999668e+00	7.140931886999999811e+00
6.179735680000000286e-01	4.326996240000000049e-01	4.411207322000000097e+00	6.179735680000000286e-01	1.064809979000000073e+00	4.980335258000000209e+00	7.138181229999999822e+00
6.353456100000000051e-01	4.498516329999999730e-01	4.533505523999999731e+00	6.353456100000000051e-01	1.178687293000000080e+00	5.060378369999999570e+00	7.135495158000000337e+00
6.532060029999999795e-01	4.679177970000000242e-01	4.659250014999999578e+00	6.532060029999999795e-01	1.294293775000000091e+00	5.126827224000000349e+00	7.132895279999999616e+00
6.715684750000000536e-01	4.869777379999999933e-01	4.788549310999999697e+00	6.715684750000000536e-01	1.408523530999999940e+00	5.178271260999999903e+00	7.130396215000000204e+00
6.904471399999999592e-01	5.071223980000000298e-01	4.921509216999999659e+00	6.904471399999999592e-01	1.517664571999999934e+00	5.213965782999999909e+00	7.128002903999999695e+00
7.098565079999999972e-01	5.284539179999999670e-01	5.058230113999999666e+00	7.098565079999999972e-01	1.617569129000000050e+00	5.234063821000000338e+00	7.125707878000000051e+00
7.298114999999999464e-01	5.510847229999999985e-01	5.198803981000000185e+00	7.298114999999999464e-01	1.703921052000000103e+00	5.239791647999999746e+00	7.123488712000000334e+00
7.503274519999999503e-01	5.751356050000000497e-01	5.343311360000000398e+00	7.503274519999999503e-01	1.772575950000000011e+00	5.233521877000000266e+00	7.121305965000000349e+00
7.714201339999999796e-01	6.007326520000000336e-01	5.491818579000000256e+00	7.714201339999999796e-01	1.819925425000000097e+00	5.218711593000000093e+00	7.119101945999999792e+00
7.931057590000000213e-01	6.280029339999999571e-01	5.644375640999999888e+00	7.931057590000000213e-01	1.843221725999999894e+00	5.199700180999999866e+00	7.116800720999999719e+00
8.154009960000000445e-01	6.570689979999999597e-01	5.801015287000000242e+00	8.154009960000000445e-01	1.840801311999999967e+00	5.181395171000000133e+00	7.114309790000000078e+00
8.383229800000000509e-01	6.880423940000000016e-01	5.961753833999999586e+00	8.383229800000000509e-01	1.812166892000000029e+00	5.168902699000000212e+00	7.111523809999999557e+00
8.618893309999999808e-01	7.210167360000000469e-01	6.126594361999999627e+00	8.618893309999999808e-01	1.757920882000000073e+00	5.167171468000000267e+00	7.108330662000000189e+00
8.861181639999999859e-01	7.560610890000000195e-01	6.295532767000000085e+00	8.861181639999999859e-01	1.679576952999999984e+00	5.180711460000000379e+00	7.104619931000000221e+00
9.110281000000000073e-01	7.932148030000000238e-01	6.468566936000000211e+00	9.110281000000000073e-01	1.579299001999999952e+00	5.213425701000000245e+00	7.100293545000000428e+00
9.366382869999999583e-01	8.324852040000000342e-01	6.645708929999999626e+00	9.366382869999999583e-01	1.459623305000000038e+00	5.268565013999999991e+00	7.095277892999999558e+00
9.629684090000000252e-01	8.738496930000000384e-01	6.826999384999999698e+00	9.629684090000000252e-01	1.323211582999999969e+00	5.348791990999999690e+00	7.089536186000000129e+00
9.900387059999999906e-01	9.172637150000000350e-01	7.012522657999999964e+00	9.900387059999999906e-01	1.172666940999999907e+00	5.456326906000000143e+00	7.083079291999999860e+00
1.017869984000000061e+00	9.626755879999999710e-01	7.202420329999999815e+00	1.017869984000000061e+00	1.010428525000000022e+00	5.593145594000000109e+00	7.075972808000000391e+00
1.046483636000000050e+00	1.010048282999999936e+00	7.396899982999999956e+00	1.046483636000000050e+00	8.387494389999999855e-01	5.761204303999999610e+00	7.068337936999999904e+00
1.075901653999999930e+00	1.059386825999999893e+00	7.596235734999999600e+00	1.075901653999999930e+00	6.597584859999999773e-01	5.962674848999999888e+00	7.060343950000000035e+00
1.106146652000000064e+00	1.110768285000000022e+00	7.800757213999999884e+00	1.106146652000000064e+00	4.756100160000000243e-01	6.200181008999999577e+00	7.052190776999999855e+00
1.137241874999999958e+00	1.164369393999999946e+00	8.010824687999999583e+00	1.137241874999999958e+00	2.887374489999999794e-01	6.477030688000000147e+00	7.044081704999999971e+00
1.169211226000000048e+00	1.220485290000000056e+00	8.226790130999999562e+00	1.169211226000000048e+00	1.022450750000000047e-01	6.797433787000000116e+00	7.036188112999999689e+00
1.202079276999999946e+00	1.279531999999999892e+00	8.448947051999999402e+00	1.202079276999999946e+00	-7.949979000000000073e-02	7.166676365999999909e+00	7.028610517999999807e+00
1.235871291999999899e+00	1.342025870000000065e+00	8.677475775999999641e+00	1.235871291999999899e+00	-2.499769689999999933e-01	7.591173705000000105e+00	7.021342620999999617e+00
1.270613243999999975e+00	1.408535633000000065e+00	8.912394975999999858e+00	1.270613243999999975e+00	-3.991951200000000144e-01	8.078221174999999477e+00	7.014246873000000271e+00
1.306331837999999967e+00	1.479607778000000096e+00	9.153533703000000799e+00	1.306331837999999967e+00	-5.118215729999999741e-01	8.635055331000000223e+00	7.007050915999999852e+00
1.343054527999999914e+00	1.555673440000000074e+00	9.400539529999999644e+00	1.343054527999999914e+00	-5.648069129999999660e-01	9.266468727999999544e+00	6.999372945000000179e+00
1.380809541000000085e+00	1.636954573999999996e+00	9.652935724000000661e+00	1.380809541000000085e+00	-5.251930070000000450e-01	9.969704947000000317e+00	6.990779999999999994e+00
1.419625896000000109e+00	1.723396476000000010e+00	9.910231669999999937e+00	1.419625896000000109e+00	-3.504958060000000208e-01	1.072512839300000032e+01	6.980875520999999750e+00
1.459533430000000020e+00	1.814658922000000008e+00	1.017207508999999988e+01	1.459533430000000020e+00	2.763756999999999932e-03	1.148292921100000008e+01	6.969401919000000056e+00
1.500562817000000049e+00	1.910193798000000109e+00	1.043841385300000013e+01	1.500562817000000049e+00	5.544950250000000302e-01	1.215345786600000011e+01	6.956332474999999960e+00
1.542745593000000026e+00	2.009418618000000212e+00	1.070961558199999963e+01	1.542745593000000026e+00	1.261253022000000001e+00	1.262195899299999979e+01	6.941919415000000093e+00
1.586114180999999901e+00	2.111962554999999853e+00	1.098648491700000029e+01	1.586114180999999901e+00	1.992456591999999915e+00	1.280734841800000012e+01	6.926667100000000410e+00
1.630701917999999973e+00	2.217922174999999996e+00	1.127013175799999978e+01	1.630701917999999973e+00	2.573608150000000094e+00	1.273545844300000063e+01	6.911215125000000015e+00
1.676543072999999939e+00	2.328032812000000007e+00	1.156168381600000039e+01	1.676543072999999939e+00	2.885362568000000127e+00	1.254545642499999936e+01	6.896144811000000097e+00
1.723672883999999961e+00	2.443656427000000075e+00	1.186189784699999983e+01	1.723672883999999961e+00	2.923066185999999789e+00	1.241107495600000021e+01	6.881756949999999762e+00
1.772127573999999983e+00	2.566521398999999981e+00	1.217078929000000009e+01	1.772127573999999983e+00	2.771204319999999832e+00	1.246206599799999992e+01	6.867896796000000137e+00
1.821944390000000080e+00	2.698228475000000071e+00	1.248744482999999938e+01	1.821944390000000080e+00	2.549919936000000220e+00	1.276468368499999961e+01	6.853911075000000075e+00
1.873161620000000083e+00	2.839650676999999845e+00	1.281017591099999997e+01	1.873161620000000083e+00	2.390174350000000114e+00	1.333645167399999920e+01	6.838799050999999629e+00
1.925818634000000085e+00	2.990471181999999839e+00	1.313708209700000040e+01	1.925818634000000085e+00	2.440520831999999807e+00	1.414874702300000031e+01	6.821557266000000119e+00
1.979955904999999960e+00	3.149156361000000182e+00	1.346690889699999971e+01	1.979955904999999960e+00	2.872342976000000103e+00	1.508596585099999920e+01	6.801620611999999788e+00
2.035615046000000206e+00	3.313563826999999851e+00	1.379985324199999930e+01	2.035615046000000206e+00	3.809889527999999803e+00	1.586413856799999955e+01	6.779205759999999970e+00
2.092838836999999952e+00	3.482094188000000035e+00	1.413782738599999966e+01	2.092838836999999952e+00	5.103122499000000367e+00	1.604670859499999835e+01	6.755334971999999993e+00
2.151671263999999972e+00	3.654903839000000154e+00	1.448380917399999923e+01	2.151671263999999972e+00	6.166082506999999602e+00	1.542327074299999978e+01	6.731422880000000220e+00
2.212157545999999808e+00	3.834446690000000046e+00	1.484034175799999922e+01	2.212157545999999808e+00	6.428849898000000174e+00	1.441242000799999978e+01	6.708537456000000176e+00
2.274344177000000133e+00	4.024754374999999662e+00	1.520783238599999976e+01	2.274344177000000133e+00	5.908170402999999737e+00	1.366917968999999999e+01	6.686689085000000254e+00
2.338278955999999908e+00	4.229466603999999741e+00	1.558370187400000084e+01	2.338278955999999908e+00	4.988710864999999828e+00	1.352042879899999939e+01	6.664603397999999679e+00
2.404011023999999885e+00	4.449500742999999758e+00	1.596330438600000079e+01	2.404011023999999885e+00	4.014940903000000283e+00	1.399675403100000004e+01	6.640279194999999746e+00
2.471590905999999865e+00	4.681946994999999667e+00	1.634265092700000110e+01	2.471590905999999865e+00	3.229221996000000150e+00	1.505045990900000064e+01	6.612199003999999825e+00
2.541070546999999902e+00	4.921578768999999909e+00	1.672151054100000067e+01	2.541070546999999902e+00	2.885955001000000131e+00	1.661786415599999955e+01	6.580498350000000052e+00
2.612503350999999974e+00	5.164756859999999783e+00	1.710441018199999874e+01	2.612503350999999974e+00	3.337951993999999978e+00	1.848400822700000035e+01	6.547134254999999570e+00
2.685944223999999991e+00	5.413178611000000195e+00	1.749784238200000175e+01	2.685944223999999991e+00	4.829545001999999698e+00	2.000734400700000037e+01	6.514596327999999659e+00
2.761449616000000162e+00	5.673988433999999970e+00	1.790487387599999991e+01	2.761449616000000162e+00	6.810433437999999562e+00	2.033435525100000163e+01	6.483867665000000002e+00
2.839077563000000026e+00	5.954876260999999893e+00	1.832131615899999844e+01	2.839077563000000026e+00	8.077775639000000396e+00	1.960855552399999979e+01	6.453263693000000245e+00
2.918887733000000040e+00	6.257159521000000169e+00	1.873776774799999956e+01	2.918887733000000040e+00	8.324412761999999688e+00	1.890861519699999960e+01	6.419489019000000241e+00
3.000941469999999889e+00	6.573267116000000243e+00	1.914764335099999926e+01	3.000941469999999889e+00	8.183059466999999643e+00	1.879729490200000086e+01	6.380545419999999801e+00
3.085301845000000043e+00	6.893150300000000286e+00	1.955461273999999960e+01	3.085301845000000043e+00	8.224424845999999789e+00	1.908610796199999982e+01	6.337990161999999650e+00
3.172033700000000067e+00	7.215469994000000220e+00	1.997046292099999931e+01	3.172033700000000067e+00	8.516711632999999892e+00	1.930434715599999862e+01	6.295791536000000299e+00
3.261203699999999817e+00	7.551554075000000310e+00	2.040260792400000156e+01	3.261203699999999817e+00	8.636869363000000632e+00	1.926355928699999964e+01	6.256158706999999985e+00
3.352880385999999824e+00	7.914719108999999975e+00	2.084351825099999900e+01	3.352880385999999824e+00	8.256181154000000078e+00	1.937978710799999860e+01	6.216600610000000415e+00
3.447134221999999859e+00	8.303966223999999841e+00	2.127652755700000142e+01	3.447134221999999859e+00	7.647055403999999612e+00	2.019377215800000158e+01	6.172236468000000364e+00
3.544037657000000063e+00	8.702540187000000316e+00	2.169583569499999953e+01	3.544037657000000063e+00	7.476202361000000352e+00	2.184902265099999852e+01	6.121784754000000106e+00
3.643665173000000035e+00	9.098879010999999295e+00	2.211652271599999864e+01	3.643665173000000035e+00	8.479509155000000575e+00	2.388640095899999949e+01	6.069855945999999669e+00
3.746093349000000128e+00	9.505434769000000728e+00	2.255565177500000118e+01	3.746093349000000128e+00	1.079385123299999982e+01	2.510085399300000120e+01	6.021113111000000018e+00
3.851400914000000064e+00	9.944653931999999585e+00	2.300526381399999920e+01	3.851400914000000064e+00	1.315093914899999916e+01	2.468829717799999912e+01	5.973219700999999660e+00
3.959668811999999871e+00	1.041489333900000069e+01	2.343923218500000161e+01	3.959668811999999871e+00	1.448700039500000081e+01	2.352308769400000088e+01	5.919493093999999900e+00
4.070980260999999878e+00	1.088862654899999960e+01	2.385316719800000129e+01	4.070980260999999878e+00	1.511385569199999956e+01	2.234482538900000037e+01	5.859317822000000398e+00
4.185420821000000124e+00	1.135694032299999989e+01	2.427550313200000076e+01	4.185420821000000124e+00	1.511710683000000088e+01	2.112017133299999827e+01	5.800014902000000028e+00
4.303078454000000441e+00	1.185002134099999971e+01	2.471945961600000174e+01	4.303078454000000441e+00	1.429840521799999919e+01	2.030710929800000031e+01	5.744598867999999747e+00
4.424043595999999745e+00	1.238605483199999924e+01	2.515319517600000054e+01	4.424043595999999745e+00	1.323805566300000081e+01	2.046108956999999862e+01	5.685566751999999724e+00
4.548409226000000416e+00	1.293226040999999960e+01	2.555462918499999958e+01	4.548409226000000416e+00	1.272675325300000004e+01	2.123356595099999922e+01	5.618366316000000360e+00
4.676270935999999878e+00	1.346532986200000082e+01	2.595849893100000116e+01	4.676270935999999878e+00	1.264573789099999956e+01	2.178784104300000024e+01	5.551110978999999723e+00
4.807727005000000275e+00	1.402450021399999969e+01	2.638777149299999891e+01	4.807727005000000275e+00	1.214759233000000016e+01	2.226938741900000096e+01	5.488616859000000403e+00
4.942878474999999661e+00	1.463185996600000038e+01	2.679730781299999975e+01	4.942878474999999661e+00	1.154706932500000072e+01	2.365872061500000001e+01	5.421397257999999830e+00
5.081829230000000308e+00	1.523668753900000006e+01	2.716865582999999873e+01	5.081829230000000308e+00	1.216595022199999931e+01	2.559057980100000051e+01	5.346235498999999614e+00
5.224686070999999821e+00	1.582968706800000014e+01	2.755797770299999883e+01	5.224686070999999821e+00	1.361771178000000049e+01	2.621951517300000134e+01	5.274571013000000086e+00
5.371558804000000187e+00	1.647241836099999901e+01	2.796040273799999909e+01	5.371558804000000187e+00	1.368480851300000012e+01	2.626029961600000107e+01	5.205267923000000074e+00
5.522560321000000272e+00	1.714248082299999965e+01	2.831241771999999912e+01	5.522560321000000272e+00	1.351587634100000024e+01	2.785807068700000144e+01	5.126683290999999976e+00
5.677806688000000435e+00	1.778349889200000078e+01	2.865721785099999863e+01	5.677806688000000435e+00	1.507486779499999940e+01	2.961546601699999925e+01	5.047233805000000295e+00
5.837417231999999956e+00	1.846083364600000110e+01	2.903213935500000176e+01	5.837417231999999956e+00	1.660029560899999979e+01	2.995715503299999938e+01	4.973456274000000121e+00
6.001514635999999570e+00	1.918153422600000013e+01	2.935572557300000085e+01	6.001514635999999570e+00	1.778411802400000141e+01	3.093237051099999846e+01	4.891386149999999766e+00
6.170225032000000276e+00	1.986555842099999936e+01	2.966052847099999923e+01	6.170225032000000276e+00	2.038646736800000170e+01	3.083579747199999943e+01	4.807041609999999743e+00
6.343678097999999821e+00	2.058634324200000165e+01	2.999939791299999925e+01	6.343678097999999821e+00	2.067888941300000027e+01	2.917423367700000014e+01	4.729022729999999619e+00
6.522007154999999834e+00	2.134531276899999952e+01	3.027500323900000012e+01	6.522007154999999834e+00	2.020503545300000070e+01	3.018421015599999890e+01	4.641976392000000118e+00
6.705349273999999582e+00	2.206032168999999854e+01	3.054801852199999956e+01	6.705349273999999582e+00	2.207835568100000145e+01	3.088061625399999954e+01	4.555768428000000370e+00
6.893845379000000051e+00	2.283576323300000155e+01	3.083868062799999876e+01	6.893845379000000051e+00	2.270275199099999952e+01	3.034227895600000124e+01	4.473364129000000133e+00
7.087640354999999559e+00	2.360770008900000150e+01	3.105345288299999851e+01	7.087640354999999559e+00	2.402480627999999996e+01	3.080257204000000115e+01	4.381352794999999745e+00
7.286883161000000442e+00	2.436185579200000006e+01	3.130841745400000065e+01	7.286883161000000442e+00	2.467296966099999977e+01	2.904442453300000082e+01	4.296544457000000428e+00
7.491726940999999584e+00	2.518143175499999842e+01	3.151441225399999979e+01	7.491726940999999584e+00	2.344857980800000163e+01	2.967883301699999876e+01	4.206561784999999887e+00
7.702329147000000376e+00	2.594232657899999950e+01	3.170080207099999825e+01	7.702329147000000376e+00	2.460575143100000162e+01	3.029196153299999850e+01	4.115742325000000257e+00
7.918851655000000100e+00	2.676991785899999954e+01	3.190154994799999955e+01	7.918851655000000100e+00	2.376177249899999921e+01	3.057742116900000084e+01	4.028557591000000215e+00
8.141460892999999643e+00	2.755981120199999879e+01	3.203009946400000274e+01	8.141460892999999643e+00	2.519040095700000137e+01	3.290061173600000188e+01	3.934195579999999914e+00
8.370327966999999703e+00	2.837973570699999826e+01	3.220572417900000062e+01	8.370327966999999703e+00	2.636569855500000159e+01	3.262594440099999815e+01	3.847606008000000077e+00
8.605628792999999277e+00	2.919453371099999828e+01	3.229193792400000262e+01	8.605628792999999277e+00	2.811236548999999840e+01	3.451901989099999923e+01	3.752420503000000185e+00
8.847544231000000536e+00	3.001012270900000090e+01	3.243089076500000090e+01	8.847544231000000536e+00	3.059969269699999828e+01	3.325398268299999671e+01	3.665524570000000093e+00
9.096260228000000225e+00	3.083492065500000123e+01	3.247921658500000319e+01	9.096260228000000225e+00	3.264913784200000180e+01	3.274307907499999715e+01	3.570612072999999942e+00
9.351967954999999222e+00	3.165403449200000097e+01	3.258020697300000279e+01	9.351967954999999222e+00	3.239734326699999656e+01	2.936426949000000164e+01	3.483780861000000062e+00
9.614863959999999210e+00	3.247221606299999763e+01	3.259068513900000141e+01	9.614863959999999210e+00	3.120546558999999931e+01	2.964718099099999904e+01	3.389614796000000041e+00
9.885150314000000549e+00	3.330323618199999913e+01	3.265183776599999987e+01	9.885150314000000549e+00	2.951124741299999954e+01	3.002811034100000143e+01	3.303120005999999886e+00
1.016303476899999936e+01	3.409954940600000128e+01	3.263262752899999697e+01	1.016303476899999936e+01	3.053022974399999967e+01	3.265815934599999792e+01	3.210913694999999901e+00
1.044873091900000084e+01	3.494446791299999688e+01	3.263957974200000223e+01	1.044873091900000084e+01	3.097372649100000075e+01	3.415777271500000012e+01	3.123784121999999996e+00
1.074245836000000054e+01	3.572047596200000186e+01	3.261328299499999872e+01	1.074245836000000054e+01	3.516127358600000008e+01	3.474153951800000328e+01	3.035923613000000021e+00
1.104444286100000028e+01	3.655174125700000332e+01	3.254768560400000155e+01	1.104444286100000028e+01	3.684121507500000092e+01	3.432933444300000048e+01	2.946973967999999999e+00
1.135491654099999970e+01	3.734505554599999755e+01	3.251763138100000106e+01	1.135491654099999970e+01	3.777654084800000334e+01	3.095434049200000004e+01	2.863749042999999883e+00
1.167411803999999975e+01	3.811738456300000166e+01	3.241410433899999788e+01	1.167411803999999975e+01	3.785579181899999668e+01	3.043488857599999875e+01	2.776578429999999820e+00
1.200229271000000075e+01	3.893205126600000199e+01	3.231758623500000027e+01	1.200229271000000075e+01	3.611290016800000302e+01	3.088962397099999890e+01	2.692617736999999956e+00
1.233969279599999957e+01	3.969506674299999816e+01	3.223364590199999924e+01	1.233969279599999957e+01	3.665844284399999964e+01	3.093736808199999899e+01	2.612191927000000025e+00
1.268657763899999935e+01	4.044271590799999672e+01	3.208780653299999841e+01	1.268657763899999935e+01	3.854616404299999743e+01	3.198456658099999927e+01	2.529272074000000092e+00
1.304321386700000041e+01	4.122269196199999897e+01	3.193634732099999951e+01	1.304321386700000041e+01	3.880786086100000176e+01	3.181115344499999864e+01	2.448502926000000190e+00
1.340987560399999978e+01	4.197676854899999910e+01	3.180688910199999953e+01	1.340987560399999978e+01	3.821670604300000207e+01	3.028422848599999995e+01	2.371900385000000000e+00
1.378684467999999974e+01	4.268966633699999846e+01	3.164855014999999838e+01	1.378684467999999974e+01	3.801630227599999756e+01	3.054119740300000174e+01	2.295561521000000216e+00
1.417441084800000084e+01	4.340369775399999952e+01	3.145173941699999887e+01	1.417441084800000084e+01	3.814402418600000289e+01	3.303363455699999918e+01	2.218909819999999922e+00
1.457287200600000077e+01	4.412932763999999963e+01	3.125050538500000030e+01	1.457287200600000077e+01	3.928187230300000010e+01	3.548856123899999915e+01	2.144430101000000199e+00
1.498253442699999916e+01	4.484279543000000245e+01	3.105898103299999846e+01	1.498253442699999916e+01	4.185331796100000190e+01	3.594701381800000206e+01	2.073012492000000151e+00
1.540371299100000080e+01	4.552897088999999653e+01	3.086467934799999924e+01	1.540371299100000080e+01	4.401970714000000129e+01	3.383529899300000210e+01	2.003716854999999963e+00
1.583673143400000072e+01	4.619176464699999940e+01	3.065501196600000000e+01	1.583673143400000072e+01	4.470396341400000040e+01	3.232890374200000139e+01	1.935690587000000074e+00
1.628192259000000064e+01	4.684019459299999966e+01	3.042872767600000117e+01	1.628192259000000064e+01	4.537841984899999659e+01	3.194475452900000079e+01	1.868865761999999986e+00
1.673962864900000014e+01	4.747866322099999792e+01	3.019085304500000078e+01	1.673962864900000014e+01	4.598198222500000298e+01	3.215673247499999832e+01	1.803555723000000111e+00
1.721020142200000080e+01	4.810691503799999680e+01	2.994628664200000046e+01	1.721020142200000080e+01	4.672162940300000145e+01	3.245093940099999941e+01	1.740031153999999969e+00
1.769400260800000169e+01	4.872314313100000049e+01	2.969781452799999855e+01	1.769400260800000169e+01	4.747569540599999982e+01	3.266869742899999807e+01	1.678411333999999977e+00
1.819140407700000139e+01	4.932605370200000294e+01	2.944676134899999909e+01	1.819140407700000139e+01	4.875630235799999923e+01	3.295359493699999831e+01	1.618718447000000005e+00
1.870278814799999978e+01	4.991556724899999864e+01	2.919384185699999890e+01	1.870278814799999978e+01	4.997891872999999663e+01	3.228511220499999723e+01	1.560935280000000036e+00
1.922854789299999823e+01	5.049284554199999775e+01	2.893915803100000161e+01	1.922854789299999823e+01	5.080742029000000315e+01	3.144249031000000016e+01	1.505010060999999899e+00
1.976908742799999885e+01	5.105958015499999902e+01	2.868125973900000147e+01	1.976908742799999885e+01	5.094543129800000258e+01	3.064437145500000170e+01	1.450813541000000040e+00
2.032482223499999918e+01	5.161558607700000323e+01	2.841639215400000040e+01	2.032482223499999918e+01	5.090315274000000301e+01	3.034494781300000099e+01	1.398112703000000012e+00
2.089617947099999995e+01	5.215504053699999787e+01	2.814124551999999824e+01	2.089617947099999995e+01	5.092949093299999674e+01	3.072859493700000044e+01	1.346717257999999973e+00
2.148359830300000084e+01	5.266788677299999932e+01	2.786166202500000111e+01	2.148359830300000084e+01	5.216635571100000135e+01	3.131354167399999966e+01	1.296880607999999935e+00
2.208753024399999987e+01	5.315593328300000309e+01	2.759590895299999858e+01	2.208753024399999987e+01	5.373467125700000224e+01	3.066447180200000133e+01	1.249388621000000033e+00
2.270843949900000069e+01	5.364517633599999868e+01	2.734808352199999959e+01	2.270843949900000069e+01	5.410297814399999794e+01	2.904204646899999887e+01	1.204313643999999961e+00
2.334680332199999953e+01	5.414261551199999900e+01	2.708317048099999980e+01	2.334680332199999953e+01	5.307472499899999718e+01	2.877675243399999871e+01	1.160037634000000040e+00
2.400311238400000136e+01	5.460077308700000032e+01	2.679936744100000112e+01	2.400311238400000136e+01	5.328178569199999970e+01	3.007296133399999860e+01	1.116495519999999964e+00
2.467787114900000134e+01	5.503742033099999986e+01	2.655432801599999948e+01	2.467787114900000134e+01	5.481647119499999832e+01	3.027508799699999997e+01	1.076038035999999920e+00
2.537159826199999912e+01	5.549917782299999658e+01	2.629441744700000072e+01	2.537159826199999912e+01	5.559283616799999805e+01	3.022941172199999826e+01	1.036372134999999917e+00
2.608482694799999990e+01	5.590534000400000281e+01	2.602685799900000063e+01	2.608482694799999990e+01	5.757340828899999963e+01	2.971536030900000114e+01	9.977776760000000023e-01
2.681810542099999850e+01	5.633540761300000099e+01	2.579143646700000048e+01	2.681810542099999850e+01	5.722788090299999908e+01	2.805473372499999840e+01	9.617173199999999866e-01
2.757199730800000026e+01	5.672313865099999930e+01	2.552507504300000107e+01	2.757199730800000026e+01	5.786239192699999734e+01	2.844212319400000055e+01	9.257608269999999528e-01
2.834708207899999977e+01	5.713132921100000061e+01	2.529442644899999948e+01	2.834708207899999977e+01	5.773897904399999703e+01	2.785726788899999917e+01	8.923114690000000238e-01
2.914395549199999991e+01	5.749012132499999694e+01	2.505074683599999830e+01	2.914395549199999991e+01	5.900484832099999721e+01	2.752256051499999856e+01	8.595520549999999815e-01
2.996323005500000036e+01	5.787496271500000233e+01	2.480553337099999922e+01	2.996323005500000036e+01	5.860037912599999999e+01	2.757041033000000141e+01	8.278657980000000416e-01
3.080553549300000071e+01	5.823337925900000300e+01	2.459375463499999981e+01	3.080553549300000071e+01	5.883021279999999820e+01	2.687608882700000024e+01	7.983550440000000137e-01
3.167151923500000166e+01	5.856560291699999965e+01	2.436716978999999839e+01	3.167151923500000166e+01	6.008101073800000336e+01	2.703641911400000097e+01	7.693716750000000326e-01
3.256184690799999970e+01	5.890428747899999706e+01	2.413691456200000118e+01	3.256184690799999970e+01	6.078537481600000092e+01	2.718762799299999955e+01	7.412636830000000066e-01
3.347720285199999779e+01	5.924104056600000234e+01	2.392311978100000047e+01	3.347720285199999779e+01	6.100263705900000133e+01	2.656821460999999829e+01	7.146092790000000416e-01
3.441829064499999902e+01	5.956413163999999938e+01	2.372230412600000093e+01	3.441829064499999902e+01	6.075546217099999780e+01	2.593611421199999967e+01	6.892353940000000012e-01
3.538583364099999784e+01	5.987373625299999702e+01	2.352761564600000099e+01	3.538583364099999784e+01	6.117795795499999656e+01	2.545688844500000059e+01	6.648879859999999864e-01
3.638057553200000172e+01	6.017290286099999719e+01	2.333697002199999915e+01	3.638057553200000172e+01	6.096831425599999932e+01	2.482419715099999991e+01	6.414678620000000553e-01
3.740328091399999977e+01	6.046224793799999730e+01	2.315057577700000024e+01	3.740328091399999977e+01	6.085370126099999766e+01	2.493697708999999918e+01	6.189450549999999662e-01
3.845473587600000087e+01	6.073968011899999908e+01	2.297050796299999931e+01	3.845473587600000087e+01	6.075529698999999795e+01	2.532925282400000100e+01	5.973388570000000009e-01
3.953574860700000215e+01	6.100484532000000115e+01	2.280334049000000007e+01	3.953574860700000215e+01	6.151012062299999883e+01	2.590408915300000103e+01	5.767777589999999455e-01
4.064715001500000113e+01	6.126883129000000139e+01	2.265364812700000030e+01	4.064715001500000113e+01	6.207909738899999752e+01	2.582753691699999976e+01	5.573243909999999746e-01
4.178979436499999878e+01	6.154017074899999784e+01	2.250237250600000039e+01	4.178979436499999878e+01	6.243623869700000029e+01	2.601436597000000006e+01	5.384657390000000543e-01
4.296455993600000056e+01	6.178591976399999908e+01	2.234387636900000018e+01	4.296455993600000056e+01	6.346638348599999802e+01	2.654306211500000146e+01	5.200536540000000318e-01
4.417234969799999789e+01	6.202375595099999828e+01	2.222213582699999890e+01	4.417234969799999789e+01	6.460588874699999451e+01	2.580249933500000026e+01	5.030779659999999875e-01
4.541409200399999690e+01	6.226967464399999841e+01	2.208189304100000072e+01	4.541409200399999690e+01	6.504963168400000484e+01	2.579692677299999914e+01	4.862343840000000195e-01
4.669074130399999945e+01	6.249196378700000309e+01	2.197594750800000085e+01	4.669074130399999945e+01	6.597159886100000392e+01	2.460799447200000145e+01	4.706703489999999879e-01
4.800327887899999979e+01	6.271374800699999952e+01	2.185186015400000059e+01	4.800327887899999979e+01	6.627399583499999380e+01	2.442046536999999873e+01	4.552159909999999865e-01
4.935271359600000096e+01	6.294098920199999725e+01	2.175530370799999957e+01	4.935271359600000096e+01	6.577185816799999429e+01	2.370191435799999979e+01	4.408127159999999933e-01
5.074008268099999697e+01	6.314710451500000232e+01	2.167090391700000040e+01	5.074008268099999697e+01	6.579153710900000362e+01	2.324314650999999898e+01	4.270963460000000156e-01
5.216645251900000346e+01	6.334543845000000317e+01	2.158722635599999862e+01	5.216645251900000346e+01	6.609414481999999680e+01	2.338013604400000034e+01	4.138143449999999723e-01
5.363291947100000101e+01	6.354197913099999795e+01	2.151142447000000146e+01	5.363291947100000101e+01	6.650639783299999408e+01	2.356326577900000174e+01	4.010862110000000258e-01
5.514061071999999797e+01	6.373551598000000240e+01	2.144728665699999937e+01	5.514061071999999797e+01	6.695630850999999950e+01	2.348713934799999947e+01	3.889562770000000169e-01
5.669068513500000250e+01	6.392678540299999668e+01	2.139362710800000045e+01	5.669068513500000250e+01	6.714456245200000239e+01	2.320354328799999877e+01	3.773746439999999813e-01
5.828433416099999675e+01	6.411481904100000406e+01	2.134416180499999882e+01	5.828433416099999675e+01	6.715999914699999351e+01	2.311714798099999868e+01	3.662075260000000054e-01
5.992278273800000221e+01	6.428691310799999314e+01	2.129974494200000024e+01	5.992278273800000221e+01	6.747457612799999538e+01	2.334752303799999851e+01	3.554532009999999964e-01
6.160729023900000101e+01	6.445210409000000595e+01	2.128310205500000052e+01	6.160729023900000101e+01	6.773762423399999477e+01	2.297128312299999919e+01	3.454640190000000111e-01
6.333915144099999850e+01	6.462903539600000613e+01	2.126147947500000157e+01	6.333915144099999850e+01	6.745474512200000561e+01	2.350189718400000061e+01	3.356767339999999766e-01
6.511969751799999528e+01	6.478126916099999733e+01	2.126199914100000044e+01	6.511969751799999528e+01	6.842469847600000321e+01	2.353200624000000118e+01	3.265064169999999932e-01
6.695029706500000088e+01	6.494025342499999454e+01	2.125666416900000044e+01	6.695029706500000088e+01	6.918381081100000074e+01	2.399052840399999909e+01	3.174991759999999941e-01
6.883235715099999652e+01	6.509898183599999300e+01	2.127421254900000136e+01	6.883235715099999652e+01	6.974203344900000445e+01	2.337388048500000082e+01	3.090728460000000122e-01
7.076732439799999952e+01	6.524653003900000670e+01	2.130326579200000126e+01	7.076732439799999952e+01	7.013257607699999596e+01	2.251195288899999980e+01	3.010325169999999995e-01
7.275668609599999570e+01	6.538913806099999704e+01	2.133918208300000074e+01	7.275668609599999570e+01	7.005228555700000470e+01	2.188339014299999974e+01	2.932951349999999846e-01
7.480197134300000528e+01	6.552778122399999461e+01	2.138227393100000029e+01	7.480197134300000528e+01	6.992504215699999293e+01	2.178479254299999823e+01	2.858517440000000187e-01
7.690475222300000269e+01	6.565692907800000455e+01	2.143532837200000074e+01	7.690475222300000269e+01	6.993013328899999692e+01	2.192703175999999843e+01	2.787256670000000103e-01
7.906664501299999870e+01	6.578203336699999682e+01	2.151055061499999965e+01	7.906664501299999870e+01	7.016624959300000341e+01	2.178221758700000166e+01	2.720559419999999951e-01
8.128931142700000123e+01	6.591629261999999301e+01	2.158654563600000031e+01	8.128931142700000123e+01	7.004782361600000229e+01	2.205607596200000131e+01	2.655520789999999964e-01
8.357445988999999997e+01	6.602894633200000385e+01	2.168067657099999934e+01	8.357445988999999997e+01	7.062527884200000017e+01	2.188701622900000032e+01	2.594174899999999728e-01
8.592384685400000421e+01	6.614742578000000606e+01	2.177536376000000118e+01	8.592384685400000421e+01	7.084119184200000063e+01	2.212206789600000079e+01	2.534263139999999859e-01
8.833927814700000170e+01	6.626410174599999436e+01	2.188919750100000172e+01	8.833927814700000170e+01	7.090850286500000266e+01	2.206633642699999953e+01	2.477855599999999880e-01
9.082261035999999876e+01	6.637265740600000186e+01	2.201475057400000068e+01	9.082261035999999876e+01	7.119325208899999780e+01	2.191981043599999879e+01	2.423928409999999978e-01
9.337575227799999311e+01	6.647363913700000637e+01	2.215062149799999958e+01	9.337575227799999311e+01	7.155502185999999654e+01	2.165832234499999842e+01	2.372202740000000087e-01
9.600066634099999874e+01	6.656888650700000198e+01	2.230395577099999826e+01	9.600066634099999874e+01	7.169647875100000078e+01	2.106747565199999883e+01	2.323312600000000117e-01
9.869937016000000085e+01	6.667157996100000616e+01	2.246729936899999913e+01	9.869937016000000085e+01	7.107019373400000006e+01	2.079120550800000089e+01	2.276336650000000128e-01
1.014739380590000053e+02	6.675513995900000452e+01	2.263813903599999833e+01	1.014739380590000053e+02	7.100051716900000542e+01	2.101867383800000155e+01	2.230931359999999974e-01
1.043265026760000040e+02	6.684693749400000229e+01	2.282179886899999843e+01	1.043265026760000040e+02	7.066289663700000290e+01	2.151570377199999839e+01	2.187536079999999883e-01
