1.000000000000000056e-01	1.944989000000000049e-03	4.804558299999999726e-01	1.000000000000000056e-01	1.240766199999999986e-02	4.480956790000000245e-01	4.804558303000000308e+00
1.027319859999999974e-01	2.052711999999999939e-03	4.935813510000000015e-01	1.027319859999999974e-01	1.177199900000000000e-02	4.606234339999999983e-01	4.804553752000000344e+00
1.055386100000000049e-01	2.166401000000000091e-03	5.070654190000000172e-01	1.055386100000000049e-01	1.110947500000000060e-02	4.735158480000000170e-01	4.804548950000000040e+00
1.084219109999999958e-01	2.286386999999999968e-03	5.209178279999999717e-01	1.084219109999999958e-01	1.041950500000000078e-02	4.867845359999999899e-01	4.804543881999999932e+00
1.113839830000000058e-01	2.413019000000000188e-03	5.351486370000000381e-01	1.113839830000000058e-01	9.701569999999999638e-03	5.004415370000000474e-01	4.804538532999999667e+00
1.144269779999999986e-01	2.546662999999999791e-03	5.497681789999999680e-01	1.144269779999999986e-01	8.955223000000000003e-03	5.144993300000000325e-01	4.804532887999999780e+00
1.175531070000000039e-01	2.687709999999999839e-03	5.647870699999999466e-01	1.175531070000000039e-01	8.180110000000000853e-03	5.289708509999999642e-01	4.804526929999999751e+00
1.207646420000000054e-01	2.836566999999999908e-03	5.802162170000000341e-01	1.207646420000000054e-01	7.375983000000000019e-03	5.438695099999999449e-01	4.804520641999999953e+00
1.240639159999999963e-01	2.993669999999999925e-03	5.960668220000000517e-01	1.240639159999999963e-01	6.542718000000000318e-03	5.592092060000000142e-01	4.804514005999999782e+00
1.274533250000000062e-01	3.159471999999999975e-03	6.123503930000000484e-01	1.274533250000000062e-01	5.680336999999999713e-03	5.750043449999999723e-01	4.804507002000000249e+00
1.309353329999999871e-01	3.334458000000000213e-03	6.290787549999999895e-01	1.309353329999999871e-01	4.789029000000000202e-03	5.912698549999999553e-01	4.804499610999999781e+00
1.345124679999999961e-01	3.519135000000000058e-03	6.462640520000000333e-01	1.345124679999999961e-01	3.869174999999999871e-03	6.080212040000000373e-01	4.804491810000000029e+00
1.381873309999999966e-01	3.714039000000000142e-03	6.639187600000000522e-01	1.381873309999999966e-01	2.921378999999999990e-03	6.252744150000000278e-01	4.804483577000000061e+00
1.419625899999999996e-01	3.919737999999999868e-03	6.820556970000000163e-01	1.419625899999999996e-01	1.946491000000000063e-03	6.430460780000000209e-01	4.804474887999999666e+00
1.458409880000000047e-01	4.136828999999999854e-03	7.006880290000000455e-01	1.458409880000000047e-01	9.456490000000000121e-04	6.613533679999999970e-01	4.804465718000000329e+00
1.498253439999999992e-01	4.365942000000000260e-03	7.198292800000000158e-01	1.498253439999999992e-01	-7.969100000000000662e-05	6.802140530000000407e-01	4.804456039999999817e+00
1.539185519999999863e-01	4.607744000000000423e-03	7.394933460000000514e-01	1.539185519999999863e-01	-1.127708999999999960e-03	6.996465050000000296e-01	4.804445827000000335e+00
1.581235860000000104e-01	4.862937999999999809e-03	7.596944989999999676e-01	1.581235860000000104e-01	-2.196183999999999897e-03	7.196697119999999614e-01	4.804435047000000125e+00
1.624435009999999902e-01	5.132264999999999570e-03	7.804474019999999568e-01	1.624435009999999902e-01	-3.282440000000000184e-03	7.403032760000000101e-01	4.804423670000000257e+00
1.668814349999999946e-01	5.416507000000000092e-03	8.017671149999999747e-01	1.668814349999999946e-01	-4.383296000000000067e-03	7.615674230000000211e-01	4.804411663999999860e+00
1.714406139999999912e-01	5.716490000000000286e-03	8.236691109999999538e-01	1.714406139999999912e-01	-5.495011999999999640e-03	7.834829949999999599e-01	4.804398992000000312e+00
1.761243479999999861e-01	6.033087000000000345e-03	8.461692840000000215e-01	1.761243479999999861e-01	-6.613227000000000168e-03	8.060714439999999703e-01	4.804385618999999608e+00
1.809360409999999919e-01	6.367216000000000195e-03	8.692839599999999667e-01	1.809360409999999919e-01	-7.732891999999999891e-03	8.293548250000000177e-01	4.804371504999999765e+00
1.858791890000000002e-01	6.719850000000000302e-03	8.930299109999999541e-01	1.858791890000000002e-01	-8.848204000000000138e-03	8.533557689999999862e-01	4.804356610000000138e+00
1.909573830000000083e-01	7.092011999999999969e-03	9.174243650000000194e-01	1.909573830000000083e-01	-9.952531000000000572e-03	8.780974630000000225e-01	4.804340889999999753e+00
1.961743129999999891e-01	7.484784000000000402e-03	9.424850190000000349e-01	1.961743129999999891e-01	-1.103833199999999966e-02	9.036036130000000277e-01	4.804324299000000131e+00
2.015337690000000015e-01	7.899306999999999510e-03	9.682300529999999794e-01	2.015337690000000015e-01	-1.209707500000000054e-02	9.298983990000000421e-01	4.804306788999999966e+00
2.070396439999999949e-01	8.336784999999999335e-03	9.946781399999999884e-01	2.070396439999999949e-01	-1.311915200000000024e-02	9.570064179999999698e-01	4.804288309999999562e+00
2.126959390000000005e-01	8.798490000000000824e-03	1.021848464000000067e+00	2.126959390000000005e-01	-1.409378799999999946e-02	9.849526149999999758e-01	4.804268806999999697e+00
2.185067629999999927e-01	9.285763000000000697e-03	1.049760727000000005e+00	2.185067629999999927e-01	-1.500894699999999991e-02	1.013762196000000060e+00	4.804248224000000178e+00
2.244763379999999975e-01	9.800019000000000091e-03	1.078435170999999970e+00	2.244763379999999975e-01	-1.585124099999999855e-02	1.043460532999999968e+00	4.804226501999999677e+00
2.306090010000000079e-01	1.034275200000000020e-02	1.107892587000000040e+00	2.306090010000000079e-01	-1.660583100000000145e-02	1.074073035999999925e+00	4.804203575999999920e+00
2.369092070000000105e-01	1.091553900000000014e-02	1.138154330000000103e+00	2.369092070000000105e-01	-1.725633700000000006e-02	1.105625014999999989e+00	4.804179382000000054e+00
2.433815350000000099e-01	1.152004499999999959e-02	1.169242335999999938e+00	2.433815350000000099e-01	-1.778474299999999869e-02	1.138141516999999991e+00	4.804153847000000255e+00
2.500306849999999748e-01	1.215802399999999991e-02	1.201179140000000034e+00	2.500306849999999748e-01	-1.817131400000000091e-02	1.171647128999999898e+00	4.804126897999999812e+00
2.568614900000000256e-01	1.283133000000000017e-02	1.233987885999999978e+00	2.568614900000000256e-01	-1.839451799999999859e-02	1.206165761000000058e+00	4.804098457000000266e+00
2.638789100000000221e-01	1.354191899999999948e-02	1.267692346000000025e+00	2.638789100000000221e-01	-1.843095599999999834e-02	1.241720391000000090e+00	4.804068442000000161e+00
2.710880460000000269e-01	1.429185499999999914e-02	1.302316940999999950e+00	2.710880460000000269e-01	-1.825531999999999849e-02	1.278332779999999946e+00	4.804036764000000126e+00
2.784941349999999760e-01	1.508331599999999939e-02	1.337886753000000040e+00	2.784941349999999760e-01	-1.784035600000000166e-02	1.316023141000000063e+00	4.804003331999999737e+00
2.861025569999999796e-01	1.591860000000000150e-02	1.374427542000000058e+00	2.861025569999999796e-01	-1.715686900000000167e-02	1.354809775000000105e+00	4.803968048999999851e+00
2.939188400000000145e-01	1.680013299999999835e-02	1.411965770999999981e+00	2.939188400000000145e-01	-1.617375500000000146e-02	1.394708660999999905e+00	4.803930811999999939e+00
3.019486630000000060e-01	1.773047599999999849e-02	1.450528618000000103e+00	3.019486630000000060e-01	-1.485807899999999973e-02	1.435732994000000096e+00	4.803891514000000029e+00
3.101978590000000202e-01	1.871232999999999924e-02	1.490143997000000109e+00	3.101978590000000202e-01	-1.317521200000000038e-02	1.477892683999999957e+00	4.803850040000000376e+00
3.186724220000000107e-01	1.974854499999999929e-02	1.530840580000000006e+00	3.186724220000000107e-01	-1.108902200000000046e-02	1.521193798999999958e+00	4.803806269999999934e+00
3.273785100000000114e-01	2.084213099999999985e-02	1.572647813999999977e+00	3.273785100000000114e-01	-8.562162999999999372e-03	1.565637959000000023e+00	4.803760075999999657e+00
3.363224459999999971e-01	2.199626199999999906e-02	1.615595941999999896e+00	3.363224459999999971e-01	-5.556448000000000290e-03	1.611221682999999905e+00	4.803711324000000005e+00
3.455107290000000164e-01	2.321428999999999854e-02	1.659716026999999983e+00	3.455107290000000164e-01	-2.033342999999999956e-03	1.657935691000000045e+00	4.803659874000000052e+00
3.549500360000000243e-01	2.449975100000000017e-02	1.705039970000000071e+00	3.549500360000000243e-01	2.045398999999999828e-03	1.705764167999999970e+00	4.803605574999999739e+00
3.646472219999999931e-01	2.585637500000000089e-02	1.751600534000000042e+00	3.646472219999999931e-01	6.716945999999999681e-03	1.754683996000000024e+00	4.803548270000000286e+00
3.746093349999999877e-01	2.728809999999999916e-02	1.799431366999999948e+00	3.746093349999999877e-01	1.201639900000000052e-02	1.804663974999999976e+00	4.803487793000000394e+00
3.848436109999999744e-01	2.879908299999999963e-02	1.848567024999999919e+00	3.848436109999999744e-01	1.797558800000000068e-02	1.855664044999999929e+00	4.803423967999999711e+00
3.953574859999999802e-01	3.039370699999999897e-02	1.899042993999999984e+00	3.953574859999999802e-01	2.462161800000000136e-02	1.907634545000000070e+00	4.803356609999999804e+00
4.061585990000000090e-01	3.207660100000000319e-02	1.950895717999999945e+00	4.061585990000000090e-01	3.197511699999999735e-02	1.960515540000000057e+00	4.803285522999999557e+00
4.172547970000000106e-01	3.385264799999999907e-02	2.004162620999999866e+00	4.172547970000000106e-01	4.004816800000000204e-02	2.014236265000000081e+00	4.803210501999999771e+00
4.286541409999999885e-01	3.572700000000000181e-02	2.058882133000000003e+00	4.286541409999999885e-01	4.884188500000000155e-02	2.068714749000000186e+00	4.803131328000000089e+00
4.403649139999999962e-01	3.770509500000000097e-02	2.115093717000000151e+00	4.403649139999999962e-01	5.834358500000000336e-02	2.123857699000000210e+00	4.803047772000000215e+00
4.523956230000000245e-01	3.979267200000000115e-02	2.172837898000000045e+00	4.523956230000000245e-01	6.852356199999999620e-02	2.179560732000000112e+00	4.802959590999999584e+00
4.647550100000000239e-01	4.199578400000000128e-02	2.232156283000000130e+00	4.647550100000000239e-01	7.933141700000000129e-02	2.235709090999999926e+00	4.802866530000000189e+00
4.774520540000000146e-01	4.432082200000000277e-02	2.293091598000000175e+00	4.774520540000000146e-01	9.069196999999999675e-02	2.292178966999999901e+00	4.802768318000000036e+00
4.904959790000000264e-01	4.677452700000000324e-02	2.355687710000000212e+00	4.904959790000000264e-01	1.025007720000000039e-01	2.348839610999999827e+00	4.802664671999999690e+00
5.038962630000000109e-01	4.936401299999999825e-02	2.419989660999999792e+00	5.038962630000000109e-01	1.146192949999999960e-01	2.405556418000000196e+00	4.802555289999999921e+00
5.176626399999999517e-01	5.209678699999999857e-02	2.486043693000000054e+00	5.176626399999999517e-01	1.268699070000000040e-01	2.462195196000000141e+00	4.802439855000000257e+00
5.318051129999999960e-01	5.498077099999999773e-02	2.553897284000000045e+00	5.318051129999999960e-01	1.390308070000000062e-01	2.518627860000000052e+00	4.802318032999999708e+00
5.463339560000000095e-01	5.802432099999999676e-02	2.623599172000000035e+00	5.463339560000000095e-01	1.508312009999999981e-01	2.574739754999999963e+00	4.802189471000000154e+00
5.612597259999999588e-01	6.123625800000000174e-02	2.695199396000000025e+00	5.612597259999999588e-01	1.619470480000000101e-01	2.630438846000000108e+00	4.802053796000000041e+00
5.765932649999999660e-01	6.462588599999999350e-02	2.768749319999999958e+00	5.765932649999999660e-01	1.719978410000000124e-01	2.685666917999999903e+00	4.801910615999999798e+00
5.923457149999999949e-01	6.820302400000000098e-02	2.844301671000000198e+00	5.923457149999999949e-01	1.805450180000000016e-01	2.740412880000000051e+00	4.801759514999999645e+00
6.085285190000000455e-01	7.197802999999999840e-02	2.921910570000000096e+00	6.085285190000000455e-01	1.870926509999999987e-01	2.794728130999999838e+00	4.801600054999999756e+00
6.251534349999999796e-01	7.596183600000000480e-02	3.001631569000000166e+00	6.251534349999999796e-01	1.910912160000000082e-01	2.848743735000000221e+00	4.801431776000000262e+00
6.422325420000000173e-01	8.016597400000000095e-02	3.083521683999999929e+00	6.422325420000000173e-01	1.919452550000000091e-01	2.902688979000000113e+00	4.801254189999999866e+00
6.597782479999999561e-01	8.460261099999999423e-02	3.167639429999999923e+00	6.597782479999999561e-01	1.890257210000000077e-01	2.956910522999999902e+00	4.801066782000000366e+00
6.778032999999999975e-01	8.928458400000000017e-02	3.254044858999999956e+00	6.778032999999999975e-01	1.816877060000000044e-01	3.011891094000000102e+00	4.800869011999999714e+00
6.963207940000000207e-01	9.422543699999999522e-02	3.342799595999999873e+00	6.963207940000000207e-01	1.692939770000000121e-01	3.068266340000000092e+00	4.800660306000000155e+00
7.153441830000000223e-01	9.943945799999999446e-02	3.433966875999999946e+00	7.153441830000000223e-01	1.512443980000000021e-01	3.126838186000000075e+00	4.800440061999999841e+00
7.348872889999999991e-01	1.049417230000000006e-01	3.527611580999999941e+00	7.348872889999999991e-01	1.270107829999999882e-01	3.188582917000000183e+00	4.800207642000000163e+00
7.549643099999999718e-01	1.107481339999999981e-01	3.623800281999999928e+00	7.549643099999999718e-01	9.617615699999999823e-02	3.254652221000000178e+00	4.799962373999999699e+00
7.755898319999999790e-01	1.168754679999999962e-01	3.722601271999999906e+00	7.755898319999999790e-01	5.847674800000000200e-02	3.326365712999999946e+00	4.799703550000000263e+00
7.967788409999999599e-01	1.233414240000000051e-01	3.824084609999999884e+00	7.967788409999999599e-01	1.384453100000000020e-02	3.405194011999999937e+00	4.799430422999999557e+00
8.185467309999999719e-01	1.301646720000000090e-01	3.928322161000000090e+00	8.185467309999999719e-01	-3.755217500000000014e-02	3.492732186000000016e+00	4.799142202999999718e+00
8.409093159999999623e-01	1.373649060000000088e-01	4.035387630999999864e+00	8.409093159999999623e-01	-9.527254899999999804e-02	3.590664354999999919e+00	4.798838059999999572e+00
8.638828440000000386e-01	1.449629000000000056e-01	4.145356612999999690e+00	8.638828440000000386e-01	-1.585735640000000002e-01	3.700721149000000043e+00	4.798517114000000028e+00
8.874840059999999919e-01	1.529805690000000107e-01	4.258306625000000345e+00	8.874840059999999919e-01	-2.263878709999999905e-01	3.824632429999999861e+00	4.798178441000000127e+00
9.117299479999999567e-01	1.614410239999999885e-01	4.374317151999999709e+00	9.117299479999999567e-01	-2.973091139999999855e-01	3.964078053000000157e+00	4.797821064999999940e+00
9.366382869999999583e-01	1.703686460000000125e-01	4.493469686000000074e+00	9.366382869999999583e-01	-3.695830449999999989e-01	4.120639105999999607e+00	4.797443955000000315e+00
9.622271169999999652e-01	1.797891470000000103e-01	4.615847768000000073e+00	9.622271169999999652e-01	-4.411012999999999740e-01	4.295751103999999820e+00	4.797046025000000213e+00
9.885150310000000440e-01	1.897296440000000028e-01	4.741537028999999848e+00	9.885150310000000440e-01	-5.093935170000000179e-01	4.490658808000000057e+00	4.796626129999999932e+00
1.015521128000000051e+00	2.002187390000000067e-01	4.870625230999999999e+00	1.015521128000000051e+00	-5.716128080000000278e-01	4.706369821000000009e+00	4.796183061999999886e+00
1.043265026999999900e+00	2.112865919999999953e-01	5.003202307999999654e+00	1.043265026999999900e+00	-6.245097330000000113e-01	4.943600804999999987e+00	4.795715546000000273e+00
1.071766884999999947e+00	2.229650099999999913e-01	5.139360404999999687e+00	1.071766884999999947e+00	-6.643912889999999960e-01	5.202706146999999781e+00	4.795222240000000191e+00
1.101047410999999920e+00	2.352875319999999937e-01	5.279193922000000150e+00	1.101047410999999920e+00	-6.870643699999999798e-01	5.483574078000000185e+00	4.794701726000000441e+00
1.131127876999999948e+00	2.482895240000000114e-01	5.422799548999999608e+00	1.131127876999999948e+00	-6.877688410000000196e-01	5.785469629999999697e+00	4.794152509999999978e+00
1.162030136000000047e+00	2.620082779999999834e-01	5.570276308000000398e+00	1.162030136000000047e+00	-6.611151870000000486e-01	6.106797793000000141e+00	4.793573018000000019e+00
1.193776641999999999e+00	2.764831079999999774e-01	5.721725589000000056e+00	1.193776641999999999e+00	-6.010585379999999756e-01	6.444755177000000224e+00	4.792961588999999911e+00
1.226390456999999934e+00	2.917554660000000188e-01	5.877251187999999793e+00	1.226390456999999934e+00	-5.009680859999999791e-01	6.794838196999999802e+00	4.792316471000000355e+00
1.259895277999999896e+00	3.078690499999999775e-01	6.036959341000000201e+00	1.259895277999999896e+00	-3.538924549999999947e-01	7.150189049999999824e+00	4.791635818999999685e+00
1.294315445000000064e+00	3.248699259999999756e-01	6.200958758999999709e+00	1.294315445000000064e+00	-1.531770169999999986e-01	7.500804429999999634e+00	4.790917686000000231e+00
1.329675967000000014e+00	3.428066499999999905e-01	6.369360662000000062e+00	1.329675967000000014e+00	1.063550439999999958e-01	7.832733776000000425e+00	4.790160023000000322e+00
1.366002533999999935e+00	3.617304020000000064e-01	6.542278805999999669e+00	1.366002533999999935e+00	4.264367820000000142e-01	8.127585935999999123e+00	4.789360666000000322e+00
1.403321537999999924e+00	3.816951230000000250e-01	6.719829512999999643e+00	1.403321537999999924e+00	8.025266580000000038e-01	8.362949384000000208e+00	4.788517338000000123e+00
1.441660090999999921e+00	4.027576600000000173e-01	6.902131694999999567e+00	1.441660090999999921e+00	1.220482980000000106e+00	8.514604501999999187e+00	4.787627636999999936e+00
1.481046048999999920e+00	4.249779160000000111e-01	7.089306878000000367e+00	1.481046048999999920e+00	1.653966239000000060e+00	8.561333596000000767e+00	4.786689031999999955e+00
1.521508026000000013e+00	4.484190109999999785e-01	7.281479220999999669e+00	1.521508026000000013e+00	2.064750855000000218e+00	8.492180033000000350e+00	4.785698857999999944e+00
1.563075417999999939e+00	4.731474480000000260e-01	7.478775527999999895e+00	1.563075417999999939e+00	2.408175561999999825e+00	8.313954792000000538e+00	4.784654305000000107e+00
1.605778426000000092e+00	4.992332870000000256e-01	7.681325265999999985e+00	1.605778426000000092e+00	2.643836435999999956e+00	8.054742756999999642e+00	4.783552413999999864e+00
1.649648073999999909e+00	5.267503300000000444e-01	7.889260564999999836e+00	1.649648073999999909e+00	2.747699835000000146e+00	7.759622215000000267e+00	4.782390067999999772e+00
1.694716235000000015e+00	5.557763089999999684e-01	8.102716222999999829e+00	1.694716235000000015e+00	2.719361324999999940e+00	7.479032407000000049e+00	4.781163981999999812e+00
1.741015651999999969e+00	5.863930910000000329e-01	8.321829702000000495e+00	1.741015651999999969e+00	2.580479126000000178e+00	7.255215749000000436e+00	4.779870697999999862e+00
1.788579963000000106e+00	6.186868829999999653e-01	8.546741114999999667e+00	1.788579963000000106e+00	2.365944872000000032e+00	7.113085830000000165e+00	4.778506575999999839e+00
1.837443724999999972e+00	6.527484550000000052e-01	8.777593213999999477e+00	1.837443724999999972e+00	2.112934996999999981e+00	7.058130010000000176e+00	4.777067780000000319e+00
1.887642437000000006e+00	6.886733640000000101e-01	9.014531358999999355e+00	1.887642437000000006e+00	1.852130451000000066e+00	7.079707450999999985e+00	4.775550274000000428e+00
1.939212571999999968e+00	7.265622000000000469e-01	9.257703489000000729e+00	1.939212571999999968e+00	1.602369302999999912e+00	7.156751747000000385e+00	4.773949810000000404e+00
1.992191596000000064e+00	7.665208270000000157e-01	9.507260078999999919e+00	1.992191596000000064e+00	1.367988677999999902e+00	7.264117511000000249e+00	4.772261914000000438e+00
2.046617998999999966e+00	8.086606490000000091e-01	9.763354085999999654e+00	2.046617998999999966e+00	1.138210635999999942e+00	7.379464078999999899e+00	4.770481882000000340e+00
2.102531325000000173e+00	8.530988769999999777e-01	1.002614088800000047e+01	2.102531325000000173e+00	8.893302539999999867e-01	7.490876100999999565e+00	4.768604761999999830e+00
2.159972194999999928e+00	8.999588120000000524e-01	1.029577820899999985e+01	2.159972194999999928e+00	5.913492980000000232e-01	7.603757844000000432e+00	4.766625345999999652e+00
2.218982340999999803e+00	9.493701380000000301e-01	1.057242603000000081e+01	2.218982340999999803e+00	2.189981830000000129e-01	7.743213336000000169e+00	4.764538155000000330e+00
2.279604636999999823e+00	1.001469224999999907e+00	1.085624648599999986e+01	2.279604636999999823e+00	-2.370900079999999910e-01	7.948598528999999857e+00	4.762337428000000372e+00
2.341883125999999926e+00	1.056399445000000048e+00	1.114740375100000058e+01	2.341883125999999926e+00	-7.654727209999999671e-01	8.262063310000000271e+00	4.760017110999999801e+00
2.405863055000000195e+00	1.114311499000000039e+00	1.144606390300000065e+01	2.405863055000000195e+00	-1.337551734999999908e+00	8.718101559999999139e+00	4.757570835000000109e+00
2.471590905999999865e+00	1.175363756000000093e+00	1.175239477000000043e+01	2.471590905999999865e+00	-1.915092170000000094e+00	9.339901983000000740e+00	4.754991912000000376e+00
2.539114434000000031e+00	1.239722602999999923e+00	1.206656576199999975e+01	2.539114434000000031e+00	-2.454477589000000126e+00	1.014189706199999996e+01	4.752273312999999888e+00
2.608482695000000184e+00	1.307562807999999910e+00	1.238874767899999974e+01	2.608482695000000184e+00	-2.903687533999999904e+00	1.113280516500000061e+01	4.749407654999999728e+00
2.679746086999999832e+00	1.379067886999999937e+00	1.271911249100000063e+01	2.679746086999999832e+00	-3.192489061999999933e+00	1.231140308500000025e+01	4.746387185999999758e+00
2.752956386000000144e+00	1.454430498000000016e+00	1.305783310200000003e+01	2.752956386000000144e+00	-3.222359061000000136e+00	1.364522153499999924e+01	4.743203766999999793e+00
2.828166780000000102e+00	1.533852824000000004e+00	1.340508308499999934e+01	2.828166780000000102e+00	-2.878468495999999988e+00	1.502342638400000041e+01	4.739848858000000220e+00
2.905431912000000061e+00	1.617546984999999937e+00	1.376103638400000051e+01	2.905431912000000061e+00	-2.112958969000000131e+00	1.620741501099999837e+01	4.736313498000000344e+00
2.984807916999999922e+00	1.705735447999999987e+00	1.412586699400000079e+01	2.984807916999999922e+00	-1.111143004000000101e+00	1.690042822299999870e+01	4.732588289999999809e+00
3.066352462999999862e+00	1.798651446000000043e+00	1.449974860100000029e+01	3.066352462999999862e+00	-3.191352170000000266e-01	1.704136909600000038e+01	4.728663379000000333e+00
3.150124796000000060e+00	1.896539415999999978e+00	1.488285418999999976e+01	3.150124796000000060e+00	-8.736883400000000632e-02	1.698764306700000049e+01	4.724528441000000356e+00
3.236185777000000208e+00	1.999655425000000042e+00	1.527535561999999913e+01	3.236185777000000208e+00	-3.583461949999999785e-01	1.721738176299999878e+01	4.720172658000000077e+00
3.324597932000000089e+00	2.108267616000000011e+00	1.567742315199999936e+01	3.324597932000000089e+00	-8.038470650000000273e-01	1.799925936700000051e+01	4.715584703000000211e+00
3.415425496000000116e+00	2.222656655000000203e+00	1.608922493900000106e+01	3.415425496000000116e+00	-1.038224577999999898e+00	1.937337984499999877e+01	4.710752718000000172e+00
3.508734456000000002e+00	2.343116171000000136e+00	1.651092647200000130e+01	3.508734456000000002e+00	-6.627271860000000236e-01	2.118044834599999859e+01	4.705664300999999661e+00
3.604592604000000033e+00	2.469953204999999929e+00	1.694268997600000048e+01	3.604592604000000033e+00	6.473367920000000497e-01	2.294387993300000161e+01	4.700306480000000064e+00
3.703069584000000081e+00	2.603488651000000154e+00	1.738467375500000145e+01	3.703069584000000081e+00	2.723367136999999882e+00	2.388228874400000024e+01	4.694665698999999748e+00
3.804236942000000177e+00	2.744057693999999881e+00	1.783703149200000126e+01	3.804236942000000177e+00	4.642774492000000031e+00	2.365780973100000040e+01	4.688727796000000225e+00
3.908168177999999937e+00	2.892010238000000122e+00	1.829991147899999859e+01	3.908168177999999937e+00	5.706660999000000345e+00	2.296024842899999996e+01	4.682477991999999922e+00
4.014938800999999557e+00	3.047711322000000056e+00	1.877345580500000111e+01	4.014938800999999557e+00	6.222265368999999602e+00	2.252195700700000103e+01	4.675900862999999852e+00
4.124626382999999841e+00	3.211541521000000010e+00	1.925779946400000142e+01	4.124626382999999841e+00	6.765438185999999909e+00	2.228084476500000122e+01	4.668980333000000371e+00
4.237310615000000169e+00	3.383897327000000121e+00	1.975306941499999880e+01	4.237310615000000169e+00	7.328148396999999648e+00	2.172837054700000081e+01	4.661699651000000166e+00
4.353073365000000194e+00	3.565191498999999986e+00	2.025938356400000018e+01	4.353073365000000194e+00	7.282867108999999672e+00	2.080896701700000051e+01	4.654041378999999701e+00
4.471998736999999835e+00	3.755853389999999958e+00	2.077684968100000162e+01	4.471998736999999835e+00	6.330290866000000349e+00	2.024331590799999958e+01	4.645987376999999974e+00
4.594173135000000130e+00	3.956329236999999832e+00	2.130556424899999968e+01	4.594173135000000130e+00	4.976430095000000442e+00	2.065028029500000173e+01	4.637518792999999917e+00
4.719685319999999962e+00	4.167082403000000213e+00	2.184561122499999897e+01	4.719685319999999962e+00	3.929429703999999912e+00	2.204356582599999825e+01	4.628616049999999760e+00
4.848626481000000155e+00	4.388593574999999802e+00	2.239706074200000074e+01	4.848626481000000155e+00	3.691610669000000122e+00	2.403046777200000150e+01	4.619258840999999727e+00
4.981090296999999723e+00	4.621360903000000242e+00	2.295996771700000139e+01	4.981090296999999723e+00	4.390006353000000416e+00	2.599820182299999871e+01	4.609426119000000099e+00
5.117173006999999885e+00	4.865900068000000189e+00	2.353437039299999967e+01	5.117173006999999885e+00	5.680950303000000368e+00	2.752938769100000016e+01	4.599096095000000162e+00
5.256973477999999922e+00	5.122744282000000204e+00	2.412028879800000070e+01	5.256973477999999922e+00	7.346020227000000347e+00	2.869013683200000031e+01	4.588246241000000225e+00
5.400593278999999747e+00	5.392444212000000014e+00	2.471772311899999863e+01	5.400593278999999747e+00	9.581554866999999476e+00	2.917175478100000063e+01	4.576853290999999935e+00
5.548136752999999644e+00	5.675567788000000391e+00	2.532665200099999936e+01	5.548136752999999644e+00	1.161503588499999928e+01	2.816522064700000172e+01	4.564893247999999737e+00
5.699711094000000422e+00	5.972699924999999688e+00	2.594703076900000127e+01	5.699711094000000422e+00	1.193279371999999938e+01	2.657992298399999953e+01	4.552341398000000261e+00
5.855426426000000184e+00	6.284442118000000299e+00	2.657878958199999886e+01	5.855426426000000184e+00	1.120118440000000071e+01	2.625438852899999986e+01	4.539172323999999925e+00
6.015395879999999806e+00	6.611411919000000026e+00	2.722183150200000057e+01	6.015395879999999806e+00	1.119659898299999945e+01	2.699121721999999934e+01	4.525359933999999917e+00
6.179735678000000121e+00	6.954242265999999617e+00	2.787603050199999899e+01	6.179735678000000121e+00	1.209400805800000001e+01	2.713110701600000141e+01	4.510877480000000439e+00
6.348565215999999900e+00	7.313580650999999655e+00	2.854122941700000027e+01	6.348565215999999900e+00	1.225314332099999959e+01	2.645916273399999952e+01	4.495697601999999904e+00
6.522007154999999834e+00	7.690088134999999880e+00	2.921723784699999982e+01	6.522007154999999834e+00	1.170118993100000004e+01	2.653120806200000104e+01	4.479792362999999611e+00
6.700187503999999628e+00	8.084438176000000809e+00	2.990382999799999908e+01	6.700187503999999628e+00	1.180738743300000060e+01	2.697791994299999985e+01	4.463133305000000384e+00
6.883235714999999644e+00	8.497315260000000592e+00	3.060074250599999957e+01	6.883235714999999644e+00	1.168745969000000073e+01	2.652920494500000004e+01	4.445691498999999602e+00
7.071284778999999965e+00	8.929413315999999767e+00	3.130767223300000168e+01	7.071284778999999965e+00	1.008833043899999993e+01	2.671303030300000003e+01	4.427437616999999825e+00
7.264471318000000011e+00	9.381433925999999701e+00	3.202427406999999704e+01	7.264471318000000011e+00	8.808182973999999277e+00	2.887534015399999987e+01	4.408342006999999896e+00
7.462935685999999791e+00	9.854084292999999661e+00	3.275015873200000271e+01	7.462935685999999791e+00	9.480142046999999295e+00	3.145207560400000091e+01	4.388374777000000115e+00
7.666822074999999792e+00	1.034807494200000022e+01	3.348489059500000309e+01	7.666822074999999792e+00	1.084726585900000018e+01	3.283215477000000249e+01	4.367505892999999695e+00
7.876278611000000041e+00	1.086411718299999940e+01	3.422798559900000015e+01	7.876278611000000041e+00	1.232047843500000006e+01	3.402421114700000260e+01	4.345705287000000361e+00
8.091457472000000095e+00	1.140292031199999911e+01	3.497890920199999698e+01	8.091457472000000095e+00	1.442767673900000069e+01	3.372106564599999956e+01	4.322942970999999801e+00
8.312514990000000381e+00	1.196518849099999926e+01	3.573707445200000166e+01	8.312514990000000381e+00	1.411283796700000082e+01	3.240160227199999809e+01	4.299189174000000335e+00
8.539611769000000407e+00	1.255161739000000054e+01	3.650184020599999712e+01	8.539611769000000407e+00	1.294095056799999988e+01	3.336677348100000273e+01	4.274414480999999988e+00
8.772912802000000454e+00	1.316289052099999957e+01	3.727250948199999669e+01	8.772912802000000454e+00	1.298227306599999942e+01	3.474533230099999770e+01	4.248589986999999901e+00
9.012587587000000511e+00	1.379967525800000061e+01	3.804832804000000124e+01	9.012587587000000511e+00	1.267397654600000045e+01	3.654898764299999669e+01	4.221687464999999584e+00
9.258810254000000128e+00	1.446261861800000048e+01	3.882848319099999657e+01	9.258810254000000128e+00	1.445625303099999925e+01	3.931250926999999962e+01	4.193679547000000341e+00
9.511759690999999961e+00	1.515234271699999979e+01	3.961210285800000008e+01	9.511759690999999961e+00	1.670246671199999966e+01	3.918007508099999825e+01	4.164539911000000316e+00
9.771619673000000006e+00	1.586943996599999984e+01	4.039825499300000189e+01	9.771619673000000006e+00	1.730559091199999955e+01	4.007454073000000250e+01	4.134243486999999995e+00
1.003857899399999987e+01	1.661446803100000125e+01	4.118594730699999928e+01	1.003857899399999987e+01	1.940814758699999842e+01	3.987838574700000294e+01	4.102766670000000282e+00
1.031283160699999968e+01	1.738794451300000077e+01	4.197412741499999811e+01	1.031283160699999968e+01	1.863180450600000171e+01	3.992548979499999717e+01	4.070087539000000199e+00
1.059457676399999926e+01	1.819034147099999998e+01	4.276168343599999844e+01	1.059457676399999926e+01	2.034537670399999953e+01	4.195238705599999918e+01	4.036186096999999862e+00
1.088401916099999944e+01	1.902207971500000028e+01	4.354744502500000181e+01	1.088401916099999944e+01	2.173853591600000001e+01	4.164083772400000072e+01	4.001044502000000058e+00
1.118136908399999996e+01	1.988352300200000045e+01	4.433018499300000315e+01	1.118136908399999996e+01	2.406830260599999960e+01	4.173904703499999869e+01	3.964647321999999807e+00
1.148684256700000006e+01	2.077497210800000005e+01	4.510862139999999698e+01	1.148684256700000006e+01	2.351428663400000119e+01	3.897041473899999886e+01	3.926981774000000147e+00
1.180066154400000045e+01	2.169665887100000035e+01	4.588142033399999775e+01	1.180066154400000045e+01	2.191911165899999858e+01	3.993705541199999942e+01	3.888037984999999974e+00
1.212305401300000085e+01	2.264874024699999921e+01	4.664719921500000055e+01	1.212305401300000085e+01	2.013061284500000170e+01	4.128534561200000041e+01	3.847809236999999882e+00
1.245425420099999947e+01	2.363129243799999912e+01	4.740453083599999928e+01	1.245425420099999947e+01	2.111524553900000001e+01	4.610594217799999939e+01	3.806292217000000200e+00
1.279450273199999977e+01	2.464430518300000017e+01	4.815194798099999929e+01	1.279450273199999977e+01	2.429387600000000091e+01	4.766816070800000205e+01	3.763487255999999892e+00
1.314404680700000050e+01	2.568767626300000018e+01	4.888794880799999731e+01	1.314404680700000050e+01	2.923660905299999868e+01	4.721044012600000173e+01	3.719398562999999935e+00
1.350314037899999953e+01	2.676120630899999853e+01	4.961100281499999909e+01	1.350314037899999953e+01	2.846883259899999885e+01	4.428851591200000115e+01	3.674034440999999873e+00
1.387204433800000025e+01	2.786459402199999857e+01	5.031955756100000343e+01	1.387204433800000025e+01	2.791144746299999824e+01	4.360815595999999772e+01	3.627407492000000122e+00
1.425102670300000085e+01	2.899743182699999977e+01	5.101204596800000246e+01	1.425102670300000085e+01	2.637934273999999846e+01	4.622207469399999979e+01	3.579534795999999908e+00
1.464036281499999959e+01	3.015920214599999838e+01	5.168689428199999725e+01	1.464036281499999959e+01	2.725936980000000176e+01	4.717099466199999824e+01	3.530438073000000010e+00
1.504033553600000062e+01	3.134927426200000156e+01	5.234253060700000049e+01	1.504033553600000062e+01	2.939516397399999903e+01	4.943394647800000286e+01	3.480143808999999866e+00
1.545123545799999931e+01	3.256690195200000204e+01	5.297739393100000171e+01	1.545123545799999931e+01	3.005748156099999946e+01	5.029601637700000083e+01	3.428683362000000123e+00
1.587336110999999939e+01	3.381122194000000292e+01	5.358994364600000182e+01	1.587336110999999939e+01	3.226034476299999909e+01	4.981043360599999659e+01	3.376093019999999889e+00
1.630701917700000081e+01	3.508125319399999853e+01	5.417866942199999869e+01	1.630701917700000081e+01	3.440809870900000078e+01	4.947564440499999705e+01	3.322414037000000153e+00
1.675252472400000059e+01	3.637589721500000195e+01	5.474210134500000180e+01	1.675252472400000059e+01	3.245791026500000243e+01	4.879556689500000033e+01	3.267692616000000161e+00
1.721020142200000080e+01	3.769393932599999886e+01	5.527882027199999726e+01	1.721020142200000080e+01	3.008280870700000165e+01	4.977753731499999645e+01	3.211979855000000050e+00
1.768038178500000157e+01	3.903405098300000020e+01	5.578746822499999780e+01	1.768038178500000157e+01	3.086373913499999944e+01	5.365470101100000022e+01	3.155331649999999932e+00
1.816340741100000145e+01	4.039479318400000096e+01	5.626675873100000302e+01	1.816340741100000145e+01	3.293184498899999824e+01	5.850122166100000243e+01	3.097808548000000162e+00
1.865962923200000034e+01	4.177462096899999722e+01	5.671548697899999780e+01	1.865962923200000034e+01	3.654941286399999711e+01	6.190217665899999844e+01	3.039475557999999911e+00
1.916940776499999899e+01	4.317188899700000349e+01	5.713253968099999724e+01	1.916940776499999899e+01	4.163152735100000257e+01	6.097665594499999742e+01	2.980401919000000177e+00
1.969311337899999970e+01	4.458485817700000098e+01	5.751690445999999923e+01	1.969311337899999970e+01	4.449747067100000208e+01	5.785114149599999678e+01	2.920660809000000135e+00
2.023112655899999979e+01	4.601170332699999932e+01	5.786767867799999721e+01	2.023112655899999979e+01	4.556478146599999945e+01	5.588521636600000164e+01	2.860329033999999826e+00
2.078383818600000055e+01	4.745052179599999675e+01	5.818407754199999715e+01	2.078383818600000055e+01	4.507996967399999733e+01	5.640385083900000041e+01	2.799486649999999965e+00
2.135164981899999859e+01	4.889934297199999946e+01	5.846544139600000278e+01	2.135164981899999859e+01	4.578279596200000157e+01	5.950709162399999741e+01	2.738216572999999876e+00
2.193497398899999951e+01	5.035613857199999899e+01	5.871124206799999712e+01	2.193497398899999951e+01	4.914629771700000305e+01	6.212990654200000051e+01	2.676604134000000190e+00
2.253423449599999984e+01	5.181883361900000295e+01	5.892108818700000228e+01	2.253423449599999984e+01	5.385244303000000343e+01	6.159386207000000013e+01	2.614736622000000121e+00
2.314986671899999848e+01	5.328531797200000142e+01	5.909472937299999984e+01	2.314986671899999848e+01	5.605809078099999709e+01	5.869747114799999821e+01	2.552702791000000193e+00
2.378231793000000138e+01	5.475345827499999984e+01	5.923205924500000208e+01	2.378231793000000138e+01	5.590236491900000004e+01	5.688915237300000172e+01	2.490592356000000063e+00
2.443204762199999891e+01	5.622111019199999760e+01	5.933311719000000295e+01	2.443204762199999891e+01	5.597846624700000007e+01	5.702460940800000344e+01	2.428495478999999957e+00
2.509952784100000045e+01	5.768613076399999784e+01	5.939808887800000292e+01	2.509952784100000045e+01	5.766876580999999646e+01	5.709537678299999897e+01	2.366502241000000062e+00
2.578524352899999883e+01	5.914639074099999760e+01	5.942730550000000278e+01	2.578524352899999883e+01	5.913542223400000353e+01	5.528168611699999957e+01	2.304702123000000213e+00
2.648969287599999944e+01	6.059978673799999882e+01	5.942124175200000025e+01	2.648969287599999944e+01	5.802391122200000240e+01	5.336773237399999914e+01	2.243183490999999918e+00
2.721338768400000063e+01	6.204425307599999684e+01	5.938051260099999951e+01	2.721338768400000063e+01	5.554146470399999913e+01	5.436109927399999719e+01	2.182033097000000144e+00
2.795685373499999926e+01	6.347777313999999649e+01	5.930586887599999812e+01	2.795685373499999926e+01	5.529175751799999716e+01	5.814430214800000130e+01	2.121335591999999881e+00
2.872063117800000143e+01	6.489839015600000494e+01	5.919819176600000077e+01	2.872063117800000143e+01	5.881310681800000140e+01	6.126399947800000234e+01	2.061173077999999936e+00
2.950527491700000127e+01	6.630421723099999554e+01	5.905848631300000307e+01	2.950527491700000127e+01	6.267848867600000062e+01	6.088276324400000306e+01	2.001624674999999964e+00
3.031135501600000026e+01	6.769344658999999353e+01	5.888787400599999700e+01	3.031135501600000026e+01	6.389993472100000105e+01	5.970422455199999945e+01	1.942766133999999978e+00
3.113945711299999886e+01	6.906435789900000088e+01	5.868758456599999818e+01	3.113945711299999886e+01	6.561592438700000685e+01	6.126614617199999913e+01	1.884669484000000006e+00
3.199018284799999989e+01	7.041532558500000505e+01	5.845894706699999688e+01	3.199018284799999989e+01	7.026288367399999402e+01	6.039720015099999983e+01	1.827402717000000010e+00
3.286415029399999810e+01	7.174482512699999859e+01	5.820338054100000136e+01	3.286415029399999810e+01	7.124804957700000330e+01	5.605346263999999934e+01	1.771029527000000048e+00
3.376199441100000342e+01	7.305143829700000424e+01	5.792238415700000331e+01	3.376199441100000342e+01	7.038353320500000621e+01	5.496167897000000124e+01	1.715609079999999897e+00
3.468436750800000112e+01	7.433385726800000270e+01	5.761752710700000080e+01	3.468436750800000112e+01	6.842701673000000540e+01	5.413539063099999993e+01	1.661195843000000005e+00
3.563193971199999766e+01	7.559088766799999348e+01	5.729043841299999684e+01	3.563193971199999766e+01	6.854819408800000247e+01	5.683387242100000236e+01	1.607839451999999891e+00
3.660539946000000100e+01	7.682145054299999742e+01	5.694279662600000336e+01	3.660539946000000100e+01	6.814011748500000465e+01	5.751458772699999855e+01	1.555584625999999915e+00
3.760545399699999791e+01	7.802458328699999868e+01	5.657631972299999745e+01	3.760545399699999791e+01	7.159010411299999532e+01	6.076733108399999850e+01	1.504471126000000103e+00
3.863282988699999976e+01	7.919943956400000218e+01	5.619275513000000188e+01	3.863282988699999976e+01	7.319836646699999960e+01	6.086827846199999925e+01	1.454533754999999928e+00
3.968827354599999779e+01	8.034528833100000611e+01	5.579387011899999749e+01	3.968827354599999779e+01	7.629915780899999334e+01	5.936356577099999754e+01	1.405802398000000064e+00
4.077255178299999727e+01	8.146151193100000398e+01	5.538144257999999809e+01	4.077255178299999727e+01	7.837670381600000269e+01	5.925291994100000181e+01	1.358302096999999931e+00
4.188645235399999933e+01	8.254760344700000019e+01	5.495725225999999708e+01	4.188645235399999933e+01	7.832369656800000257e+01	5.918153767999999815e+01	1.312053161999999995e+00
4.303078453700000239e+01	8.360316332499999703e+01	5.452307256400000313e+01	4.303078453700000239e+01	7.864667447799999422e+01	5.887520159299999989e+01	1.267071311000000033e+00
4.420637972000000104e+01	8.462789535400000318e+01	5.408066294500000026e+01	4.420637972000000104e+01	7.970319069100000320e+01	5.892860276300000066e+01	1.223367832999999960e+00
4.541409200399999690e+01	8.562160212499999545e+01	5.363176191499999845e+01	4.541409200399999690e+01	8.156664386999999294e+01	5.911047721300000291e+01	1.180949779000000088e+00
4.665479882199999651e+01	8.658418002099999455e+01	5.317808071999999697e+01	4.665479882199999651e+01	8.351640100800000255e+01	5.926876466400000254e+01	1.139820169999999910e+00
4.792940158300000064e+01	8.751561385099999768e+01	5.272129769400000043e+01	4.792940158300000064e+01	8.540750884099999496e+01	5.920227938699999726e+01	1.099978217000000091e+00
4.923882631699999735e+01	8.841597118699999669e+01	5.226305328400000150e+01	4.923882631699999735e+01	8.736735819800000513e+01	5.909408085100000108e+01	1.061419558000000096e+00
5.058402435699999700e+01	8.928539649699999359e+01	5.180494575699999871e+01	5.058402435699999700e+01	8.961319657399999983e+01	5.870822925800000291e+01	1.024136501999999949e+00
5.196597302499999671e+01	9.012410513999999750e+01	5.134852756400000118e+01	5.196597302499999671e+01	9.205311633700000584e+01	5.753573546599999844e+01	9.881182739999999631e-01
5.338567634199999645e+01	9.093237729999999885e+01	5.089530234899999783e+01	5.338567634199999645e+01	9.367995327299999531e+01	5.512879605500000224e+01	9.533512699999999729e-01
5.484416576099999929e+01	9.171055191600000001e+01	5.044672258199999959e+01	5.484416576099999929e+01	9.356345844899999520e+01	5.340264793699999757e+01	9.198193080000000021e-01
5.634250091300000207e+01	9.245902066899999738e+01	5.000418775600000032e+01	5.634250091300000207e+01	9.423298536299999739e+01	5.263186969699999906e+01	8.875038729999999987e-01
5.788177037700000227e+01	9.317822204899999861e+01	4.956904314199999817e+01	5.788177037700000227e+01	9.353687820999999758e+01	5.043690077299999786e+01	8.563843650000000363e-01
5.946309247399999975e+01	9.386863559200000395e+01	4.914257908500000127e+01	5.946309247399999975e+01	9.256560888399999953e+01	5.152786969400000316e+01	8.264383339999999967e-01
6.108761607499999968e+01	9.453077628799999843e+01	4.872603070400000291e+01	6.108761607499999968e+01	9.209700444400000663e+01	5.192426691000000005e+01	7.976417129999999744e-01
6.275652144000000021e+01	9.516518919199999971e+01	4.832057810300000256e+01	6.275652144000000021e+01	9.438883644599999911e+01	5.357532124200000112e+01	7.699690329999999694e-01
6.447102107300000284e+01	9.577244426999999405e+01	4.792734689499999945e+01	6.447102107300000284e+01	9.585277836699999909e+01	5.430984150399999777e+01	7.433936380000000232e-01
6.623236060300000361e+01	9.635313151500000117e+01	4.754740912399999786e+01	6.623236060300000361e+01	9.675994309300000396e+01	5.344010393700000350e+01	7.178878829999999489e-01
6.804181968899999333e+01	9.690785630300000264e+01	4.718178447199999681e+01	6.804181968899999333e+01	9.893544023200000481e+01	5.312577712299999888e+01	6.934233189999999825e-01
6.990071295200000634e+01	9.743723503500000049e+01	4.683144173000000166e+01	6.990071295200000634e+01	1.009978974400000027e+02	5.192403038999999865e+01	6.699708739999999940e-01
7.181039092499999299e+01	9.794189105799999595e+01	4.649730050600000197e+01	7.181039092499999299e+01	1.029234628690000051e+02	4.975483649400000274e+01	6.475010079999999890e-01
7.377224104200000454e+01	9.842245086200000515e+01	4.618023312300000072e+01	7.377224104200000454e+01	1.026259423749999939e+02	4.756606607399999831e+01	6.259838720000000523e-01
7.578768863599999861e+01	9.887954055299999823e+01	4.588106667600000321e+01	7.578768863599999861e+01	1.018843925780000035e+02	4.619126094500000335e+01	6.053894440000000543e-01
7.785819798500000388e+01	9.931378259000000241e+01	4.560058521900000272e+01	7.785819798500000388e+01	1.010451056010000030e+02	4.562160891999999990e+01	5.856876530000000303e-01
7.998527336799999432e+01	9.972579279400000019e+01	4.533953205800000319e+01	7.998527336799999432e+01	9.930304555200000038e+01	4.628612494400000088e+01	5.668484980000000339e-01
8.217046016099999406e+01	1.001161776090000046e+02	4.509861211300000150e+01	8.217046016099999406e+01	1.004542588439999946e+02	4.784996731300000050e+01	5.488421510000000003e-01
8.441534595999999624e+01	1.004855315800000000e+02	4.487849432499999835e+01	8.441534595999999624e+01	1.008519879140000057e+02	4.840061362000000145e+01	5.316390500000000019e-01
8.672156173400000512e+01	1.008344351020000005e+02	4.467981411699999938e+01	8.672156173400000512e+01	1.029193032900000020e+02	4.811756036999999964e+01	5.152099799999999563e-01
8.909078300900000613e+01	1.011634523329999951e+02	4.450317584399999760e+01	8.909078300900000613e+01	1.040634204670000003e+02	4.789725080699999893e+01	4.995261500000000021e-01
9.152473108799999579e+01	1.014731293450000038e+02	4.434915524400000209e+01	9.152473108799999579e+01	1.043140685000000047e+02	4.733584879899999720e+01	4.845592519999999959e-01
9.402517429700000662e+01	1.017639924439999959e+02	4.421830188199999867e+01	9.402517429700000662e+01	1.044024849439999940e+02	4.700584719700000136e+01	4.702815200000000084e-01
9.659392927400000417e+01	1.020365466540000057e+02	4.411114155700000339e+01	9.659392927400000417e+01	1.049869341370000058e+02	4.695515282699999915e+01	4.566657749999999960e-01
9.923286228800000686e+01	1.022912743659999961e+02	4.402817866200000196e+01	9.923286228800000686e+01	1.059195539260000061e+02	4.640588215700000063e+01	4.436854650000000011e-01
1.019438905939999955e+02	1.025286341179999994e+02	4.396989851000000016e+01	1.019438905939999955e+02	1.061855338069999988e+02	4.559714730400000349e+01	4.313146990000000236e-01
1.047289838239999966e+02	1.027490595120000023e+02	4.393676959100000090e+01	1.047289838239999966e+02	1.068096632670000048e+02	4.505197794299999714e+01	4.195282719999999799e-01
1.075901654219999983e+02	1.029529582159999990e+02	4.392924577400000175e+01	1.075901654219999983e+02	1.060545474940000048e+02	4.382012243500000181e+01	4.083016839999999981e-01
