1.000000000000000056e-01	9.345634000000000233e-03	9.262678859999999847e-01	1.000000000000000056e-01	2.362793000000000185e-03	8.740381050000000096e-01	9.262678859999999403e+00
1.027319859999999974e-01	9.847790000000000363e-03	9.515700499999999451e-01	1.027319859999999974e-01	2.032289999999999965e-03	8.978663089999999736e-01	9.262646262000000519e+00
1.055386100000000049e-01	1.037780100000000073e-02	9.775631740000000347e-01	1.055386100000000049e-01	1.675800000000000076e-03	9.223434729999999693e-01	9.262611769999999467e+00
1.084219109999999958e-01	1.093721700000000081e-02	1.004266110000000101e+00	1.084219109999999958e-01	1.291077000000000067e-03	9.474874690000000266e-01	9.262575270999999333e+00
1.113839830000000058e-01	1.152766900000000080e-02	1.031698221000000082e+00	1.113839830000000058e-01	8.756690000000000350e-04	9.733167130000000000e-01	9.262536641000000515e+00
1.144269779999999986e-01	1.215088299999999948e-02	1.059879397000000001e+00	1.144269779999999986e-01	4.269000000000000225e-04	9.998501869999999458e-01	9.262495751999999527e+00
1.175531070000000039e-01	1.280868100000000058e-02	1.088830068999999900e+00	1.175531070000000039e-01	-5.814900000000000179e-05	1.027107473000000049e+00	9.262452465000000856e+00
1.207646420000000054e-01	1.350298299999999965e-02	1.118571224000000086e+00	1.207646420000000054e-01	-5.826590000000000198e-04	1.055108777999999914e+00	9.262406631999999362e+00
1.240639159999999963e-01	1.423581999999999972e-02	1.149124416000000037e+00	1.240639159999999963e-01	-1.150102999999999976e-03	1.083874970000000104e+00	9.262358095999999819e+00
1.274533250000000062e-01	1.500933500000000038e-02	1.180511786999999924e+00	1.274533250000000062e-01	-1.764266000000000011e-03	1.113427613999999899e+00	9.262306689000000759e+00
1.309353329999999871e-01	1.582578899999999983e-02	1.212756077999999960e+00	1.309353329999999871e-01	-2.429271000000000208e-03	1.143789013999999993e+00	9.262252232999999890e+00
1.345124679999999961e-01	1.668757200000000121e-02	1.245880647999999979e+00	1.345124679999999961e-01	-3.149611000000000077e-03	1.174982254999999975e+00	9.262194536999999173e+00
1.381873309999999966e-01	1.759720500000000118e-02	1.279909489000000011e+00	1.381873309999999966e-01	-3.930176999999999976e-03	1.207031254999999970e+00	9.262133396999999491e+00
1.419625899999999996e-01	1.855735199999999918e-02	1.314867242999999908e+00	1.419625899999999996e-01	-4.776291000000000217e-03	1.239960818999999992e+00	9.262068594000000488e+00
1.458409880000000047e-01	1.957082200000000161e-02	1.350779219000000086e+00	1.458409880000000047e-01	-5.693738999999999745e-03	1.273796700999999976e+00	9.261999897999999121e+00
1.498253439999999992e-01	2.064058499999999949e-02	1.387671410000000050e+00	1.498253439999999992e-01	-6.688809000000000421e-03	1.308565669999999903e+00	9.261927058999999574e+00
1.539185519999999863e-01	2.176977500000000162e-02	1.425570514999999983e+00	1.539185519999999863e-01	-7.768324000000000062e-03	1.344295589999999985e+00	9.261849810999999377e+00
1.581235860000000104e-01	2.296170200000000050e-02	1.464503950000000110e+00	1.581235860000000104e-01	-8.939684999999999299e-03	1.381015499000000091e+00	9.261767870999999985e+00
1.624435009999999902e-01	2.421985899999999983e-02	1.504499876999999985e+00	1.624435009999999902e-01	-1.021090799999999944e-02	1.418755706000000005e+00	9.261680933999999255e+00
1.668814349999999946e-01	2.554793600000000026e-02	1.545587212999999904e+00	1.668814349999999946e-01	-1.159066500000000000e-02	1.457547895999999898e+00	9.261588675000000492e+00
1.714406139999999912e-01	2.694982900000000153e-02	1.587795655999999944e+00	1.714406139999999912e-01	-1.308832199999999946e-02	1.497425245000000071e+00	9.261490746999999857e+00
1.761243479999999861e-01	2.842965199999999970e-02	1.631155705999999928e+00	1.761243479999999861e-01	-1.471398299999999992e-02	1.538422549999999944e+00	9.261386775000000071e+00
1.809360409999999919e-01	2.999174799999999863e-02	1.675698679999999996e+00	1.809360409999999919e-01	-1.647852600000000028e-02	1.580576376000000005e+00	9.261276362000000262e+00
1.858791890000000002e-01	3.164070499999999814e-02	1.721456740000000041e+00	1.858791890000000002e-01	-1.839363899999999982e-02	1.623925214000000006e+00	9.261159078000000378e+00
1.909573830000000083e-01	3.338136500000000312e-02	1.768462908000000056e+00	1.909573830000000083e-01	-2.047185199999999872e-02	1.668509663999999892e+00	9.261034465999999910e+00
1.961743129999999891e-01	3.521884399999999915e-02	1.816751095000000094e+00	1.961743129999999891e-01	-2.272656899999999855e-02	1.714372629999999953e+00	9.260902035000000865e+00
2.015337690000000015e-01	3.715853899999999738e-02	1.866356115999999954e+00	2.015337690000000015e-01	-2.517208199999999840e-02	1.761559544999999893e+00	9.260761256000000330e+00
2.070396439999999949e-01	3.920615499999999948e-02	1.917313720000000110e+00	2.070396439999999949e-01	-2.782358899999999927e-02	1.810118611999999905e+00	9.260611566999999766e+00
2.126959390000000005e-01	4.136771000000000198e-02	1.969660607000000008e+00	2.126959390000000005e-01	-3.069718999999999920e-02	1.860101081000000045e+00	9.260452360000000382e+00
2.185067629999999927e-01	4.364956400000000181e-02	2.023434458000000102e+00	2.185067629999999927e-01	-3.380987500000000312e-02	1.911561542000000058e+00	9.260282987000000077e+00
2.244763379999999975e-01	4.605842699999999901e-02	2.078673954000000101e+00	2.244763379999999975e-01	-3.717949000000000254e-02	1.964558256999999974e+00	9.260102751999999882e+00
2.306090010000000079e-01	4.860138700000000284e-02	2.135418801999999783e+00	2.306090010000000079e-01	-4.082468300000000050e-02	2.019153527999999920e+00	9.259910905999999997e+00
2.369092070000000105e-01	5.128592600000000251e-02	2.193709763999999840e+00	2.369092070000000105e-01	-4.476482400000000167e-02	2.075414085999999880e+00	9.259706651000000122e+00
2.433815350000000099e-01	5.411994500000000263e-02	2.253588675000000041e+00	2.433815350000000099e-01	-4.901988799999999757e-02	2.133411535000000026e+00	9.259489127000000153e+00
2.500306849999999748e-01	5.711178299999999930e-02	2.315098475000000100e+00	2.500306849999999748e-01	-5.361030099999999909e-02	2.193222820999999989e+00	9.259257413000000270e+00
2.568614900000000256e-01	6.027024500000000007e-02	2.378283235000000051e+00	2.568614900000000256e-01	-5.855674699999999927e-02	2.254930750000000206e+00	9.259010524000000686e+00
2.638789100000000221e-01	6.360462399999999850e-02	2.443188177000000127e+00	2.638789100000000221e-01	-6.387990899999999861e-02	2.318624543999999954e+00	9.258747401999999127e+00
2.710880460000000269e-01	6.712473100000000692e-02	2.509859709000000105e+00	2.710880460000000269e-01	-6.960015299999999794e-02	2.384400448000000061e+00	9.258466915999999713e+00
2.784941349999999760e-01	7.084091900000000219e-02	2.578345447999999873e+00	2.784941349999999760e-01	-7.573714300000000677e-02	2.452362370999999985e+00	9.258167853999999863e+00
2.861025569999999796e-01	7.476411500000000598e-02	2.648694247999999973e+00	2.861025569999999796e-01	-8.230935899999999861e-02	2.522622580999999808e+00	9.257848920000000703e+00
2.939188400000000145e-01	7.890585099999999907e-02	2.720956225000000117e+00	2.939188400000000145e-01	-8.933352899999999486e-02	2.595302435999999879e+00	9.257508727999999465e+00
3.019486630000000060e-01	8.327829200000000376e-02	2.795182792999999943e+00	3.019486630000000060e-01	-9.682393799999999828e-02	2.670533162999999988e+00	9.257145796999999732e+00
3.101978590000000202e-01	8.789427599999999341e-02	2.871426682000000064e+00	3.101978590000000202e-01	-1.047916190000000025e-01	2.748456672000000101e+00	9.256758546000000365e+00
3.186724220000000107e-01	9.276734300000000211e-02	2.949741974999999794e+00	3.186724220000000107e-01	-1.132433870000000009e-01	2.829226409999999969e+00	9.256345289000000420e+00
3.273785100000000114e-01	9.791177500000000644e-02	3.030184132000000030e+00	3.273785100000000114e-01	-1.221807169999999942e-01	2.913008238999999833e+00	9.255904230000000510e+00
3.363224459999999971e-01	1.033426320000000037e-01	3.112810018999999873e+00	3.363224459999999971e-01	-1.315984249999999911e-01	2.999981349000000019e+00	9.255433458000000613e+00
3.455107290000000164e-01	1.090757950000000032e-01	3.197677940999999802e+00	3.455107290000000164e-01	-1.414831460000000041e-01	3.090339174999999994e+00	9.254930941999999661e+00
3.549500360000000243e-01	1.151280050000000055e-01	3.284847667000000193e+00	3.549500360000000243e-01	-1.518115620000000110e-01	3.184290331999999779e+00	9.254394527000000537e+00
3.646472219999999931e-01	1.215169059999999940e-01	3.374380463000000052e+00	3.646472219999999931e-01	-1.625483640000000007e-01	3.282059536999999860e+00	9.253821930000000862e+00
3.746093349999999877e-01	1.282610909999999937e-01	3.466339120000000218e+00	3.746093349999999877e-01	-1.736439009999999894e-01	3.383888513000000042e+00	9.253210736999999853e+00
3.848436109999999744e-01	1.353801500000000047e-01	3.560787985999999794e+00	3.848436109999999744e-01	-1.850314809999999976e-01	3.490036862000000184e+00	9.252558402000000015e+00
3.953574859999999802e-01	1.428947180000000039e-01	3.657792998000000129e+00	3.953574859999999802e-01	-1.966242589999999957e-01	3.600782872999999995e+00	9.251862241999999625e+00
4.061585990000000090e-01	1.508265219999999907e-01	3.757421708999999943e+00	4.061585990000000090e-01	-2.083116750000000017e-01	3.716424248000000041e+00	9.251119440000000083e+00
4.172547970000000106e-01	1.591984409999999961e-01	3.859743327999999973e+00	4.172547970000000106e-01	-2.199553340000000023e-01	3.837278711000000175e+00	9.250327043000000415e+00
4.286541409999999885e-01	1.680345560000000016e-01	3.964828745999999793e+00	4.286541409999999885e-01	-2.313842720000000019e-01	3.963684454000000024e+00	9.249481967999999554e+00
4.403649139999999962e-01	1.773602099999999904e-01	4.072750574999999706e+00	4.403649139999999962e-01	-2.423894689999999963e-01	4.096000357000000314e+00	9.248581001999999884e+00
4.523956230000000245e-01	1.872020660000000003e-01	4.183583180000000290e+00	4.523956230000000245e-01	-2.527174830000000205e-01	4.234605909999999973e+00	9.247620811000000884e+00
4.647550100000000239e-01	1.975881750000000048e-01	4.297402722000000175e+00	4.647550100000000239e-01	-2.620630330000000008e-01	4.379900721000000274e+00	9.246597943999999458e+00
4.774520540000000146e-01	2.085480399999999901e-01	4.414287188000000306e+00	4.774520540000000146e-01	-2.700603249999999900e-01	4.532303449999999678e+00	9.245508848000000057e+00
4.904959790000000264e-01	2.201126850000000024e-01	4.534316441999999725e+00	4.904959790000000264e-01	-2.762728520000000132e-01	4.692249956000000388e+00	9.244349873000000883e+00
5.038962630000000109e-01	2.323147379999999929e-01	4.657572256999999993e+00	5.038962630000000109e-01	-2.801813739999999830e-01	4.860190349999999881e+00	9.243117291000000790e+00
5.176626399999999517e-01	2.451885030000000021e-01	4.784138368999999891e+00	5.176626399999999517e-01	-2.811697040000000203e-01	5.036584511000000042e+00	9.241807309000000359e+00
5.318051129999999960e-01	2.587700549999999988e-01	4.914100518999999778e+00	5.318051129999999960e-01	-2.785078679999999918e-01	5.221895457999999657e+00	9.240416084999999669e+00
5.463339560000000095e-01	2.730973309999999987e-01	5.047546503999999601e+00	5.463339560000000095e-01	-2.713321739999999815e-01	5.416579715000000128e+00	9.238939749000000035e+00
5.612597259999999588e-01	2.882102329999999824e-01	5.184566228999999637e+00	5.612597259999999588e-01	-2.586216669999999995e-01	5.621073465000000269e+00	9.237374413999999589e+00
5.765932649999999660e-01	3.041507460000000274e-01	5.325251759000000362e+00	5.765932649999999660e-01	-2.391704920000000123e-01	5.835772803000000231e+00	9.235716201000000680e+00
5.923457149999999949e-01	3.209630569999999961e-01	5.469697372999999807e+00	5.923457149999999949e-01	-2.115558120000000097e-01	6.061005764999999990e+00	9.233961246999999872e+00
6.085285190000000455e-01	3.386936950000000168e-01	5.617999621000000054e+00	6.085285190000000455e-01	-1.741012080000000073e-01	6.296992933000000292e+00	9.232105719999999849e+00
6.251534349999999796e-01	3.573916859999999862e-01	5.770257369000000303e+00	6.251534349999999796e-01	-1.248361419999999972e-01	6.543792267999999801e+00	9.230145821000000694e+00
6.422325420000000173e-01	3.771087200000000084e-01	5.926571854999999722e+00	6.422325420000000173e-01	-6.145320399999999739e-02	6.801222365000000103e+00	9.228077784999999977e+00
6.597782479999999561e-01	3.978993370000000196e-01	6.087046726999999713e+00	6.597782479999999561e-01	1.873311199999999968e-02	7.068756576000000180e+00	9.225897860999999978e+00
6.778032999999999975e-01	4.198211350000000119e-01	6.251788072000000085e+00	6.778032999999999975e-01	1.188189139999999977e-01	7.345378526000000186e+00	9.223602293000000785e+00
6.963207940000000207e-01	4.429349949999999980e-01	6.420904440000000157e+00	6.963207940000000207e-01	2.423219970000000112e-01	7.629387904999999748e+00	9.221187268999999631e+00
7.153441830000000223e-01	4.673053209999999957e-01	6.594506842000000368e+00	7.153441830000000223e-01	3.931501720000000200e-01	7.918145006999999680e+00	9.218648861000000139e+00
7.348872889999999991e-01	4.930003050000000275e-01	6.772708721999999959e+00	7.348872889999999991e-01	5.754928169999999898e-01	8.207745289000000000e+00	9.215982942000000122e+00
7.549643099999999718e-01	5.200922049999999741e-01	6.955625910000000189e+00	7.549643099999999718e-01	7.935842960000000224e-01	8.492624843999999840e+00	9.213185069999999754e+00
7.755898319999999790e-01	5.486576250000000377e-01	7.143376531999999557e+00	7.755898319999999790e-01	1.051267270000000087e+00	8.765120106999999550e+00	9.210250358999999776e+00
7.967788409999999599e-01	5.787778080000000047e-01	7.336080884000000246e+00	7.967788409999999599e-01	1.351265884000000028e+00	9.015048747999999890e+00	9.207173316000000440e+00
8.185467309999999719e-01	6.105389199999999850e-01	7.533861262000000281e+00	8.185467309999999719e-01	1.694078605999999931e+00	9.229452247999999415e+00	9.203947655000000339e+00
8.409093159999999623e-01	6.440323140000000501e-01	7.736841746999999714e+00	8.409093159999999623e-01	2.076448018999999867e+00	9.392745236999999747e+00	9.200566099999999636e+00
8.638828440000000386e-01	6.793547659999999988e-01	7.945147945999999628e+00	8.638828440000000386e-01	2.489505047000000193e+00	9.487627720000000764e+00	9.197020173000000298e+00
8.874840059999999919e-01	7.166086659999999497e-01	8.158906698999999207e+00	8.874840059999999919e-01	2.916958596000000181e+00	9.497157079999999141e+00	9.193299982999999287e+00
9.117299479999999567e-01	7.559021470000000242e-01	8.378245748999999520e+00	9.117299479999999567e-01	3.334085020999999927e+00	9.408202868000000052e+00	9.189394033999999323e+00
9.366382869999999583e-01	7.973491369999999856e-01	8.603293416999999721e+00	9.366382869999999583e-01	3.708582467999999910e+00	9.215963312999999602e+00	9.185289069999999612e+00
9.622271169999999652e-01	8.410693320000000028e-01	8.834178277999999551e+00	9.622271169999999652e-01	4.004211012999999930e+00	8.928331886000000495e+00	9.180969979000000336e+00
9.885150310000000440e-01	8.871880680000000519e-01	9.071028890999999206e+00	9.885150310000000440e-01	4.187171977000000211e+00	8.568118740999999261e+00	9.176419784000000135e+00
1.015521128000000051e+00	9.358361259999999904e-01	9.313973614000000012e+00	1.015521128000000051e+00	4.233557558000000220e+00	8.171286028999999118e+00	9.171619732999999997e+00
1.043265026999999900e+00	9.871494539999999818e-01	9.563140545999999631e+00	1.043265026999999900e+00	4.134969077000000048e+00	7.780936574000000050e+00	9.166549534999999693e+00
1.071766884999999947e+00	1.041268880999999924e+00	9.818657633999999135e+00	1.071766884999999947e+00	3.899812577000000058e+00	7.439058132999999629e+00	9.161187723999999477e+00
1.101047410999999920e+00	1.098339855999999948e+00	1.008065298600000048e+01	1.101047410999999920e+00	3.549888982000000137e+00	7.179268798999999923e+00	9.155512183000000803e+00
1.131127876999999948e+00	1.158512301000000022e+00	1.034925540000000055e+01	1.131127876999999948e+00	3.114177197000000064e+00	7.023028842000000438e+00	9.149500788999999301e+00
1.162030136000000047e+00	1.221940674000000060e+00	1.062459510699999932e+01	1.162030136000000047e+00	2.622540491000000085e+00	6.979749284999999581e+00	9.143132156000000066e+00
1.193776641999999999e+00	1.288784359999999962e+00	1.090680467199999981e+01	1.193776641999999999e+00	2.101287285000000171e+00	7.049545483000000168e+00	9.136386398999999159e+00
1.226390456999999934e+00	1.359208477999999998e+00	1.119601996499999963e+01	1.226390456999999934e+00	1.571121962000000094e+00	7.226909657000000209e+00	9.129245827000000091e+00
1.259895277999999896e+00	1.433385201999999969e+00	1.149238103200000083e+01	1.259895277999999896e+00	1.047023553000000051e+00	7.504036401999999661e+00	9.121695456999999507e+00
1.294315445000000064e+00	1.511495625000000009e+00	1.179603268500000013e+01	1.294315445000000064e+00	5.392704999999999860e-01	7.873245644999999904e+00	9.113723185999999643e+00
1.329675967000000014e+00	1.593732101999999928e+00	1.210712453600000060e+01	1.329675967000000014e+00	5.496214800000000233e-02	8.328462566000000677e+00	9.105319515999999780e+00
1.366002533999999935e+00	1.680300925999999917e+00	1.242581023400000007e+01	1.366002533999999935e+00	-4.003341859999999808e-01	8.865936208000000818e+00	9.096476708000000855e+00
1.403321537999999924e+00	1.771425030000000067e+00	1.275224567999999969e+01	1.403321537999999924e+00	-8.209387700000000399e-01	9.484386081000000246e+00	9.087187318999999874e+00
1.441660090999999921e+00	1.867346283999999912e+00	1.308658611100000080e+01	1.441660090999999921e+00	-1.199397537000000069e+00	1.018465397599999989e+01	9.077442172999999670e+00
1.481046048999999920e+00	1.968326865000000092e+00	1.342898212399999913e+01	1.481046048999999920e+00	-1.524741330999999978e+00	1.096875820500000032e+01	9.067227945999999150e+00
1.521508026000000013e+00	2.074649135000000033e+00	1.377957496500000012e+01	1.521508026000000013e+00	-1.780703163000000089e+00	1.183801658199999984e+01	9.056524667999999778e+00
1.563075417999999939e+00	2.186613570000000006e+00	1.413849173500000056e+01	1.563075417999999939e+00	-1.944271155000000029e+00	1.278966216200000083e+01	9.045303619000000239e+00
1.605778426000000092e+00	2.304534550000000070e+00	1.450584141500000079e+01	1.605778426000000092e+00	-1.985720611000000080e+00	1.381131761900000043e+01	9.033526159000000888e+00
1.649648073999999909e+00	2.428734270000000084e+00	1.488171285399999988e+01	1.649648073999999909e+00	-1.872549419999999909e+00	1.487341468800000044e+01	9.021144016999999238e+00
1.694716235000000015e+00	2.559535630000000062e+00	1.526617580399999952e+01	1.694716235000000015e+00	-1.580828714999999995e+00	1.592226900700000058e+01	9.008101466999999474e+00
1.741015651999999969e+00	2.697255649000000144e+00	1.565928573100000065e+01	1.741015651999999969e+00	-1.115535855000000076e+00	1.688157489399999989e+01	8.994339430000000135e+00
1.788579963000000106e+00	2.842201449000000046e+00	1.606109237800000145e+01	1.788579963000000106e+00	-5.320672119999999561e-01	1.767338590900000028e+01	8.979801132000000408e+00
1.837443724999999972e+00	2.994671041000000145e+00	1.647165087300000152e+01	1.837443724999999972e+00	6.264242800000000000e-02	1.825957933800000177e+01	8.964438286000000033e+00
1.887642437000000006e+00	3.154960578999999932e+00	1.689103283700000091e+01	1.887642437000000006e+00	5.475681340000000397e-01	1.867835998199999992e+01	8.948216306000000841e+00
1.939212571999999968e+00	3.323378425000000025e+00	1.731933377900000082e+01	1.939212571999999968e+00	8.463952380000000497e-01	1.903962516800000060e+01	8.931116696000000132e+00
1.992191596000000064e+00	3.500264113000000066e+00	1.775667266199999972e+01	1.992191596000000064e+00	9.631645290000000470e-01	1.947840215800000152e+01	8.913135010999999608e+00
2.046617998999999966e+00	3.686007710999999798e+00	1.820318045000000140e+01	2.046617998999999966e+00	9.761985119999999627e-01	2.010437244099999887e+01	8.894273604000000333e+00
2.102531325000000173e+00	3.881062879999999993e+00	1.865897716399999950e+01	2.102531325000000173e+00	1.012681227999999933e+00	2.097350912299999948e+01	8.874529926999999319e+00
2.159972194999999928e+00	4.085946407999999863e+00	1.912414122199999866e+01	2.159972194999999928e+00	1.226798096000000005e+00	2.207162849599999888e+01	8.853883057999999195e+00
2.218982340999999803e+00	4.301219286000000253e+00	1.959867965400000145e+01	2.218982340999999803e+00	1.772846976000000074e+00	2.328803609799999919e+01	8.832282838999999441e+00
2.279604636999999823e+00	4.527450045000000145e+00	2.008251125399999992e+01	2.279604636999999823e+00	2.734069737000000000e+00	2.438663371999999896e+01	8.809646604999999298e+00
2.341883125999999926e+00	4.765169366000000295e+00	2.057547426100000010e+01	2.341883125999999926e+00	3.986763816999999932e+00	2.505406017600000013e+01	8.785867250000000794e+00
2.405863055000000195e+00	5.014833046999999766e+00	2.107736386899999914e+01	2.405863055000000195e+00	5.126072301999999858e+00	2.512631233400000141e+01	8.760832761999999718e+00
2.471590905999999865e+00	5.276813974000000407e+00	2.158799246299999908e+01	2.471590905999999865e+00	5.688936607999999673e+00	2.484091283600000111e+01	8.734452132999999563e+00
2.539114434000000031e+00	5.551437983999999659e+00	2.210725055700000041e+01	2.539114434000000031e+00	5.529965486000000041e+00	2.473576770500000066e+01	8.706677518999999421e+00
2.608482695000000184e+00	5.839061369999999584e+00	2.263513606200000083e+01	2.608482695000000184e+00	4.886850006000000413e+00	2.530237829600000055e+01	8.677510533999999609e+00
2.679746086999999832e+00	6.140163056999999647e+00	2.317172300400000040e+01	2.679746086999999832e+00	4.195652465000000220e+00	2.684965538300000176e+01	8.646984546000000549e+00
2.752956386000000144e+00	6.455403715000000098e+00	2.371706389199999876e+01	2.752956386000000144e+00	4.060120733999999842e+00	2.958017540000000167e+01	8.615125184000000047e+00
2.828166780000000102e+00	6.785603437999999876e+00	2.427105853999999852e+01	2.828166780000000102e+00	5.544129864000000296e+00	3.349905675299999785e+01	8.581904967999999911e+00
2.905431912000000061e+00	7.131621041999999910e+00	2.483335833099999945e+01	2.905431912000000061e+00	1.047966757899999912e+01	3.739984160699999904e+01	8.547217446999999524e+00
2.984807916999999922e+00	7.494177312999999785e+00	2.540338113700000022e+01	2.984807916999999922e+00	1.907040009099999978e+01	3.673191756300000321e+01	8.510893110999999678e+00
3.066352462999999862e+00	7.873722916000000183e+00	2.598046652200000040e+01	3.066352462999999862e+00	2.414303643299999891e+01	2.896145260500000163e+01	8.472759355999999187e+00
3.150124796000000060e+00	8.270462547999999359e+00	2.656410909799999942e+01	3.150124796000000060e+00	2.181943794800000092e+01	2.180584932600000059e+01	8.432716422000000378e+00
3.236185777000000208e+00	8.684573427000000123e+00	2.715411947400000159e+01	3.236185777000000208e+00	1.722359034200000139e+01	1.911151106100000163e+01	8.390778943000000822e+00
3.324597932000000089e+00	9.116513081000000795e+00	2.775055588900000103e+01	3.324597932000000089e+00	1.335360915499999912e+01	1.929956987699999971e+01	8.347041192000000720e+00
3.415425496000000116e+00	9.567189020000000710e+00	2.835339893800000155e+01	3.415425496000000116e+00	1.075401245499999980e+01	2.091053331599999865e+01	8.301571494999999246e+00
3.508734456000000002e+00	1.003778933599999945e+01	2.896216083999999924e+01	3.508734456000000002e+00	9.503143706999999551e+00	2.310986399500000132e+01	8.254303996000000865e+00
3.604592604000000033e+00	1.052930602700000051e+01	2.957576373499999889e+01	3.604592604000000033e+00	9.548582801000000231e+00	2.504253394399999877e+01	8.205022587000000200e+00
3.703069584000000081e+00	1.104209804299999931e+01	3.019289904600000085e+01	3.703069584000000081e+00	1.008215933399999997e+01	2.581566589299999848e+01	8.153478718000000569e+00
3.804236942000000177e+00	1.157594676199999917e+01	3.081267454199999989e+01	3.804236942000000177e+00	9.607608844999999675e+00	2.574233956100000142e+01	8.099567670000000774e+00
3.908168177999999937e+00	1.213071577500000053e+01	3.143496386700000045e+01	3.908168177999999937e+00	7.752428939999999713e+00	2.638421684400000089e+01	8.043401010000000184e+00
4.014938800999999557e+00	1.270709004899999961e+01	3.205996528200000029e+01	4.014938800999999557e+00	5.445567076999999756e+00	2.883393746500000177e+01	7.985169108000000016e+00
4.124626382999999841e+00	1.330655889900000055e+01	3.268720806399999645e+01	4.124626382999999841e+00	4.026040973999999828e+00	3.359480881100000005e+01	7.924889440000000285e+00
4.237310615000000169e+00	1.393040023600000055e+01	3.331502437500000013e+01	4.237310615000000169e+00	6.038463853999999742e+00	4.046859529900000041e+01	7.862304041999999882e+00
4.353073365000000194e+00	1.457861345699999944e+01	3.394131523299999742e+01	4.353073365000000194e+00	1.444303696899999956e+01	4.442850127500000212e+01	7.797092396000000036e+00
4.471998736999999835e+00	1.525019741500000059e+01	3.456502681500000307e+01	4.471998736999999835e+00	2.094159091499999903e+01	3.903039891000000239e+01	7.729212114000000078e+00
4.594173135000000130e+00	1.594482759999999999e+01	3.518651869199999993e+01	4.594173135000000130e+00	1.896433438100000046e+01	3.429969829699999906e+01	7.658944854999999663e+00
4.719685319999999962e+00	1.666394293300000129e+01	3.580592608999999982e+01	4.719685319999999962e+00	1.555685596600000054e+01	3.514584086299999655e+01	7.586507079000000431e+00
4.848626481000000155e+00	1.740939238099999997e+01	3.642136124499999994e+01	4.848626481000000155e+00	1.521707983499999983e+01	3.938582486800000027e+01	7.511686326999999608e+00
4.981090296999999723e+00	1.818100648600000113e+01	3.702976023200000100e+01	4.981090296999999723e+00	2.002848413299999919e+01	4.228068826900000232e+01	7.434067245999999685e+00
5.117173006999999885e+00	1.897677347300000150e+01	3.762980514600000248e+01	5.117173006999999885e+00	2.428092989900000020e+01	3.846344804200000311e+01	7.353631604000000266e+00
5.256973477999999922e+00	1.979611154799999895e+01	3.822251046099999883e+01	5.256973477999999922e+00	2.183511717300000043e+01	3.459711373900000098e+01	7.270820486999999943e+00
5.400593278999999747e+00	2.064125908500000151e+01	3.880771296999999720e+01	5.400593278999999747e+00	1.768481561400000146e+01	3.550373836499999669e+01	7.185824032000000194e+00
5.548136752999999644e+00	2.151360026600000097e+01	3.938186145899999957e+01	5.548136752999999644e+00	1.528099225300000086e+01	3.957905921399999727e+01	7.098213907999999961e+00
5.699711094000000422e+00	2.241064602999999877e+01	3.994182394900000332e+01	5.699711094000000422e+00	1.528557387000000034e+01	4.504006033400000319e+01	7.007692720999999736e+00
5.855426426000000184e+00	2.333001037300000036e+01	4.048866620199999744e+01	5.855426426000000184e+00	1.784429276999999914e+01	5.165212856200000147e+01	6.914725461999999823e+00
6.015395879999999806e+00	2.427387244499999852e+01	4.102337813900000185e+01	6.015395879999999806e+00	2.682284134500000050e+01	5.856054609699999958e+01	6.819730397999999916e+00
6.179735678000000121e+00	2.524419295099999871e+01	4.154182206800000188e+01	6.179735678000000121e+00	4.169889925799999730e+01	5.287591074299999860e+01	6.722265196000000387e+00
6.348565215999999900e+00	2.623722256199999947e+01	4.204030374500000278e+01	6.348565215999999900e+00	4.008842709000000326e+01	3.975806192000000294e+01	6.622016520999999933e+00
6.522007154999999834e+00	2.725019814899999915e+01	4.252122394799999938e+01	6.522007154999999834e+00	3.264397245699999672e+01	3.941035503199999823e+01	6.519653067000000135e+00
6.700187503999999628e+00	2.828668353699999827e+01	4.298488076699999993e+01	6.700187503999999628e+00	3.294320495099999846e+01	4.568602436399999789e+01	6.415474305000000044e+00
6.883235714999999644e+00	2.934655076299999976e+01	4.342514304000000180e+01	6.883235714999999644e+00	4.143212432100000342e+01	4.442472852400000249e+01	6.308826958000000040e+00
7.071284778999999965e+00	3.042365401100000000e+01	4.384137304000000057e+01	7.071284778999999965e+00	3.960253205099999718e+01	3.663265031000000249e+01	6.199916198000000378e+00
7.264471318000000011e+00	3.151926034999999970e+01	4.423748016999999777e+01	7.264471318000000011e+00	3.458063770700000106e+01	3.804655706599999831e+01	6.089566362000000233e+00
7.462935685999999791e+00	3.263647036599999751e+01	4.460812938400000149e+01	7.462935685999999791e+00	3.580580301199999838e+01	4.159511636300000248e+01	5.977289803999999762e+00
7.666822074999999792e+00	3.376819734200000056e+01	4.494991489000000229e+01	7.666822074999999792e+00	3.750610961299999957e+01	4.100325461500000301e+01	5.862913532000000316e+00
7.876278611000000041e+00	3.491373363799999652e+01	4.526849185100000028e+01	7.876278611000000041e+00	3.769419098400000223e+01	4.254846766800000069e+01	5.747446743000000247e+00
8.091457472000000095e+00	3.607749899299999896e+01	4.555888298699999694e+01	8.091457472000000095e+00	4.180091729699999803e+01	4.259424090899999982e+01	5.630491558000000119e+00
8.312514990000000381e+00	3.725113206599999671e+01	4.581744195800000341e+01	8.312514990000000381e+00	4.168479762500000163e+01	3.931171050700000080e+01	5.511862777000000158e+00
8.539611769000000407e+00	3.843504837599999746e+01	4.605099802099999806e+01	8.539611769000000407e+00	4.163966736700000126e+01	4.059450075499999855e+01	5.392633678000000153e+00
8.772912802000000454e+00	3.963246651699999745e+01	4.625223938300000270e+01	8.772912802000000454e+00	4.379732587400000199e+01	3.753998196900000295e+01	5.272164494000000090e+00
9.012587587000000511e+00	4.083324403499999988e+01	4.642172836400000335e+01	9.012587587000000511e+00	3.934717454100000111e+01	3.642919866599999779e+01	5.150765849999999979e+00
9.258810254000000128e+00	4.204296005199999797e+01	4.656421616600000135e+01	9.258810254000000128e+00	3.927321096499999697e+01	4.009759833599999723e+01	5.029179223999999948e+00
9.511759690999999961e+00	4.325748490099999799e+01	4.667041527899999664e+01	9.511759690999999961e+00	3.930756131300000078e+01	3.961828233199999971e+01	4.906601595999999788e+00
9.771619673000000006e+00	4.447171017800000214e+01	4.674909487499999727e+01	9.771619673000000006e+00	3.853620762999999982e+01	4.451667759600000096e+01	4.784170531000000004e+00
1.003857899399999987e+01	4.569168222199999718e+01	4.679409210600000080e+01	1.003857899399999987e+01	4.505748084599999714e+01	4.456500710400000287e+01	4.661425899000000150e+00
1.031283160699999968e+01	4.690563897399999860e+01	4.680722381300000023e+01	1.031283160699999968e+01	4.308898275500000352e+01	4.294867940999999689e+01	4.538736361999999858e+00
1.059457676399999926e+01	4.812191528999999690e+01	4.679102858299999923e+01	1.059457676399999926e+01	4.632136398299999769e+01	4.445489957200000219e+01	4.416507580000000210e+00
1.088401916099999944e+01	4.932986354599999856e+01	4.674006514300000248e+01	1.088401916099999944e+01	4.378417764699999992e+01	4.280602244399999989e+01	4.294375492000000349e+00
1.118136908399999996e+01	5.053497448000000247e+01	4.666262027700000203e+01	1.118136908399999996e+01	4.646702112900000259e+01	4.823314845000000162e+01	4.173247472999999985e+00
1.148684256700000006e+01	5.172985605800000286e+01	4.655001806500000328e+01	1.148684256700000006e+01	4.843121127300000239e+01	4.653592652199999691e+01	4.052464181999999582e+00
1.180066154400000045e+01	5.291759542700000196e+01	4.641259502599999820e+01	1.180066154400000045e+01	5.431547882099999924e+01	4.951342642000000183e+01	3.933050265999999962e+00
1.212305401300000085e+01	5.409208376600000179e+01	4.624125068899999746e+01	1.212305401300000085e+01	5.478745555799999778e+01	4.209608166200000312e+01	3.814323572000000162e+00
1.245425420099999947e+01	5.525685817299999769e+01	4.604621191500000066e+01	1.245425420099999947e+01	5.558040461200000237e+01	4.189048346199999884e+01	3.697227563999999855e+00
1.279450273199999977e+01	5.640413253799999893e+01	4.581994670200000286e+01	1.279450273199999977e+01	5.016655660299999653e+01	3.992919776600000148e+01	3.581221377999999955e+00
1.314404680700000050e+01	5.754046025000000242e+01	4.556999616099999884e+01	1.314404680700000050e+01	5.185213249299999916e+01	4.412631689999999907e+01	3.466968494000000067e+00
1.350314037899999953e+01	5.865517561200000074e+01	4.529389553400000068e+01	1.350314037899999953e+01	5.027392075499999891e+01	4.721342414899999795e+01	3.354323088000000119e+00
1.387204433800000025e+01	5.975665362400000191e+01	4.499218606899999884e+01	1.387204433800000025e+01	5.707837053400000116e+01	4.760582474600000324e+01	3.243370982000000069e+00
1.425102670300000085e+01	6.083608214299999872e+01	4.467109504999999814e+01	1.425102670300000085e+01	5.883622926400000352e+01	4.979789628500000020e+01	3.134587842999999818e+00
1.464036281499999959e+01	6.189558042499999857e+01	4.432380516399999948e+01	1.464036281499999959e+01	6.001045290300000090e+01	4.516679896800000193e+01	3.027507291000000045e+00
1.504033553600000062e+01	6.293693073299999696e+01	4.395923637500000325e+01	1.504033553600000062e+01	6.464994543299999918e+01	4.631568359100000265e+01	2.922756361999999886e+00
1.545123545799999931e+01	6.395240821699999856e+01	4.357577386199999836e+01	1.545123545799999931e+01	6.416035274499999730e+01	4.564356016699999685e+01	2.820212919999999901e+00
1.587336110999999939e+01	6.494716361000000404e+01	4.317138176000000271e+01	1.587336110999999939e+01	6.444043103299999586e+01	4.032881337199999905e+01	2.719737896999999904e+00
1.630701917700000081e+01	6.592045937700000025e+01	4.275356190899999831e+01	1.630701917700000081e+01	6.549767837100000634e+01	4.062051506899999964e+01	2.621788902000000032e+00
1.675252472400000059e+01	6.686683297199999743e+01	4.232142300499999976e+01	1.675252472400000059e+01	6.351727016000000248e+01	4.324131817600000005e+01	2.526271335000000118e+00
1.721020142200000080e+01	6.778900166100000035e+01	4.187292523400000022e+01	1.721020142200000080e+01	6.323761709699999756e+01	4.315442788699999710e+01	2.433029352999999784e+00
1.768038178500000157e+01	6.868892865300000494e+01	4.141268662000000234e+01	1.768038178500000157e+01	6.726300277100000358e+01	4.140874389900000097e+01	2.342295947999999850e+00
1.816340741100000145e+01	6.956351326700000470e+01	4.094382118699999751e+01	1.816340741100000145e+01	7.081484554600000081e+01	4.262699751499999934e+01	2.254192744000000026e+00
1.865962923200000034e+01	7.041107261999999878e+01	4.046549187299999772e+01	1.865962923200000034e+01	6.952781433299999492e+01	4.162234041899999681e+01	2.168611786000000041e+00
1.916940776499999899e+01	7.123300898499999789e+01	3.997763878599999998e+01	1.916940776499999899e+01	6.840762275900000589e+01	4.095174847900000259e+01	2.085491595999999781e+00
1.969311337899999970e+01	7.203061152799999434e+01	3.948240519200000165e+01	1.969311337899999970e+01	6.747162248200000079e+01	3.894375850400000161e+01	2.004883861000000156e+00
2.023112655899999979e+01	7.280372286600000109e+01	3.898219979299999949e+01	2.023112655899999979e+01	6.819237467400000696e+01	3.926244830899999982e+01	1.926842763000000014e+00
2.078383818600000055e+01	7.355169881400000520e+01	3.847852775500000178e+01	2.078383818600000055e+01	7.075269349799999929e+01	4.176764524600000072e+01	1.851367750999999950e+00
2.135164981899999859e+01	7.427429403300000388e+01	3.797228379399999909e+01	2.135164981899999859e+01	7.490430107900000678e+01	4.295092555899999809e+01	1.778423874000000016e+00
2.193497398899999951e+01	7.497173314900000207e+01	3.746430488200000042e+01	2.193497398899999951e+01	7.821131383499999856e+01	4.196189111099999991e+01	1.707971246999999915e+00
2.253423449599999984e+01	7.564445072700000594e+01	3.695556963199999956e+01	2.253423449599999984e+01	7.974726018399999816e+01	3.927124841300000213e+01	1.639974486000000065e+00
2.314986671899999848e+01	7.629290455400000326e+01	3.644714320199999946e+01	2.314986671899999848e+01	7.902859497800000099e+01	3.716824864000000161e+01	1.574399698999999986e+00
2.378231793000000138e+01	7.691751641899999470e+01	3.594008034600000201e+01	2.378231793000000138e+01	7.796244708000000401e+01	3.683473307399999896e+01	1.511210154000000028e+00
2.443204762199999891e+01	7.751866401300000575e+01	3.543537999699999830e+01	2.443204762199999891e+01	7.836364636700000119e+01	3.746624745900000164e+01	1.450364723999999939e+00
2.509952784100000045e+01	7.809667730399999641e+01	3.493400957499999748e+01	2.509952784100000045e+01	8.017161151899999538e+01	3.710871112499999924e+01	1.391819391999999933e+00
2.578524352899999883e+01	7.865186978699999543e+01	3.443699576499999893e+01	2.578524352899999883e+01	8.142378972100000567e+01	3.501676363699999683e+01	1.335531143000000087e+00
2.648969287599999944e+01	7.918470006100000091e+01	3.394550937999999718e+01	2.648969287599999944e+01	8.074718068399999993e+01	3.305008421299999810e+01	1.281461039999999940e+00
2.721338768400000063e+01	7.969606571699999620e+01	3.346069742400000280e+01	2.721338768400000063e+01	7.954420489999999688e+01	3.300545826300000130e+01	1.229567512999999890e+00
2.795685373499999926e+01	8.018726247799999385e+01	3.298304318299999949e+01	2.795685373499999926e+01	8.004521738299999356e+01	3.396603217399999863e+01	1.179783801999999993e+00
2.872063117800000143e+01	8.065885764600000130e+01	3.251203255699999772e+01	2.872063117800000143e+01	8.248424595100000545e+01	3.342490185799999836e+01	1.132009682000000073e+00
2.950527491700000127e+01	8.110969209399999613e+01	3.204794719299999883e+01	2.950527491700000127e+01	8.256789897000000167e+01	2.990052735500000125e+01	1.086176870999999933e+00
3.031135501600000026e+01	8.153973780399999782e+01	3.159373743600000140e+01	3.031135501600000026e+01	7.928246495099999436e+01	2.935163640500000071e+01	1.042306997000000068e+00
3.113945711299999886e+01	8.195266810600000440e+01	3.115026963000000038e+01	3.113945711299999886e+01	7.834281264999999905e+01	3.182018611399999841e+01	1.000347228999999949e+00
3.199018284799999989e+01	8.234803466500000013e+01	3.071438222400000129e+01	3.199018284799999989e+01	7.982473250600000370e+01	3.259505514899999667e+01	9.601189959999999468e-01
3.286415029399999810e+01	8.272341028200000324e+01	3.028996585599999847e+01	3.286415029399999810e+01	7.988077623899999935e+01	3.377572662200000053e+01	9.216719610000000396e-01
3.376199441100000342e+01	8.308446987099999603e+01	2.987711429799999863e+01	3.376199441100000342e+01	8.350114408000000310e+01	3.498165325200000098e+01	8.849333350000000431e-01
3.468436750800000112e+01	8.342685468199999832e+01	2.947374005200000013e+01	3.468436750800000112e+01	8.446243398999999386e+01	3.260430848400000059e+01	8.497701460000000040e-01
3.563193971199999766e+01	8.375519869199999334e+01	2.908426806499999984e+01	3.563193971199999766e+01	8.701931869400000608e+01	3.272285189400000149e+01	8.162415039999999511e-01
3.660539946000000100e+01	8.406629881700000340e+01	2.870481955099999993e+01	3.660539946000000100e+01	8.618570188200000359e+01	2.894379674099999988e+01	7.841690019999999484e-01
3.760545399699999791e+01	8.436490615099999957e+01	2.833901500600000034e+01	3.760545399699999791e+01	8.645697625100000039e+01	2.814397081199999917e+01	7.535878969999999510e-01
3.863282988699999976e+01	8.464691374900000653e+01	2.798608879600000066e+01	3.863282988699999976e+01	8.414240701399999978e+01	2.902294501300000107e+01	7.244120840000000117e-01
3.968827354599999779e+01	8.491641537900000003e+01	2.764452576200000067e+01	3.968827354599999779e+01	8.421682526799999380e+01	2.841911963000000085e+01	6.965414039999999751e-01
4.077255178299999727e+01	8.517344011199999443e+01	2.731767158099999904e+01	4.077255178299999727e+01	8.626232156099999315e+01	2.945332535800000073e+01	6.700015179999999626e-01
4.188645235399999933e+01	8.541653517299999976e+01	2.700464063000000081e+01	4.188645235399999933e+01	8.709299714899999856e+01	3.043464196800000110e+01	6.447106190000000403e-01
4.303078453700000239e+01	8.564707554599999639e+01	2.670448158700000008e+01	4.303078453700000239e+01	8.709691562700000134e+01	2.921645516399999920e+01	6.205901630000000280e-01
4.420637972000000104e+01	8.586625926400000708e+01	2.641787117899999870e+01	4.420637972000000104e+01	8.695036529600000108e+01	2.763335081500000001e+01	5.976031370000000065e-01
4.541409200399999690e+01	8.607438148299999625e+01	2.614546056500000049e+01	4.541409200399999690e+01	8.657956511700000135e+01	2.679513428399999952e+01	5.757125029999999866e-01
4.665479882199999651e+01	8.627161405600000421e+01	2.588747732299999882e+01	4.665479882199999651e+01	8.632672283700000548e+01	2.700960127100000108e+01	5.548727669999999890e-01
4.792940158300000064e+01	8.645829655900000432e+01	2.564404267000000104e+01	4.792940158300000064e+01	8.677232098199999655e+01	2.786892106299999838e+01	5.350378230000000235e-01
4.923882631699999735e+01	8.663493563900000538e+01	2.541531045199999994e+01	4.923882631699999735e+01	8.807989747899999600e+01	2.857580610000000121e+01	5.161640180000000022e-01
5.058402435699999700e+01	8.680218180900000391e+01	2.520129541400000051e+01	5.058402435699999700e+01	9.003426497300000619e+01	2.839315935600000174e+01	4.982066119999999931e-01
5.196597302499999671e+01	8.696043262599999935e+01	2.500159458099999910e+01	5.196597302499999671e+01	9.179078730800000585e+01	2.666569737000000018e+01	4.811147199999999957e-01
5.338567634199999645e+01	8.710911357099999464e+01	2.481614331800000173e+01	5.338567634199999645e+01	9.141288666500000204e+01	2.407030512600000094e+01	4.648464720000000105e-01
5.484416576099999929e+01	8.724841787600000487e+01	2.464663258199999873e+01	5.484416576099999929e+01	8.939742845799999316e+01	2.386453830499999995e+01	4.493938820000000223e-01
5.634250091300000207e+01	8.738093211400000371e+01	2.449249094900000046e+01	5.634250091300000207e+01	8.991326260600000353e+01	2.472654997600000115e+01	4.347072020000000148e-01
5.788177037700000227e+01	8.750437830200000633e+01	2.435216705499999890e+01	5.788177037700000227e+01	8.960973477599999626e+01	2.378788080200000010e+01	4.207225680000000190e-01
5.946309247399999975e+01	8.762077889699999389e+01	2.422879392300000134e+01	5.946309247399999975e+01	9.043755523299999766e+01	2.473249014599999995e+01	4.074593650000000178e-01
6.108761607499999968e+01	8.772898134099999368e+01	2.411924043100000148e+01	6.108761607499999968e+01	8.967266312300000664e+01	2.323685942699999885e+01	3.948302779999999790e-01
6.275652144000000021e+01	8.783126853900000697e+01	2.402593809500000077e+01	6.275652144000000021e+01	9.029965799999999376e+01	2.354118192600000015e+01	3.828436880000000153e-01
6.447102107300000284e+01	8.792557752599999787e+01	2.394856762799999927e+01	6.447102107300000284e+01	9.008302271499999847e+01	2.463135507399999824e+01	3.714625149999999931e-01
6.623236060300000361e+01	8.801309816699999544e+01	2.388607036599999844e+01	6.623236060300000361e+01	9.005635308399999417e+01	2.435297981000000078e+01	3.606404810000000127e-01
6.804181968899999333e+01	8.809453714199999297e+01	2.383918570100000167e+01	6.804181968899999333e+01	9.032443497600000626e+01	2.327571359399999906e+01	3.503607899999999775e-01
6.990071295200000634e+01	8.816978229599999395e+01	2.380828968000000145e+01	6.990071295200000634e+01	9.008126930000000243e+01	2.290526375199999976e+01	3.406015290000000140e-01
7.181039092499999299e+01	8.823887211199999570e+01	2.379345577200000150e+01	7.181039092499999299e+01	8.996552031599999566e+01	2.297156231099999957e+01	3.313372270000000119e-01
7.377224104200000454e+01	8.830211777099999892e+01	2.379477884199999949e+01	7.377224104200000454e+01	8.997452478099999951e+01	2.355202353399999993e+01	3.225437979999999927e-01
7.578768863599999861e+01	8.835995746599999734e+01	2.381206289200000015e+01	7.578768863599999861e+01	9.059418166000000383e+01	2.381014074100000144e+01	3.141943409999999881e-01
7.785819798500000388e+01	8.841197199500000181e+01	2.384484988299999841e+01	7.785819798500000388e+01	9.106359098299999744e+01	2.343575804700000020e+01	3.062599759999999893e-01
7.998527336799999432e+01	8.845767330699999320e+01	2.389456942800000050e+01	7.998527336799999432e+01	9.051939652100000444e+01	2.368030853799999846e+01	2.987371099999999724e-01
8.217046016099999406e+01	8.849926074399999720e+01	2.396072194299999936e+01	8.217046016099999406e+01	9.190376386699999500e+01	2.396830103199999940e+01	2.915977579999999847e-01
8.441534595999999624e+01	8.853430491999999674e+01	2.404319009800000018e+01	8.441534595999999624e+01	9.144636588999999560e+01	2.379207527399999833e+01	2.848201329999999754e-01
8.672156173400000512e+01	8.856520575199999712e+01	2.414202218699999847e+01	8.672156173400000512e+01	9.249030534599999953e+01	2.291103838400000114e+01	2.783854640000000269e-01
8.909078300900000613e+01	8.859075552900000616e+01	2.425833376199999947e+01	8.909078300900000613e+01	9.303113930899999673e+01	2.289308228499999842e+01	2.722878049999999939e-01
9.152473108799999579e+01	8.861092068000000666e+01	2.439139661600000153e+01	9.152473108799999579e+01	9.274938184600000568e+01	2.258556221699999966e+01	2.665006089999999994e-01
9.402517429700000662e+01	8.862617826700000023e+01	2.454136258200000142e+01	9.402517429700000662e+01	9.236760991799999942e+01	2.218926520999999852e+01	2.610084240000000166e-01
9.659392927400000417e+01	8.863660872799999879e+01	2.470844690299999868e+01	9.659392927400000417e+01	9.207479418200000509e+01	2.183875139199999893e+01	2.557970989999999722e-01
9.923286228800000686e+01	8.864195184099999381e+01	2.489271334100000033e+01	9.923286228800000686e+01	9.157542757500000619e+01	2.141041662800000012e+01	2.508515099999999998e-01
1.019438905939999955e+02	8.864191013600000701e+01	2.509491572800000014e+01	1.019438905939999955e+02	9.059248730900000623e+01	2.168335257300000052e+01	2.461639979999999950e-01
1.047289838239999966e+02	8.863773775900000373e+01	2.531518419200000025e+01	1.047289838239999966e+02	9.091113889999999742e+01	2.235376634800000062e+01	2.417208999999999885e-01
1.075901654219999983e+02	8.862784024600000521e+01	2.555272103600000122e+01	1.075901654219999983e+02	9.020846794999999929e+01	2.212866994999999903e+01	2.375005269999999891e-01
