3.162277660000000212e-01	7.743799999999999956e-05	2.763522200000000095e-02	3.162277660000000212e-01	-4.394786999999999826e-03	3.026174400000000014e-02	8.739024400000000581e-02
3.236185779999999901e-01	8.108199999999999381e-05	2.828106299999999865e-02	3.236185779999999901e-01	-4.287387000000000142e-03	3.091879999999999976e-02	8.739010999999999307e-02
3.311821260000000211e-01	8.489799999999999929e-05	2.894199600000000108e-02	3.311821260000000211e-01	-4.176309999999999918e-03	3.158791400000000166e-02	8.738996999999999737e-02
3.389224479999999873e-01	8.889400000000000643e-05	2.961837299999999992e-02	3.389224479999999873e-01	-4.061509999999999947e-03	3.226916999999999980e-02	8.738982300000000536e-02
3.468436750000000179e-01	9.307999999999999651e-05	3.031055399999999997e-02	3.468436750000000179e-01	-3.942951000000000095e-03	3.296264100000000086e-02	8.738967000000000263e-02
3.549500360000000243e-01	9.746199999999999623e-05	3.101890900000000076e-02	3.549500360000000243e-01	-3.820607000000000170e-03	3.366839199999999838e-02	8.738950900000000410e-02
3.632458559999999781e-01	1.020520000000000048e-04	3.174381600000000109e-02	3.632458559999999781e-01	-3.694465999999999983e-03	3.438648200000000293e-02	8.738934099999999539e-02
3.717355649999999900e-01	1.068590000000000013e-04	3.248566099999999901e-02	3.717355649999999900e-01	-3.564527999999999967e-03	3.511695599999999778e-02	8.738916500000000476e-02
3.804236939999999789e-01	1.118929999999999941e-04	3.324483899999999825e-02	3.804236939999999789e-01	-3.430808000000000035e-03	3.585985500000000298e-02	8.738898100000000446e-02
3.893148799999999743e-01	1.171640000000000051e-04	3.402175600000000022e-02	3.893148799999999743e-01	-3.293340999999999977e-03	3.661520599999999737e-02	8.738878799999999503e-02
3.984138689999999761e-01	1.226839999999999929e-04	3.481682500000000263e-02	3.984138689999999761e-01	-3.152180999999999993e-03	3.738302999999999765e-02	8.738858600000000421e-02
4.077255180000000090e-01	1.284649999999999974e-04	3.563046999999999742e-02	4.077255180000000090e-01	-3.007400999999999824e-03	3.816333499999999962e-02	8.738837500000000424e-02
4.172547970000000106e-01	1.345189999999999906e-04	3.646312599999999848e-02	4.172547970000000106e-01	-2.859103999999999899e-03	3.895612200000000275e-02	8.738815399999999567e-02
4.270067920000000239e-01	1.408579999999999988e-04	3.731523600000000163e-02	4.270067920000000239e-01	-2.707414999999999908e-03	3.976138299999999737e-02	8.738792200000000676e-02
4.369867080000000015e-01	1.474969999999999873e-04	3.818725500000000328e-02	4.369867080000000015e-01	-2.552492999999999863e-03	4.057909999999999989e-02	8.738767999999999536e-02
4.471998739999999972e-01	1.544489999999999980e-04	3.907964600000000260e-02	4.471998739999999972e-01	-2.394528999999999842e-03	4.140924599999999678e-02	8.738742700000000363e-02
4.576517390000000018e-01	1.617289999999999960e-04	3.999288599999999833e-02	4.576517390000000018e-01	-2.233750000000000058e-03	4.225178999999999740e-02	8.738716200000000434e-02
4.683478830000000204e-01	1.693529999999999894e-04	4.092746199999999779e-02	4.683478830000000204e-01	-2.070423999999999962e-03	4.310669200000000201e-02	8.738688399999999801e-02
4.792940159999999894e-01	1.773359999999999975e-04	4.188387100000000307e-02	4.792940159999999894e-01	-1.904862999999999912e-03	4.397390899999999853e-02	8.738659299999999852e-02
4.904959790000000264e-01	1.856960000000000056e-04	4.286262400000000194e-02	4.904959790000000264e-01	-1.737428999999999970e-03	4.485339499999999729e-02	8.738629000000000535e-02
5.019597519999999813e-01	1.944509999999999988e-04	4.386424099999999826e-02	5.019597519999999813e-01	-1.568532999999999993e-03	4.574510300000000224e-02	8.738597200000000620e-02
5.136914550000000190e-01	2.036180000000000010e-04	4.488925600000000238e-02	5.136914550000000190e-01	-1.398645000000000010e-03	4.664898900000000181e-02	8.738563900000000106e-02
5.256973480000000087e-01	2.132179999999999904e-04	4.593821599999999700e-02	5.256973480000000087e-01	-1.228298000000000063e-03	4.756501199999999679e-02	8.738529100000000382e-02
5.379838399999999909e-01	2.232710000000000109e-04	4.701167800000000119e-02	5.379838399999999909e-01	-1.058088999999999905e-03	4.849314300000000244e-02	8.738492600000000166e-02
5.505574899999999827e-01	2.337969999999999979e-04	4.811021599999999732e-02	5.505574899999999827e-01	-8.886890000000000154e-04	4.943336499999999994e-02	8.738454499999999403e-02
5.634250090000000322e-01	2.448199999999999769e-04	4.923441399999999718e-02	5.634250090000000322e-01	-7.208439999999999986e-04	5.038567800000000318e-02	8.738414699999999535e-02
5.765932649999999660e-01	2.563630000000000119e-04	5.038486999999999827e-02	5.765932649999999660e-01	-5.553840000000000209e-04	5.135010799999999848e-02	8.738373000000000668e-02
5.900692870000000534e-01	2.684489999999999771e-04	5.156219799999999659e-02	5.900692870000000534e-01	-3.932249999999999765e-04	5.232671199999999745e-02	8.738329400000000025e-02
6.038602669999999506e-01	2.811050000000000267e-04	5.276702400000000265e-02	6.038602669999999506e-01	-2.353769999999999929e-04	5.331558200000000025e-02	8.738283700000000487e-02
6.179735680000000286e-01	2.943579999999999895e-04	5.399998899999999824e-02	6.179735680000000286e-01	-8.294800000000000610e-05	5.431686299999999995e-02	8.738236000000000614e-02
6.324167219999999867e-01	3.082350000000000194e-04	5.526174999999999837e-02	6.324167219999999867e-01	6.284999999999999626e-05	5.533075099999999746e-02	8.738186100000000511e-02
6.471974379999999583e-01	3.227659999999999926e-04	5.655297900000000322e-02	6.471974379999999583e-01	2.006990000000000109e-04	5.635751399999999744e-02	8.738133900000000232e-02
6.623236059999999537e-01	3.379810000000000019e-04	5.787436199999999864e-02	6.623236059999999537e-01	3.291659999999999855e-04	5.739749699999999871e-02	8.738079399999999775e-02
6.778032999999999975e-01	3.539120000000000091e-04	5.922660300000000266e-02	6.778032999999999975e-01	4.467030000000000089e-04	5.845114099999999813e-02	8.738022300000000686e-02
6.936447820000000153e-01	3.705940000000000232e-04	6.061042199999999713e-02	6.936447820000000153e-01	5.516440000000000059e-04	5.951899599999999763e-02	8.737962600000000191e-02
7.098565079999999972e-01	3.880609999999999832e-04	6.202655399999999764e-02	7.098565079999999972e-01	6.421999999999999974e-04	6.060173399999999738e-02	8.737900199999999729e-02
7.264471319999999954e-01	4.063499999999999838e-04	6.347575199999999640e-02	7.264471319999999954e-01	7.164590000000000194e-04	6.170017400000000346e-02	8.737834999999999352e-02
7.434255079999999571e-01	4.254999999999999885e-04	6.495878800000000342e-02	7.434255079999999571e-01	7.723899999999999690e-04	6.281529800000000552e-02	8.737766900000000503e-02
7.608006990000000247e-01	4.455509999999999766e-04	6.647644900000000689e-02	7.608006990000000247e-01	8.078399999999999904e-04	6.394827200000000045e-02	8.737695600000000562e-02
7.785819800000000068e-01	4.665450000000000131e-04	6.802954299999999788e-02	7.785819800000000068e-01	8.205419999999999511e-04	6.510046899999999415e-02	8.737621099999999530e-02
7.967788409999999599e-01	4.885269999999999934e-04	6.961889599999999956e-02	7.967788409999999599e-01	8.081209999999999696e-04	6.627349800000000013e-02	8.737543300000000235e-02
8.154009960000000445e-01	5.115420000000000297e-04	7.124535099999999843e-02	8.154009960000000445e-01	7.681019999999999992e-04	6.746922499999999379e-02	8.737461900000000059e-02
8.344583840000000530e-01	5.356389999999999719e-04	7.290977399999999664e-02	8.344583840000000530e-01	6.979230000000000329e-04	6.868980199999999425e-02	8.737376900000000390e-02
8.539611769999999602e-01	5.608679999999999569e-04	7.461304800000000126e-02	8.539611769999999602e-01	5.949529999999999532e-04	6.993769900000000594e-02	8.737288099999999946e-02
8.739197859999999762e-01	5.872829999999999674e-04	7.635607799999999390e-02	8.739197859999999762e-01	4.565099999999999779e-04	7.121573000000000486e-02	8.737195300000000220e-02
8.943448630000000454e-01	6.149390000000000021e-04	7.813979000000000064e-02	8.943448630000000454e-01	2.798869999999999852e-04	7.252708600000000450e-02	8.737098399999999876e-02
9.152473110000000078e-01	6.438939999999999985e-04	7.996513099999999485e-02	9.152473110000000078e-01	6.238400000000000444e-05	7.387536399999999892e-02	8.736997100000000460e-02
9.366382869999999583e-01	6.742080000000000338e-04	8.183306899999999440e-02	9.366382869999999583e-01	-1.986609999999999873e-04	7.526459800000000200e-02	8.736891300000000637e-02
9.585292079999999659e-01	7.059450000000000317e-04	8.374459700000000395e-02	9.585292079999999659e-01	-5.058270000000000344e-04	7.669929000000000330e-02	8.736780900000000460e-02
9.809317600000000414e-01	7.391719999999999628e-04	8.570072700000000432e-02	9.809317600000000414e-01	-8.615639999999999930e-04	7.818443499999999657e-02	8.736665500000000140e-02
1.003857898999999998e+00	7.739570000000000304e-04	8.770249800000000373e-02	1.003857898999999998e+00	-1.268136000000000003e-03	7.972554900000000666e-02	8.736545099999999675e-02
1.027319864000000083e+00	8.103739999999999902e-04	8.975097099999999883e-02	1.027319864000000083e+00	-1.727561000000000071e-03	8.132868799999999621e-02	8.736419400000000612e-02
1.051330177000000088e+00	8.484989999999999546e-04	9.184723300000000035e-02	1.051330177000000088e+00	-2.241538999999999858e-03	8.300046899999999339e-02	8.736288100000000334e-02
1.075901653999999930e+00	8.884099999999999593e-04	9.399239400000000688e-02	1.075901653999999930e+00	-2.811377999999999794e-03	8.474807700000000499e-02	8.736151100000000280e-02
1.101047410999999920e+00	9.301929999999999487e-04	9.618759100000000284e-02	1.101047410999999920e+00	-3.437907000000000029e-03	8.657927299999999826e-02	8.736008100000000609e-02
1.126780869000000074e+00	9.739320000000000529e-04	9.843398600000000109e-02	1.126780869000000074e+00	-4.121383999999999638e-03	8.850238800000000128e-02	8.735858800000000091e-02
1.153115764999999904e+00	1.019720000000000001e-03	1.007327699999999993e-01	1.153115764999999904e+00	-4.861396999999999941e-03	9.052630700000000030e-02	8.735703100000000165e-02
1.180066153999999923e+00	1.067653000000000005e-03	1.030851579999999962e-01	1.180066153999999923e+00	-5.656755999999999764e-03	9.266044599999999354e-02	8.735540599999999656e-02
1.207646422999999913e+00	1.117827999999999964e-03	1.054923970000000016e-01	1.207646422999999913e+00	-6.505384999999999814e-03	9.491470800000000041e-02	8.735371100000000055e-02
1.235871291999999899e+00	1.170351999999999938e-03	1.079557589999999984e-01	1.235871291999999899e+00	-7.404199999999999671e-03	9.729942900000000672e-02	8.735194300000000134e-02
1.264755827000000110e+00	1.225331999999999984e-03	1.104765459999999949e-01	1.264755827000000110e+00	-8.348994000000000207e-03	9.982530600000000254e-02	8.735009900000000049e-02
1.294315445000000064e+00	1.282883999999999977e-03	1.130560929999999964e-01	1.294315445000000064e+00	-9.334309000000000703e-03	1.025033050000000029e-01	8.734817599999999960e-02
1.324565924999999922e+00	1.343126000000000042e-03	1.156957609999999942e-01	1.324565924999999922e+00	-1.035331700000000077e-02	1.053445459999999972e-01	8.734617000000000075e-02
1.355523414000000093e+00	1.406183000000000086e-03	1.183969440000000040e-01	1.355523414000000093e+00	-1.139769900000000072e-02	1.083601720000000046e-01	8.734407900000000502e-02
1.387204434000000042e+00	1.472187000000000018e-03	1.211610689999999962e-01	1.387204434000000042e+00	-1.245752800000000070e-02	1.115611880000000056e-01	8.734189900000000062e-02
1.419625896000000109e+00	1.541272999999999905e-03	1.239895949999999941e-01	1.419625896000000109e+00	-1.352115899999999961e-02	1.149582739999999992e-01	8.733962600000000354e-02
1.452805107000000095e+00	1.613585000000000063e-03	1.268840139999999894e-01	1.452805107000000095e+00	-1.457513000000000038e-02	1.185615780000000008e-01	8.733725800000000095e-02
1.486759774999999895e+00	1.689271999999999909e-03	1.298458510000000121e-01	1.486759774999999895e+00	-1.560407800000000039e-02	1.223804700000000051e-01	8.733478899999999601e-02
1.521508026000000013e+00	1.768489999999999949e-03	1.328766680000000033e-01	1.521508026000000013e+00	-1.659066999999999834e-02	1.264232740000000021e-01	8.733221600000000417e-02
1.557068405000000100e+00	1.851404000000000070e-03	1.359780600000000117e-01	1.557068405000000100e+00	-1.751555600000000157e-02	1.306969619999999999e-01	8.732953499999999980e-02
1.593459893999999988e+00	1.938183999999999914e-03	1.391516600000000103e-01	1.593459893999999988e+00	-1.835734600000000008e-02	1.352068220000000043e-01	8.732674199999999887e-02
1.630701917999999973e+00	2.029009000000000021e-03	1.423991390000000079e-01	1.630701917999999973e+00	-1.909262700000000090e-02	1.399560810000000100e-01	8.732383100000000453e-02
1.668814355000000083e+00	2.124067999999999790e-03	1.457222029999999946e-01	1.668814355000000083e+00	-1.969600900000000043e-02	1.449454970000000065e-01	8.732079900000000450e-02
1.707817547999999963e+00	2.223553999999999982e-03	1.491225989999999946e-01	1.707817547999999963e+00	-2.014022700000000013e-02	1.501729149999999902e-01	8.731764100000000139e-02
1.747732314999999925e+00	2.327674000000000062e-03	1.526021120000000120e-01	1.747732314999999925e+00	-2.039629100000000042e-02	1.556327720000000026e-01	8.731435099999999838e-02
1.788579963000000106e+00	2.436642000000000148e-03	1.561625680000000016e-01	1.788579963000000106e+00	-2.043371500000000160e-02	1.613155699999999915e-01	8.731092299999999862e-02
1.830382294000000076e+00	2.550680999999999955e-03	1.598058350000000072e-01	1.830382294000000076e+00	-2.022082299999999888e-02	1.672073030000000016e-01	8.730735400000000368e-02
1.873161620000000083e+00	2.670027000000000164e-03	1.635338199999999964e-01	1.873161620000000083e+00	-1.972516699999999831e-02	1.732888390000000001e-01	8.730363600000000390e-02
1.916940776999999985e+00	2.794923999999999846e-03	1.673484769999999955e-01	1.916940776999999985e+00	-1.891406400000000126e-02	1.795352729999999952e-01	8.729976400000000192e-02
1.961743129999999891e+00	2.925627999999999996e-03	1.712518010000000090e-01	1.961743129999999891e+00	-1.775530200000000058e-02	1.859152440000000073e-01	8.729573100000000141e-02
2.007592595999999840e+00	3.062407999999999970e-03	1.752458309999999908e-01	2.007592595999999840e+00	-1.621802699999999944e-02	1.923902449999999875e-01	8.729153100000000554e-02
2.054513646000000193e+00	3.205543999999999841e-03	1.793326540000000080e-01	2.054513646000000193e+00	-1.427387500000000010e-02	1.989139490000000066e-01	8.728715600000000463e-02
2.102531325000000173e+00	3.355327999999999870e-03	1.835144009999999937e-01	2.102531325000000173e+00	-1.189837000000000013e-02	2.054315840000000004e-01	8.728260000000000185e-02
2.151671263999999972e+00	3.512068000000000134e-03	1.877932529999999933e-01	2.151671263999999972e+00	-9.072658000000000805e-03	2.118794300000000075e-01	8.727785500000000141e-02
2.201959690999999886e+00	3.676083000000000128e-03	1.921714360000000010e-01	2.201959690999999886e+00	-5.785611999999999873e-03	2.181845169999999945e-01	8.727291299999999363e-02
2.253423450000000106e+00	3.847708999999999938e-03	1.966512270000000118e-01	2.253423450000000106e+00	-2.036342999999999921e-03	2.242646409999999868e-01	8.726776399999999767e-02
2.306090009000000052e+00	4.027293999999999839e-03	2.012349529999999942e-01	2.306090009000000052e+00	2.162859000000000049e-03	2.300288639999999996e-01	8.726240200000000280e-02
2.359987480000000026e+00	4.215204000000000173e-03	2.059249930000000006e-01	2.359987480000000026e+00	6.783187999999999891e-03	2.353786810000000063e-01	8.725681600000000093e-02
2.415144632000000069e+00	4.411820999999999798e-03	2.107237770000000010e-01	2.415144632000000069e+00	1.177566399999999992e-02	2.402101050000000071e-01	8.725099699999999681e-02
2.471590905999999865e+00	4.617544000000000336e-03	2.156337869999999934e-01	2.471590905999999865e+00	1.706734500000000113e-02	2.444169280000000055e-01	8.724493499999999568e-02
2.529356431000000072e+00	4.832788999999999661e-03	2.206575610000000021e-01	2.529356431000000072e+00	2.255769399999999966e-02	2.478954220000000042e-01	8.723861800000000388e-02
2.588472040000000085e+00	5.057991999999999870e-03	2.257976909999999948e-01	2.588472040000000085e+00	2.811557699999999924e-02	2.505507080000000109e-01	8.723203799999999786e-02
2.648969287999999978e+00	5.293606000000000179e-03	2.310568259999999929e-01	2.648969287999999978e+00	3.357750100000000265e-02	2.523048840000000070e-01	8.722518099999999885e-02
2.710880464000000156e+00	5.540106000000000371e-03	2.364376709999999882e-01	2.710880464000000156e+00	3.874788500000000274e-02	2.531068129999999861e-01	8.721803599999999879e-02
2.774238616999999962e+00	5.797985999999999765e-03	2.419429909999999961e-01	2.774238616999999962e+00	4.340223599999999682e-02	2.529431129999999972e-01	8.721059200000000344e-02
2.839077563000000026e+00	6.067763000000000323e-03	2.475756080000000026e-01	2.839077563000000026e+00	4.729405799999999993e-02	2.518495000000000039e-01	8.720283299999999349e-02
2.905431912000000061e+00	6.349976999999999705e-03	2.533384060000000160e-01	2.905431912000000061e+00	5.016607199999999905e-02	2.499211500000000086e-01	8.719474900000000195e-02
2.973337082000000020e+00	6.645189000000000130e-03	2.592343309999999845e-01	2.973337082000000020e+00	5.176581799999999817e-02	2.473203350000000023e-01	8.718632399999999560e-02
3.042829316999999811e+00	6.953985999999999675e-03	2.652663889999999913e-01	3.042829316999999811e+00	5.186492899999999712e-02	2.442794299999999919e-01	8.717754499999999518e-02
3.113945710999999950e+00	7.276979999999999733e-03	2.714376539999999727e-01	3.113945710999999950e+00	5.028045400000000220e-02	2.410975509999999933e-01	8.716839599999999522e-02
3.186724223000000134e+00	7.614809000000000161e-03	2.777512610000000270e-01	3.186724223000000134e+00	4.689574700000000151e-02	2.381298059999999994e-01	8.715886300000000309e-02
3.261203699999999817e+00	7.968139000000000818e-03	2.842104129999999951e-01	3.261203699999999817e+00	4.167795099999999781e-02	2.357692640000000062e-01	8.714892999999999945e-02
3.337423895999999779e+00	8.337664999999999313e-03	2.908183799999999875e-01	3.337423895999999779e+00	3.468919599999999853e-02	2.344231549999999942e-01	8.713857999999999326e-02
3.415425496000000116e+00	8.724110999999999672e-03	2.975785009999999953e-01	3.415425496000000116e+00	2.608950700000000136e-02	2.344860400000000067e-01	8.712779700000000682e-02
3.495250132999999870e+00	9.128231000000000539e-03	3.044941829999999738e-01	3.495250132999999870e+00	1.613079400000000038e-02	2.363134630000000014e-01	8.711656399999999356e-02
3.576940415000000151e+00	9.550813999999999485e-03	3.115689059999999788e-01	3.576940415000000151e+00	5.143001000000000343e-03	2.401994470000000104e-01	8.710486300000000459e-02
3.660539946000000100e+00	9.992681999999999259e-03	3.188062179999999746e-01	3.660539946000000100e+00	-6.485171999999999985e-03	2.463603440000000089e-01	8.709267599999999387e-02
3.746093349000000128e+00	1.045468899999999965e-02	3.262097440000000237e-01	3.746093349000000128e+00	-1.832778499999999922e-02	2.549260870000000234e-01	8.707998299999999969e-02
3.833646288000000180e+00	1.093773099999999915e-02	3.337831800000000126e-01	3.833646288000000180e+00	-2.994229299999999830e-02	2.659383000000000163e-01	8.706676500000000429e-02
3.923245496999999915e+00	1.144273799999999917e-02	3.415302969999999827e-01	3.923245496999999915e+00	-4.088696399999999787e-02	2.793534790000000156e-01	8.705300200000000432e-02
4.014938800999999557e+00	1.197067999999999917e-02	3.494549419999999906e-01	4.014938800999999557e+00	-5.073393999999999820e-02	2.950487130000000180e-01	8.703867199999999749e-02
4.108775141999999825e+00	1.252257000000000023e-02	3.575610379999999977e-01	4.108775141999999825e+00	-5.907812300000000322e-02	3.128272570000000252e-01	8.702375399999999483e-02
4.204804606999999805e+00	1.309946199999999922e-02	3.658525870000000069e-01	4.204804606999999805e+00	-6.554331200000000635e-02	3.324217190000000044e-01	8.700822499999999460e-02
4.303078454000000441e+00	1.370245200000000038e-02	3.743336660000000093e-01	4.303078454000000441e+00	-6.978805400000000214e-02	3.534933510000000112e-01	8.699206199999999500e-02
4.403649137000000380e+00	1.433268499999999952e-02	3.830084329999999815e-01	4.403649137000000380e+00	-7.151446399999999981e-02	3.756271509999999925e-01	8.697523799999999639e-02
4.506570338000000397e+00	1.499135000000000051e-02	3.918811260000000241e-01	4.506570338000000397e+00	-7.048387500000000139e-02	3.983240809999999965e-01	8.695772999999999697e-02
4.611896992000000139e+00	1.567968499999999876e-02	4.009560629999999737e-01	4.611896992000000139e+00	-6.654321300000000383e-02	4.209939400000000109e-01	8.693950999999999762e-02
4.719685319999999962e+00	1.639897499999999966e-02	4.102376449999999841e-01	4.719685319999999962e+00	-5.966506199999999788e-02	4.429555079999999978e-01	8.692054999999999920e-02
4.829992855000000418e+00	1.715055999999999872e-02	4.197303540000000277e-01	4.829992855000000418e+00	-5.000130099999999800e-02	4.634540919999999842e-01	8.690082300000000204e-02
4.942878474999999661e+00	1.793582700000000141e-02	4.294387579999999760e-01	4.942878474999999661e+00	-3.794383900000000004e-02	4.817093129999999723e-01	8.688029899999999417e-02
5.058402435999999724e+00	1.875622000000000053e-02	4.393675100000000167e-01	5.058402435999999724e+00	-2.417570499999999872e-02	4.970049180000000177e-01	8.685894700000000579e-02
5.176626398999999878e+00	1.961323800000000159e-02	4.495213499999999862e-01	5.176626398999999878e+00	-9.683806999999999138e-03	5.088229960000000274e-01	8.683673799999999665e-02
5.297613468999999853e+00	2.050843899999999984e-02	4.599051080000000069e-01	5.297613468999999853e+00	4.301626000000000234e-03	5.170040980000000230e-01	8.681363999999999748e-02
5.421428223999999574e+00	2.144343699999999922e-02	4.705236999999999892e-01	5.421428223999999574e+00	1.646519000000000107e-02	5.218863470000000282e-01	8.678962099999999735e-02
5.548136752999999644e+00	2.241991399999999912e-02	4.813821360000000160e-01	5.548136752999999644e+00	2.565070300000000039e-02	5.243567879999999626e-01	8.676464899999999925e-02
5.677806688000000435e+00	2.343961199999999856e-02	4.924855169999999838e-01	5.677806688000000435e+00	3.113017300000000057e-02	5.257602630000000055e-01	8.673868999999999330e-02
5.810507241999999906e+00	2.450434500000000029e-02	5.038390360000000179e-01	5.810507241999999906e+00	3.280267600000000283e-02	5.276634839999999604e-01	8.671171299999999582e-02
5.946309247000000298e+00	2.561599599999999852e-02	5.154479800000000278e-01	5.946309247000000298e+00	3.124484699999999920e-02	5.315393859999999471e-01	8.668368199999999801e-02
6.085285189999999567e+00	2.677652200000000052e-02	5.273177270000000139e-01	6.085285189999999567e+00	2.759758799999999929e-02	5.384721709999999995e-01	8.665456300000000389e-02
6.227509249999999774e+00	2.798795499999999839e-02	5.394537459999999562e-01	6.227509249999999774e+00	2.333970999999999962e-02	5.489615230000000068e-01	8.662431900000000518e-02
6.373057342000000070e+00	2.925240700000000110e-02	5.518616020000000066e-01	6.373057342000000070e+00	2.002354799999999865e-02	5.628469729999999727e-01	8.659291299999999358e-02
6.522007154999999834e+00	3.057206599999999844e-02	5.645469490000000201e-01	6.522007154999999834e+00	1.902349199999999949e-02	5.793266120000000186e-01	8.656030800000000247e-02
6.674438193000000297e+00	3.194920100000000346e-02	5.775155309999999709e-01	6.674438193000000297e+00	2.130494000000000138e-02	5.970378640000000292e-01	8.652646299999999790e-02
6.830431818000000099e+00	3.338616400000000289e-02	5.907731889999999764e-01	6.830431818000000099e+00	2.719583100000000017e-02	6.141999420000000542e-01	8.649133800000000094e-02
6.990071294999999907e+00	3.488538599999999740e-02	6.043258550000000229e-01	6.990071294999999907e+00	3.616126000000000063e-02	6.288627719999999588e-01	8.645489100000000593e-02
7.153441833999999666e+00	3.644938400000000134e-02	6.181795580000000179e-01	7.153441833999999666e+00	4.665105199999999841e-02	6.393240150000000233e-01	8.641707999999999334e-02
7.320630635999999747e+00	3.808075899999999875e-02	6.323404280000000099e-01	7.320630635999999747e+00	5.618027999999999911e-02	6.447100000000000053e-01	8.637786299999999917e-02
7.491726940999999584e+00	3.978220600000000051e-02	6.468146930000000516e-01	7.491726940999999584e+00	6.181630600000000142e-02	6.455445330000000315e-01	8.633719500000000546e-02
7.666822074999999792e+00	4.155650999999999790e-02	6.616086860000000014e-01	7.666822074999999792e+00	6.106123299999999948e-02	6.439555500000000432e-01	8.629503600000000552e-02
7.846009495999999750e+00	4.340656200000000270e-02	6.767288449999999678e-01	7.846009495999999750e+00	5.277763600000000277e-02	6.432329540000000234e-01	8.625134199999999474e-02
8.029384849999999574e+00	4.533535500000000079e-02	6.921817059999999522e-01	8.029384849999999574e+00	3.763389200000000212e-02	6.468487659999999639e-01	8.620606899999999628e-02
8.217046015999999398e+00	4.734599700000000078e-02	7.079739080000000406e-01	8.217046015999999398e+00	1.782207800000000161e-02	6.574537649999999678e-01	8.615917500000000451e-02
8.409093160999999483e+00	4.944170500000000246e-02	7.241121820000000486e-01	8.409093160999999483e+00	-3.703994999999999857e-03	6.763390849999999510e-01	8.611061500000000146e-02
8.605628792999999277e+00	5.162581299999999956e-02	7.406033539999999915e-01	8.605628792999999277e+00	-2.400640100000000013e-02	7.034570589999999957e-01	8.606034199999999801e-02
8.806757815999999295e+00	5.390176700000000320e-02	7.574543390000000320e-01	8.806757815999999295e+00	-4.066636600000000240e-02	7.377724030000000210e-01	8.600830800000000553e-02
9.012587587000000511e+00	5.627312300000000128e-02	7.746721439999999514e-01	9.012587587000000511e+00	-5.199233200000000221e-02	7.776867229999999687e-01	8.595446499999999379e-02
9.223227968999999860e+00	5.874354999999999855e-02	7.922638720000000356e-01	9.223227968999999860e+00	-5.702890800000000315e-02	8.214165770000000366e-01	8.589876300000000298e-02
9.438791395999999168e+00	6.131682599999999789e-02	8.102367289999999889e-01	9.438791395999999168e+00	-5.542394999999999960e-02	8.673062929999999504e-01	8.584115200000000390e-02
9.659392927000000739e+00	6.399685600000000474e-02	8.285980280000000420e-01	9.659392927000000739e+00	-4.714328699999999900e-02	9.140356109999999701e-01	8.578158399999999406e-02
9.885150314000000549e+00	6.678767200000000626e-02	8.473551919999999793e-01	9.885150314000000549e+00	-3.205597300000000149e-02	9.605852040000000258e-01	8.572001099999999874e-02
1.011618405599999981e+01	6.969345300000000243e-02	8.665157479999999746e-01	1.011618405599999981e+01	-9.592783000000000559e-03	1.005796249999999947e+00	8.565638400000000208e-02
1.035261747300000046e+01	7.271853200000000239e-02	8.860873209999999833e-01	1.035261747300000046e+01	2.110176500000000149e-02	1.047558106999999961e+00	8.559065600000000107e-02
1.059457676399999926e+01	7.586739300000000519e-02	9.060776189999999453e-01	1.059457676399999926e+01	6.008638200000000068e-02	1.082117430000000047e+00	8.552277599999999480e-02
1.084219107899999912e+01	7.914466800000000135e-02	9.264944250000000103e-01	1.084219107899999912e+01	1.046732699999999988e-01	1.104561740000000070e+00	8.545269299999999624e-02
1.109559258500000034e+01	8.255512900000000487e-02	9.473455990000000382e-01	1.109559258500000034e+01	1.479924099999999909e-01	1.111532334999999927e+00	8.538035200000000657e-02
1.135491654099999970e+01	8.610368000000000188e-02	9.686390860000000380e-01	1.135491654099999970e+01	1.807535030000000098e-01	1.105301909000000027e+00	8.530569799999999925e-02
1.162030136399999947e+01	8.979536300000000304e-02	9.903829349999999643e-01	1.162030136399999947e+01	1.970087120000000025e-01	1.095040757000000031e+00	8.522867900000000163e-02
1.189188870699999967e+01	9.363537500000000680e-02	1.012585301999999965e+00	1.189188870699999967e+01	1.992783290000000040e-01	1.091993286999999979e+00	8.514924100000000051e-02
1.216982353600000089e+01	9.762909899999999697e-02	1.035254450999999909e+00	1.216982353600000089e+01	1.975697700000000057e-01	1.102009835999999909e+00	8.506733499999999393e-02
1.245425420099999947e+01	1.017821109999999946e-01	1.058398729000000094e+00	1.245425420099999947e+01	2.031119500000000133e-01	1.121390126000000098e+00	8.498290699999999642e-02
1.274533252200000000e+01	1.061001879999999981e-01	1.082026538000000038e+00	1.274533252200000000e+01	2.205502129999999950e-01	1.137933867999999960e+00	8.489590499999999373e-02
1.304321386700000041e+01	1.105892779999999992e-01	1.106146324000000014e+00	1.304321386700000041e+01	2.412244970000000099e-01	1.138287105999999937e+00	8.480627100000000251e-02
1.334805723500000063e+01	1.152554759999999956e-01	1.130766581999999909e+00	1.334805723500000063e+01	2.448359159999999868e-01	1.122035056000000086e+00	8.471394499999999883e-02
1.366002534100000076e+01	1.201050290000000020e-01	1.155895893000000063e+00	1.366002534100000076e+01	2.169647110000000045e-01	1.109490295000000071e+00	8.461886899999999934e-02
1.397928470299999937e+01	1.251443590000000106e-01	1.181542947000000066e+00	1.397928470299999937e+01	1.658434159999999935e-01	1.127309934999999985e+00	8.452098700000000575e-02
1.430600573000000075e+01	1.303801159999999904e-01	1.207716529999999899e+00	1.430600573000000075e+01	1.171572720000000067e-01	1.188749558000000039e+00	8.442024600000000434e-02
1.464036281499999959e+01	1.358192000000000010e-01	1.234425475999999966e+00	1.464036281499999959e+01	1.009396119999999980e-01	1.288948823999999993e+00	8.431658999999999682e-02
1.498253442699999916e+01	1.414687340000000126e-01	1.261678615999999975e+00	1.498253442699999916e+01	1.450774940000000013e-01	1.403432336999999919e+00	8.420995900000000089e-02
1.533270320399999953e+01	1.473360079999999905e-01	1.289484776000000110e+00	1.533270320399999953e+01	2.588916459999999753e-01	1.480518213999999944e+00	8.410028899999999474e-02
1.569105605600000075e+01	1.534284509999999935e-01	1.317852832000000030e+00	1.569105605600000075e+01	3.941517279999999790e-01	1.463827698000000010e+00	8.398751699999999765e-02
1.605778425800000164e+01	1.597536810000000085e-01	1.346791764000000002e+00	1.605778425800000164e+01	4.627790070000000200e-01	1.371550833999999996e+00	8.387158200000000008e-02
1.643308355899999995e+01	1.663195859999999915e-01	1.376310638999999947e+00	1.643308355899999995e+01	4.460317269999999890e-01	1.287568763999999977e+00	8.375242700000000429e-02
1.681715427800000029e+01	1.731343579999999882e-01	1.406418509000000094e+00	1.681715427800000029e+01	3.942433570000000165e-01	1.251344604000000027e+00	8.362999399999999917e-02
1.721020142200000080e+01	1.802064110000000108e-01	1.437124344000000109e+00	1.721020142200000080e+01	3.421143139999999749e-01	1.247736294999999940e+00	8.350421399999999328e-02
1.761243478400000129e+01	1.875442800000000076e-01	1.468437076000000063e+00	1.761243478400000129e+01	2.883058399999999799e-01	1.260483229000000094e+00	8.337501799999999519e-02
1.802406906299999889e+01	1.951566489999999876e-01	1.500365718999999931e+00	1.802406906299999889e+01	2.267545820000000101e-01	1.298493434000000057e+00	8.324234199999999695e-02
1.844532397600000095e+01	2.030524910000000016e-01	1.532919388000000049e+00	1.844532397600000095e+01	1.757260240000000084e-01	1.377345854999999952e+00	8.310612400000000344e-02
1.887642437299999898e+01	2.112411369999999955e-01	1.566107139000000092e+00	1.887642437299999898e+01	1.715260349999999934e-01	1.487615318000000020e+00	8.296630300000000513e-02
1.931760036300000039e+01	2.197321479999999883e-01	1.599937852999999910e+00	1.931760036300000039e+01	2.351546069999999877e-01	1.579878217999999945e+00	8.282280499999999934e-02
1.976908742799999885e+01	2.285351499999999925e-01	1.634420331999999920e+00	1.976908742799999885e+01	3.226608349999999792e-01	1.596227400000000074e+00	8.267555799999999622e-02
2.023112655899999979e+01	2.376599279999999925e-01	1.669563490000000039e+00	2.023112655899999979e+01	3.547686019999999885e-01	1.561503569999999952e+00	8.252449400000000379e-02
2.070396437500000175e+01	2.471166539999999912e-01	1.705376285000000047e+00	2.070396437500000175e+01	3.360853189999999935e-01	1.549524722999999993e+00	8.236955299999999813e-02
2.118785326100000077e+01	2.569158579999999970e-01	1.741867440000000045e+00	2.118785326100000077e+01	3.177658219999999756e-01	1.566052607000000041e+00	8.221066200000000379e-02
2.168305150100000134e+01	2.670681260000000168e-01	1.779045436000000091e+00	2.168305150100000134e+01	3.002606159999999802e-01	1.580778930999999998e+00	8.204774300000000631e-02
2.218982341499999933e+01	2.775840820000000098e-01	1.816918830999999956e+00	2.218982341499999933e+01	2.605857500000000049e-01	1.610280275999999899e+00	8.188072500000000142e-02
2.270843949900000069e+01	2.884747460000000041e-01	1.855496271000000030e+00	2.270843949900000069e+01	2.322394100000000072e-01	1.686043828000000078e+00	8.170954599999999401e-02
2.323917657399999825e+01	2.997515590000000008e-01	1.894786086000000092e+00	2.323917657399999825e+01	2.691897770000000190e-01	1.767169905000000041e+00	8.153413199999999528e-02
2.378231793000000138e+01	3.114259340000000154e-01	1.934796259000000074e+00	2.378231793000000138e+01	3.322199319999999956e-01	1.770769637999999979e+00	8.135440200000000621e-02
2.433815347499999859e+01	3.235092769999999840e-01	1.975534901999999926e+00	2.433815347499999859e+01	3.219332050000000001e-01	1.730596478000000049e+00	8.117028699999999375e-02
2.490697989699999937e+01	3.360135049999999901e-01	2.017010149999999946e+00	2.490697989699999937e+01	2.635114060000000036e-01	1.732826500000000047e+00	8.098172300000000545e-02
2.548910081600000055e+01	3.489508479999999802e-01	2.059229591999999887e+00	2.548910081600000055e+01	2.067568979999999945e-01	1.757311521000000099e+00	8.078863199999999911e-02
2.608482694799999990e+01	3.623332810000000070e-01	2.102200589000000175e+00	2.608482694799999990e+01	1.186360020000000043e-01	1.792994798999999917e+00	8.059093500000000243e-02
2.669447627099999920e+01	3.761730110000000016e-01	2.145930762999999963e+00	2.669447627099999920e+01	9.569015999999999633e-03	1.899786119000000051e+00	8.038857000000000641e-02
2.731837419500000053e+01	3.904828410000000249e-01	2.190427307000000212e+00	2.731837419500000053e+01	-3.882321500000000120e-02	2.071380522000000113e+00	8.018146700000000626e-02
2.795685373499999926e+01	4.052753290000000175e-01	2.235696825999999859e+00	2.795685373499999926e+01	-2.401839999999999878e-02	2.220380936999999832e+00	7.996954300000000404e-02
2.861025569099999899e+01	4.205629439999999941e-01	2.281746225000000017e+00	2.861025569099999899e+01	-2.322291500000000022e-02	2.363564574999999834e+00	7.975273800000000357e-02
2.927892882600000135e+01	4.363588820000000035e-01	2.328582117999999923e+00	2.927892882600000135e+01	2.540002300000000074e-02	2.559702537000000167e+00	7.953098699999999743e-02
2.996323005500000036e+01	4.526760770000000100e-01	2.376210304999999856e+00	2.996323005500000036e+01	1.551893739999999910e-01	2.711071165999999977e+00	7.930421099999999945e-02
3.066352463400000161e+01	4.695272189999999957e-01	2.424636942999999878e+00	3.066352463400000161e+01	2.840735220000000227e-01	2.849471791000000032e+00	7.907234999999999958e-02
3.138018635699999948e+01	4.869257949999999946e-01	2.473867820000000162e+00	3.138018635699999948e+01	5.700209809999999822e-01	2.964900414000000151e+00	7.883534500000000111e-02
3.211359775300000052e+01	5.048847819999999764e-01	2.523907851000000147e+00	3.211359775300000052e+01	8.484662939999999542e-01	2.766347774999999842e+00	7.859312000000000242e-02
3.286415029399999810e+01	5.234170609999999613e-01	2.574762489999999904e+00	3.286415029399999810e+01	8.449286780000000441e-01	2.533095777999999854e+00	7.834562800000000049e-02
3.363224459599999960e+01	5.425362360000000050e-01	2.626436360000000025e+00	3.363224459599999960e+01	7.430695590000000461e-01	2.373850152000000158e+00	7.809280600000000072e-02
3.441829064499999902e+01	5.622549350000000112e-01	2.678933617000000211e+00	3.441829064499999902e+01	5.184626919999999473e-01	2.322638147999999791e+00	7.783459199999999412e-02
3.522270800300000104e+01	5.825863679999999656e-01	2.732258857999999790e+00	3.522270800300000104e+01	3.399519180000000196e-01	2.441913292000000180e+00	7.757094800000000068e-02
3.604592604199999784e+01	6.035436170000000322e-01	2.786415292000000044e+00	3.604592604199999784e+01	2.241298680000000099e-01	2.556033611999999788e+00	7.730180899999999911e-02
3.688838416699999811e+01	6.251390540000000273e-01	2.841406725000000133e+00	3.688838416699999811e+01	6.580042999999999309e-02	2.761704302000000055e+00	7.702713999999999395e-02
3.775053205300000059e+01	6.473859389999999658e-01	2.897236100000000203e+00	3.775053205300000059e+01	4.922925200000000112e-02	3.059049062999999791e+00	7.674689399999999606e-02
3.863282988699999976e+01	6.702961440000000382e-01	2.953905993999999868e+00	3.863282988699999976e+01	7.296813500000000341e-02	3.325183004999999969e+00	7.646103099999999875e-02
3.953574860700000215e+01	6.938824660000000311e-01	3.011419167000000119e+00	3.953574860700000215e+01	2.574206219999999878e-01	3.675624850000000166e+00	7.616952400000000234e-02
4.045977016300000173e+01	7.181565450000000350e-01	3.069777107999999810e+00	4.045977016300000173e+01	5.452967039999999654e-01	3.805703063999999802e+00	7.587233200000000066e-02
4.140538776399999676e+01	7.431303710000000118e-01	3.128982144000000076e+00	4.140538776399999676e+01	8.437549509999999753e-01	3.906312177999999857e+00	7.556944399999999951e-02
4.237310614900000161e+01	7.688152499999999501e-01	3.189034932000000211e+00	4.237310614900000161e+01	1.056588196000000091e+00	3.770666921000000116e+00	7.526082500000000342e-02
4.336344185299999765e+01	7.952222979999999941e-01	3.249937193000000057e+00	4.336344185299999765e+01	1.183250834000000085e+00	3.763458716000000148e+00	7.494647699999999746e-02
4.437692348400000242e+01	8.223621949999999625e-01	3.311688887999999942e+00	4.437692348400000242e+01	1.256553692000000000e+00	3.636863562999999910e+00	7.462637399999999532e-02
4.541409200399999690e+01	8.502452160000000259e-01	3.374291109000000066e+00	4.541409200399999690e+01	1.335262841000000034e+00	3.652641416999999890e+00	7.430053000000000352e-02
4.647550101699999914e+01	8.788810540000000504e-01	3.437743187999999783e+00	4.647550101699999914e+01	1.349952998000000015e+00	3.542642120000000006e+00	7.396893200000000113e-02
4.756171706800000010e+01	9.082791989999999815e-01	3.502045589000000181e+00	4.756171706800000010e+01	1.403157890999999990e+00	3.537486418999999938e+00	7.363160600000000222e-02
4.867331994199999912e+01	9.384479940000000076e-01	3.567197182000000133e+00	4.867331994199999912e+01	1.330380823999999906e+00	3.474368523999999958e+00	7.328855300000000628e-02
4.981090297499999764e+01	9.693961309999999942e-01	3.633197657999999830e+00	4.981090297499999764e+01	1.341558711000000015e+00	3.474441085000000040e+00	7.293980699999999540e-02
5.097507336900000041e+01	1.001130424999999935e+00	3.700045820000000152e+00	5.097507336900000041e+01	1.237341105999999913e+00	3.526726360000000060e+00	7.258539499999999700e-02
5.216645251900000346e+01	1.033658387000000012e+00	3.767740300999999903e+00	5.216645251900000346e+01	1.220173669000000016e+00	3.555304188000000032e+00	7.222534999999999372e-02
5.338567634199999645e+01	1.066985655000000088e+00	3.836280186000000203e+00	5.338567634199999645e+01	1.198383495999999937e+00	3.711945894999999940e+00	7.185972799999999772e-02
5.463339562000000171e+01	1.101117657999999944e+00	3.905663265999999911e+00	5.463339562000000171e+01	1.189301482999999937e+00	3.793774806000000055e+00	7.148856900000000181e-02
5.591027634099999943e+01	1.136059337999999919e+00	3.975888358999999816e+00	5.591027634099999943e+01	1.317484258999999991e+00	3.882901327999999985e+00	7.111194299999999691e-02
5.721700006100000024e+01	1.171813825000000087e+00	4.046953643000000156e+00	5.721700006100000024e+01	1.368832822999999976e+00	3.944902166999999960e+00	7.072991700000000326e-02
5.855426426399999684e+01	1.208384338999999974e+00	4.118856863000000423e+00	5.855426426399999684e+01	1.354290696000000072e+00	3.880225089000000072e+00	7.034255999999999842e-02
5.992278273800000221e+01	1.245772982000000084e+00	4.191596667999999859e+00	5.992278273800000221e+01	1.336743781000000020e+00	3.918441814999999995e+00	6.994996700000000178e-02
6.132328594999999893e+01	1.283980265000000065e+00	4.265171181000000367e+00	6.132328594999999893e+01	1.263706168999999990e+00	4.088811777000000092e+00	6.955222799999999372e-02
6.275652144000000021e+01	1.323006381999999981e+00	4.339578259999999688e+00	6.275652144000000021e+01	1.273153272999999919e+00	4.244005700999999853e+00	6.914943899999999311e-02
6.422325422199999423e+01	1.362850609000000102e+00	4.414816520999999661e+00	6.422325422199999423e+01	1.449996485000000002e+00	4.336948914999999793e+00	6.874171299999999596e-02
6.572426718799999890e+01	1.403510610000000103e+00	4.490884720000000385e+00	6.572426718799999890e+01	1.653583338000000014e+00	4.303186168999999950e+00	6.832917099999999411e-02
6.726036152499999332e+01	1.444983034000000055e+00	4.567781369999999619e+00	6.726036152499999332e+01	1.584025036000000108e+00	4.197093369000000074e+00	6.791193600000000608e-02
6.883235715099999652e+01	1.487263779999999924e+00	4.645505308999999805e+00	6.883235715099999652e+01	1.399746407000000081e+00	4.188727356000000235e+00	6.749013800000000507e-02
7.044109314199999972e+01	1.530347584999999899e+00	4.724055991000000176e+00	7.044109314199999972e+01	1.252195200999999924e+00	4.254006157000000066e+00	6.706392199999999804e-02
7.208742818599999680e+01	1.574227789000000044e+00	4.803433277999999973e+00	7.208742818599999680e+01	1.144358070000000005e+00	4.442574697000000405e+00	6.663343900000000264e-02
7.377224104200000454e+01	1.618896469000000060e+00	4.883637314999999646e+00	7.377224104200000454e+01	1.098980438999999976e+00	4.699629921999999738e+00	6.619884700000000510e-02
7.549643100400000151e+01	1.664344564999999943e+00	4.964668653999999570e+00	7.549643100400000151e+01	1.034374974999999974e+00	5.002460454000000389e+00	6.576030900000000290e-02
7.726091838700000380e+01	1.710561860999999961e+00	5.046528430000000398e+00	7.726091838700000380e+01	1.057102382000000063e+00	5.412333111999999780e+00	6.531799700000000264e-02
7.906664501299999870e+01	1.757536894000000016e+00	5.129218447000000403e+00	7.906664501299999870e+01	1.256394864000000000e+00	5.803840131000000291e+00	6.487208899999999390e-02
8.091457471900000087e+01	1.805256909999999992e+00	5.212741214000000234e+00	8.091457471900000087e+01	1.668863452000000080e+00	6.119688114999999762e+00	6.442277200000000315e-02
8.280569386599999859e+01	1.853707847999999991e+00	5.297099982999999845e+00	8.280569386599999859e+01	2.195579194000000012e+00	6.093299359999999609e+00	6.397023799999999871e-02
8.474101186900000471e+01	1.902874343999999995e+00	5.382298801000000132e+00	8.474101186900000471e+01	2.523141408999999946e+00	5.845452664999999826e+00	6.351468600000000075e-02
8.672156173400000512e+01	1.952739730000000007e+00	5.468342576999999594e+00	8.672156173400000512e+01	2.583334746999999876e+00	5.552944165999999626e+00	6.305631999999999904e-02
8.874840061199999752e+01	2.003286035999999992e+00	5.555237145000000432e+00	8.874840061199999752e+01	2.473513080000000031e+00	5.422997944999999653e+00	6.259534899999999458e-02
9.082261035999999876e+01	2.054493986000000216e+00	5.642989333000000052e+00	9.082261035999999876e+01	2.373142596000000104e+00	5.464789146000000208e+00	6.213198799999999911e-02
9.294529812099999333e+01	2.106342992000000081e+00	5.731607018000000053e+00	9.294529812099999333e+01	2.375309485999999914e+00	5.588087027000000262e+00	6.166645500000000196e-02
9.511759691199999622e+01	2.158811143999999960e+00	5.821099181000000122e+00	9.511759691199999622e+01	2.488164017999999977e+00	5.658485730999999852e+00	6.119897199999999732e-02
9.734066623399999685e+01	2.211875190000000213e+00	5.911475980999999713e+00	9.734066623399999685e+01	2.584703783000000143e+00	5.589898605000000131e+00	6.072976699999999700e-02
9.961569268399999544e+01	2.265510526999999996e+00	6.002748849999999692e+00	9.961569268399999544e+01	2.517832182999999890e+00	5.466596796000000147e+00	6.025906899999999844e-02
1.019438905939999955e+02	2.319691254999999952e+00	6.094930609999999582e+00	1.019438905939999955e+02	2.293681706000000098e+00	5.463534200999999868e+00	5.978710999999999748e-02
1.043265026760000040e+02	2.374390313000000141e+00	6.188035488999999778e+00	1.043265026760000040e+02	2.053611361000000191e+00	5.675311926000000007e+00	5.931412800000000068e-02
1.067648006889999976e+02	2.429579476999999876e+00	6.282078947999999663e+00	1.067648006889999976e+02	1.972182885000000052e+00	6.062503161999999612e+00	5.884035700000000285e-02
1.092600861119999962e+02	2.485229000999999993e+00	6.377077672000000419e+00	1.092600861119999962e+02	2.146022826999999911e+00	6.438802467999999557e+00	5.836603199999999825e-02
1.118136908430000034e+02	2.541307488999999808e+00	6.473050212000000414e+00	1.118136908430000034e+02	2.433465785000000103e+00	6.597169254999999843e+00	5.789139199999999985e-02
1.144269779100000051e+02	2.597782805000000028e+00	6.570017155999999581e+00	1.144269779100000051e+02	2.641685482000000196e+00	6.639156268999999888e+00	5.741667999999999772e-02
1.171013421950000009e+02	2.654621950000000119e+00	6.667999868999999968e+00	1.171013421950000009e+02	2.782228469000000093e+00	6.593186990000000414e+00	5.694213000000000052e-02
1.198382111850000058e+02	2.711789469000000175e+00	6.767021427999999617e+00	1.198382111850000058e+02	2.764180656999999819e+00	6.549905737999999644e+00	5.646797800000000200e-02
1.226390457250000026e+02	2.769249588000000095e+00	6.867107788000000212e+00	1.226390457250000026e+02	2.768508871999999954e+00	6.709223195999999945e+00	5.599446500000000021e-02
1.255053408060000066e+02	2.826965414000000010e+00	6.968284932999999626e+00	1.255053408060000066e+02	2.858446304000000104e+00	6.732557507000000108e+00	5.552181999999999951e-02
