3.162277660000000212e-01	2.014929999999999900e-04	7.441347399999999335e-02	3.162277660000000212e-01	2.160701500000000025e-02	8.731684900000000193e-02	2.353160659999999904e-01
3.236185779999999901e-01	2.110170000000000025e-04	7.615247799999999567e-02	3.236185779999999901e-01	2.191383400000000009e-02	8.926641200000000331e-02	2.353155309999999945e-01
3.311821260000000211e-01	2.209909999999999989e-04	7.793211199999999783e-02	3.311821260000000211e-01	2.223325099999999901e-02	9.125532199999999983e-02	2.353149710000000117e-01
3.389224479999999873e-01	2.314360000000000115e-04	7.975332699999999886e-02	3.389224479999999873e-01	2.256568200000000010e-02	9.328409199999999901e-02	2.353143849999999870e-01
3.468436750000000179e-01	2.423740000000000074e-04	8.161709300000000167e-02	3.468436750000000179e-01	2.291154700000000086e-02	9.535322200000000137e-02	2.353137710000000049e-01
3.549500360000000243e-01	2.538290000000000121e-04	8.352440299999999707e-02	3.549500360000000243e-01	2.327126800000000120e-02	9.746319900000000036e-02	2.353131270000000108e-01
3.632458559999999781e-01	2.658250000000000239e-04	8.547627400000000486e-02	3.632458559999999781e-01	2.364526600000000159e-02	9.961449499999999735e-02	2.353124540000000042e-01
3.717355649999999900e-01	2.783880000000000187e-04	8.747374600000000500e-02	3.717355649999999900e-01	2.403396199999999899e-02	1.018075640000000032e-01	2.353117479999999873e-01
3.804236939999999789e-01	2.915440000000000262e-04	8.951788400000000590e-02	3.804236939999999789e-01	2.443777299999999944e-02	1.040428439999999954e-01	2.353110099999999871e-01
3.893148799999999743e-01	3.053209999999999995e-04	9.160977600000000387e-02	3.893148799999999743e-01	2.485711100000000118e-02	1.063207490000000061e-01	2.353102360000000060e-01
3.984138689999999761e-01	3.197480000000000157e-04	9.375053899999999385e-02	3.984138689999999761e-01	2.529237999999999972e-02	1.086416739999999936e-01	2.353094269999999877e-01
4.077255180000000090e-01	3.348569999999999824e-04	9.594131200000000081e-02	4.077255180000000090e-01	2.574397399999999933e-02	1.110059909999999983e-01	2.353085779999999905e-01
4.172547970000000106e-01	3.506800000000000238e-04	9.818326199999999337e-02	4.172547970000000106e-01	2.621227300000000121e-02	1.134140460000000045e-01	2.353076900000000138e-01
4.270067920000000239e-01	3.672489999999999934e-04	1.004775849999999943e-01	4.270067920000000239e-01	2.669764100000000112e-02	1.158661589999999963e-01	2.353067600000000037e-01
4.369867080000000015e-01	3.846000000000000243e-04	1.028255009999999997e-01	4.369867080000000015e-01	2.720041899999999999e-02	1.183626210000000012e-01	2.353057859999999890e-01
4.471998739999999972e-01	4.027710000000000101e-04	1.052282620000000030e-01	4.471998739999999972e-01	2.772092699999999937e-02	1.209036950000000055e-01	2.353047669999999980e-01
4.576517390000000018e-01	4.217989999999999912e-04	1.076871469999999970e-01	4.576517390000000018e-01	2.825945300000000035e-02	1.234896119999999986e-01	2.353036990000000050e-01
4.683478830000000204e-01	4.417250000000000169e-04	1.102034659999999999e-01	4.683478830000000204e-01	2.881625200000000053e-02	1.261205709999999869e-01	2.353025810000000106e-01
4.792940159999999894e-01	4.625909999999999896e-04	1.127785580000000010e-01	4.792940159999999894e-01	2.939154199999999967e-02	1.287967389999999934e-01	2.353014099999999886e-01
4.904959790000000264e-01	4.844420000000000215e-04	1.154137940000000001e-01	4.904959790000000264e-01	2.998549099999999953e-02	1.315182500000000032e-01	2.353001839999999956e-01
5.019597519999999813e-01	5.073229999999999537e-04	1.181105779999999938e-01	5.019597519999999813e-01	3.059822099999999837e-02	1.342851999999999935e-01	2.352989000000000053e-01
5.136914550000000190e-01	5.312850000000000471e-04	1.208703440000000046e-01	5.136914550000000190e-01	3.122979000000000033e-02	1.370976560000000122e-01	2.352975559999999910e-01
5.256973480000000087e-01	5.563760000000000277e-04	1.236945609999999945e-01	5.256973480000000087e-01	3.188019599999999953e-02	1.399556449999999896e-01	2.352961490000000100e-01
5.379838399999999909e-01	5.826510000000000022e-04	1.265847330000000048e-01	5.379838399999999909e-01	3.254935800000000046e-02	1.428591660000000096e-01	2.352946750000000087e-01
5.505574899999999827e-01	6.101649999999999695e-04	1.295423960000000041e-01	5.505574899999999827e-01	3.323711499999999763e-02	1.458081820000000084e-01	2.352931319999999882e-01
5.634250090000000322e-01	6.389759999999999754e-04	1.325691250000000099e-01	5.634250090000000322e-01	3.394321399999999933e-02	1.488026279999999923e-01	2.352915160000000061e-01
5.765932649999999660e-01	6.691450000000000045e-04	1.356665280000000084e-01	5.765932649999999660e-01	3.466729999999999812e-02	1.518424100000000110e-01	2.352898250000000080e-01
5.900692870000000534e-01	7.007369999999999962e-04	1.388362539999999923e-01	5.900692870000000534e-01	3.540890700000000335e-02	1.549274119999999866e-01	2.352880539999999965e-01
6.038602669999999506e-01	7.338169999999999979e-04	1.420799869999999909e-01	6.038602669999999506e-01	3.616744399999999998e-02	1.580574979999999907e-01	2.352861990000000014e-01
6.179735680000000286e-01	7.684560000000000436e-04	1.453994520000000124e-01	6.179735680000000286e-01	3.694218600000000186e-02	1.612325169999999919e-01	2.352842579999999961e-01
6.324167219999999867e-01	8.047279999999999971e-04	1.487964129999999885e-01	6.324167219999999867e-01	3.773226200000000252e-02	1.644523129999999889e-01	2.352822250000000115e-01
6.471974379999999583e-01	8.427070000000000480e-04	1.522726759999999957e-01	6.471974379999999583e-01	3.853663999999999701e-02	1.677167310000000078e-01	2.352800959999999941e-01
6.623236059999999537e-01	8.824759999999999853e-04	1.558300860000000065e-01	6.623236059999999537e-01	3.935411700000000096e-02	1.710256280000000129e-01	2.352778680000000011e-01
6.778032999999999975e-01	9.241180000000000314e-04	1.594705339999999971e-01	6.778032999999999975e-01	4.018330299999999661e-02	1.743788850000000112e-01	2.352755350000000079e-01
6.936447820000000153e-01	9.677190000000000228e-04	1.631959530000000047e-01	6.936447820000000153e-01	4.102261000000000102e-02	1.777764179999999916e-01	2.352730929999999887e-01
7.098565079999999972e-01	1.013374000000000046e-03	1.670083209999999874e-01	7.098565079999999972e-01	4.187023399999999923e-02	1.812181989999999965e-01	2.352705360000000023e-01
7.264471319999999954e-01	1.061176000000000046e-03	1.709096619999999900e-01	7.264471319999999954e-01	4.272414900000000293e-02	1.847042690000000043e-01	2.352678599999999953e-01
7.434255079999999571e-01	1.111227999999999912e-03	1.749020450000000060e-01	7.434255079999999571e-01	4.358208699999999852e-02	1.882347610000000004e-01	2.352650569999999997e-01
7.608006990000000247e-01	1.163633999999999979e-03	1.789875880000000030e-01	7.608006990000000247e-01	4.444152900000000045e-02	1.918099249999999922e-01	2.352621239999999891e-01
7.785819800000000068e-01	1.218504999999999935e-03	1.831684590000000057e-01	7.785819800000000068e-01	4.529969500000000093e-02	1.954301519999999959e-01	2.352590529999999958e-01
7.967788409999999599e-01	1.275955000000000058e-03	1.874468740000000133e-01	7.967788409999999599e-01	4.615352999999999817e-02	1.990960029999999936e-01	2.352558379999999949e-01
8.154009960000000445e-01	1.336104999999999975e-03	1.918251009999999979e-01	8.154009960000000445e-01	4.699969999999999842e-02	2.028082449999999981e-01	2.352524729999999897e-01
8.344583840000000530e-01	1.399082000000000060e-03	1.963054589999999877e-01	8.344583840000000530e-01	4.783458599999999838e-02	2.065678850000000066e-01	2.352489510000000117e-01
8.539611769999999602e-01	1.465015999999999975e-03	2.008903220000000100e-01	8.539611769999999602e-01	4.865427700000000272e-02	2.103762090000000085e-01	2.352452640000000095e-01
8.739197859999999762e-01	1.534048000000000096e-03	2.055821180000000081e-01	8.739197859999999762e-01	4.945457600000000009e-02	2.142348249999999898e-01	2.352414049999999868e-01
8.943448630000000454e-01	1.606318999999999933e-03	2.103833290000000078e-01	8.943448630000000454e-01	5.023100099999999735e-02	2.181457119999999916e-01	2.352373650000000038e-01
9.152473110000000078e-01	1.681982000000000052e-03	2.152964960000000039e-01	9.152473110000000078e-01	5.097879799999999878e-02	2.221112680000000006e-01	2.352331370000000088e-01
9.366382869999999583e-01	1.761193999999999997e-03	2.203242179999999883e-01	9.366382869999999583e-01	5.169295299999999982e-02	2.261343620000000054e-01	2.352287120000000065e-01
9.585292079999999659e-01	1.844120999999999998e-03	2.254691520000000060e-01	9.585292079999999659e-01	5.236821900000000057e-02	2.302183899999999950e-01	2.352240810000000015e-01
9.809317600000000414e-01	1.930934999999999943e-03	2.307340170000000135e-01	9.809317600000000414e-01	5.299914199999999909e-02	2.343673350000000100e-01	2.352192339999999993e-01
1.003857898999999998e+00	2.021816999999999972e-03	2.361215939999999902e-01	1.003857898999999998e+00	5.358009999999999856e-02	2.385858200000000040e-01	2.352141620000000044e-01
1.027319864000000083e+00	2.116954999999999792e-03	2.416347269999999936e-01	1.027319864000000083e+00	5.410535400000000134e-02	2.428791760000000022e-01	2.352088529999999955e-01
1.051330177000000088e+00	2.216547000000000135e-03	2.472763249999999913e-01	1.051330177000000088e+00	5.456910599999999917e-02	2.472534959999999893e-01	2.352032980000000051e-01
1.075901653999999930e+00	2.320797999999999785e-03	2.530493639999999989e-01	1.075901653999999930e+00	5.496556699999999990e-02	2.517156899999999919e-01	2.351974860000000112e-01
1.101047410999999920e+00	2.429925999999999787e-03	2.589568859999999972e-01	1.101047410999999920e+00	5.528904099999999711e-02	2.562735460000000187e-01	2.351914029999999933e-01
1.126780869000000074e+00	2.544153999999999860e-03	2.650020029999999860e-01	1.126780869000000074e+00	5.553402100000000285e-02	2.609357729999999820e-01	2.351850390000000124e-01
1.153115764999999904e+00	2.663719000000000156e-03	2.711878979999999828e-01	1.153115764999999904e+00	5.569530000000000314e-02	2.657120459999999795e-01	2.351783799999999924e-01
1.180066153999999923e+00	2.788867999999999903e-03	2.775178249999999958e-01	1.180066153999999923e+00	5.576809199999999828e-02	2.706130330000000028e-01	2.351714129999999958e-01
1.207646422999999913e+00	2.919856000000000187e-03	2.839951139999999929e-01	1.207646422999999913e+00	5.574816900000000019e-02	2.756504180000000082e-01	2.351641250000000016e-01
1.235871291999999899e+00	3.056952999999999841e-03	2.906231670000000156e-01	1.235871291999999899e+00	5.563201499999999994e-02	2.808369039999999983e-01	2.351564999999999905e-01
1.264755827000000110e+00	3.200440000000000142e-03	2.974054649999999800e-01	1.264755827000000110e+00	5.541698700000000088e-02	2.861861940000000049e-01	2.351485229999999982e-01
1.294315445000000064e+00	3.350609000000000053e-03	3.043455649999999846e-01	1.294315445000000064e+00	5.510149500000000033e-02	2.917129549999999960e-01	2.351401790000000047e-01
1.324565924999999922e+00	3.507768999999999991e-03	3.114471079999999725e-01	1.324565924999999922e+00	5.468518199999999885e-02	2.974327580000000193e-01	2.351314509999999913e-01
1.355523414000000093e+00	3.672237000000000071e-03	3.187138139999999842e-01	1.355523414000000093e+00	5.416911900000000168e-02	3.033619790000000038e-01	2.351223229999999942e-01
1.387204434000000042e+00	3.844348999999999943e-03	3.261494850000000167e-01	1.387204434000000042e+00	5.355600600000000322e-02	3.095176749999999921e-01	2.351127759999999955e-01
1.419625896000000109e+00	4.024454000000000226e-03	3.337580110000000211e-01	1.419625896000000109e+00	5.285035999999999901e-02	3.159174220000000033e-01	2.351027910000000054e-01
1.452805107000000095e+00	4.212915000000000236e-03	3.415433669999999866e-01	1.452805107000000095e+00	5.205871399999999899e-02	3.225791100000000022e-01	2.350923500000000055e-01
1.486759774999999895e+00	4.410111999999999886e-03	3.495096180000000219e-01	1.486759774999999895e+00	5.118979600000000268e-02	3.295206960000000018e-01	2.350814320000000068e-01
1.521508026000000013e+00	4.616442999999999589e-03	3.576609170000000226e-01	1.521508026000000013e+00	5.025468799999999875e-02	3.367599119999999946e-01	2.350700169999999922e-01
1.557068405000000100e+00	4.832322000000000006e-03	3.660015130000000005e-01	1.557068405000000100e+00	4.926696900000000073e-02	3.443139199999999955e-01	2.350580820000000015e-01
1.593459893999999988e+00	5.058179000000000321e-03	3.745357440000000038e-01	1.593459893999999988e+00	4.824281700000000034e-02	3.521989240000000243e-01	2.350456049999999908e-01
1.630701917999999973e+00	5.294466000000000276e-03	3.832680489999999995e-01	1.630701917999999973e+00	4.720106500000000038e-02	3.604297280000000048e-01	2.350325620000000004e-01
1.668814355000000083e+00	5.541652999999999683e-03	3.922029610000000166e-01	1.668814355000000083e+00	4.616320699999999777e-02	3.690192429999999968e-01	2.350189279999999881e-01
1.707817547999999963e+00	5.800229999999999969e-03	4.013451140000000028e-01	1.707817547999999963e+00	4.515333400000000330e-02	3.779779460000000091e-01	2.350046789999999941e-01
1.747732314999999925e+00	6.070706999999999839e-03	4.106992449999999906e-01	1.747732314999999925e+00	4.419798400000000266e-02	3.873133020000000259e-01	2.349897870000000055e-01
1.788579963000000106e+00	6.353616999999999772e-03	4.202701930000000141e-01	1.788579963000000106e+00	4.332590100000000000e-02	3.970291320000000068e-01	2.349742260000000083e-01
1.830382294000000076e+00	6.649514999999999940e-03	4.300629029999999964e-01	1.830382294000000076e+00	4.256767300000000032e-02	4.071249659999999770e-01	2.349579669999999898e-01
1.873161620000000083e+00	6.958978999999999686e-03	4.400824260000000265e-01	1.873161620000000083e+00	4.195524400000000265e-02	4.175953640000000244e-01	2.349409799999999937e-01
1.916940776999999985e+00	7.282610999999999599e-03	4.503339270000000227e-01	1.916940776999999985e+00	4.152126099999999681e-02	4.284292390000000172e-01	2.349232340000000085e-01
1.961743129999999891e+00	7.621039999999999932e-03	4.608226779999999856e-01	1.961743129999999891e+00	4.129825599999999847e-02	4.396091950000000081e-01	2.349046979999999951e-01
2.007592595999999840e+00	7.974916999999999770e-03	4.715540670000000212e-01	2.007592595999999840e+00	4.131761300000000303e-02	4.511109090000000044e-01	2.348853389999999985e-01
2.054513646000000193e+00	8.344924000000000092e-03	4.825335989999999797e-01	2.054513646000000193e+00	4.160832500000000156e-02	4.629025949999999723e-01	2.348651230000000090e-01
2.102531325000000173e+00	8.731766999999999654e-03	4.937668949999999835e-01	2.102531325000000173e+00	4.219548499999999785e-02	4.749446039999999924e-01	2.348440129999999904e-01
2.151671263999999972e+00	9.136183000000000845e-03	5.052596959999999804e-01	2.151671263999999972e+00	4.309852599999999812e-02	4.871892119999999826e-01	2.348219749999999884e-01
2.201959690999999886e+00	9.558939000000000671e-03	5.170178680000000471e-01	2.201959690999999886e+00	4.432916499999999677e-02	4.995806879999999950e-01	2.347989699999999957e-01
2.253423450000000106e+00	1.000083000000000048e-02	5.290473980000000020e-01	2.253423450000000106e+00	4.588908099999999823e-02	5.120557380000000380e-01	2.347749590000000053e-01
2.306090009000000052e+00	1.046268399999999987e-02	5.413544030000000395e-01	2.306090009000000052e+00	4.776733899999999894e-02	5.245444460000000531e-01	2.347499020000000103e-01
2.359987480000000026e+00	1.094536200000000015e-02	5.539451269999999816e-01	2.359987480000000026e+00	4.993761599999999717e-02	5.369718449999999477e-01	2.347237570000000051e-01
2.415144632000000069e+00	1.144975900000000033e-02	5.668259460000000249e-01	2.415144632000000069e+00	5.235535100000000136e-02	5.492602899999999844e-01	2.346964810000000123e-01
2.471590905999999865e+00	1.197680199999999993e-02	5.800033700000000181e-01	2.471590905999999865e+00	5.495496300000000250e-02	5.613327750000000060e-01	2.346680309999999992e-01
2.529356431000000072e+00	1.252745599999999931e-02	5.934840439999999884e-01	2.529356431000000072e+00	5.764741000000000309e-02	5.731173429999999458e-01	2.346383599999999903e-01
2.588472040000000085e+00	1.310272200000000067e-02	6.072747509999999460e-01	2.588472040000000085e+00	6.031839900000000171e-02	5.845526890000000142e-01	2.346074220000000099e-01
2.648969287999999978e+00	1.370363800000000062e-02	6.213824159999999930e-01	2.648969287999999978e+00	6.282768599999999370e-02	5.955949799999999961e-01	2.345751680000000006e-01
2.710880464000000156e+00	1.433128200000000074e-02	6.358141059999999900e-01	2.710880464000000156e+00	6.500996500000000289e-02	6.062257549999999773e-01	2.345415499999999875e-01
2.774238616999999962e+00	1.498676999999999995e-02	6.505770330000000268e-01	2.774238616999999962e+00	6.667788800000000460e-02	6.164606299999999539e-01	2.345065159999999982e-01
2.839077563000000026e+00	1.567125899999999988e-02	6.656785579999999758e-01	2.839077563000000026e+00	6.762774200000000457e-02	6.263582580000000011e-01	2.344700150000000038e-01
2.905431912000000061e+00	1.638594999999999982e-02	6.811261910000000475e-01	2.905431912000000061e+00	6.764818499999999957e-02	6.360287719999999645e-01	2.344319920000000057e-01
2.973337082000000020e+00	1.713208499999999829e-02	6.969275959999999825e-01	2.973337082000000020e+00	6.653218499999999369e-02	6.456406850000000475e-01	2.343923940000000039e-01
3.042829316999999811e+00	1.791094799999999945e-02	7.130905910000000514e-01	3.042829316999999811e+00	6.409197599999999495e-02	6.554250940000000414e-01	2.343511640000000007e-01
3.113945710999999950e+00	1.872387199999999904e-02	7.296231539999999960e-01	3.113945710999999950e+00	6.017635100000000292e-02	6.656760090000000130e-01	2.343082449999999983e-01
3.186724223000000134e+00	1.957223400000000085e-02	7.465334219999999466e-01	3.186724223000000134e+00	5.468914400000000203e-02	6.767458710000000544e-01	2.342635789999999996e-01
3.261203699999999817e+00	2.045745499999999939e-02	7.638296949999999752e-01	3.261203699999999817e+00	4.760737699999999933e-02	6.890357400000000077e-01	2.342171070000000077e-01
3.337423895999999779e+00	2.138100799999999996e-02	7.815204399999999829e-01	3.337423895999999779e+00	3.899736000000000175e-02	7.029802720000000171e-01	2.341687669999999999e-01
3.415425496000000116e+00	2.234441300000000047e-02	7.996142929999999760e-01	3.415425496000000116e+00	2.902717100000000092e-02	7.190283039999999515e-01	2.341185000000000072e-01
3.495250132999999870e+00	2.334924000000000027e-02	8.181200600000000378e-01	3.495250132999999870e+00	1.797446299999999955e-02	7.376204309999999653e-01	2.340662410000000082e-01
3.576940415000000151e+00	2.439710800000000068e-02	8.370467230000000480e-01	3.576940415000000151e+00	6.229280999999999707e-03	7.591652559999999550e-01	2.340119280000000079e-01
3.660539946000000100e+00	2.548968899999999940e-02	8.564034409999999875e-01	3.660539946000000100e+00	-5.707506999999999685e-03	7.840158430000000456e-01	2.339554970000000123e-01
3.746093349000000128e+00	2.662870800000000093e-02	8.761995529999999643e-01	3.746093349000000128e+00	-1.722880800000000170e-02	8.124472160000000276e-01	2.338968820000000004e-01
3.833646288000000180e+00	2.781594000000000080e-02	8.964445819999999898e-01	3.833646288000000180e+00	-2.762716499999999867e-02	8.446346670000000056e-01	2.338360180000000066e-01
3.923245496999999915e+00	2.905321799999999871e-02	9.171482389999999763e-01	3.923245496999999915e+00	-3.610026100000000154e-02	8.806312099999999976e-01	2.337728390000000100e-01
4.014938800999999557e+00	3.034242700000000167e-02	9.383204219999999873e-01	4.014938800999999557e+00	-4.175535600000000042e-02	9.203409399999999962e-01	2.337072789999999900e-01
4.108775141999999825e+00	3.168550800000000112e-02	9.599712249999999836e-01	4.108775141999999825e+00	-4.361379700000000276e-02	9.634835659999999580e-01	2.336392700000000100e-01
4.204804606999999805e+00	3.308445799999999715e-02	9.821109380000000444e-01	4.204804606999999805e+00	-4.061983100000000207e-02	1.009544243999999980e+00	2.335687459999999938e-01
4.303078454000000441e+00	3.454133200000000098e-02	1.004750052999999976e+00	4.303078454000000441e+00	-3.166274399999999961e-02	1.057702590999999970e+00	2.334956390000000048e-01
4.403649137000000380e+00	3.605824199999999730e-02	1.027899263999999979e+00	4.403649137000000380e+00	-1.562848600000000046e-02	1.106736759999999986e+00	2.334198819999999952e-01
4.506570338000000397e+00	3.763735800000000270e-02	1.051569473999999893e+00	4.506570338000000397e+00	8.493485999999999744e-03	1.154905293999999971e+00	2.333414089999999996e-01
4.611896992000000139e+00	3.928090900000000274e-02	1.075771798999999973e+00	4.611896992000000139e+00	4.141206900000000274e-02	1.199825739000000002e+00	2.332601529999999979e-01
4.719685319999999962e+00	4.099118399999999995e-02	1.100517570999999917e+00	4.719685319999999962e+00	8.320479299999999911e-02	1.238400943000000032e+00	2.331760479999999969e-01
4.829992855000000418e+00	4.277053199999999999e-02	1.125818342000000083e+00	4.829992855000000418e+00	1.328352580000000116e-01	1.266894729000000108e+00	2.330890280000000037e-01
4.942878474999999661e+00	4.462136399999999670e-02	1.151685888000000046e+00	4.942878474999999661e+00	1.875685870000000088e-01	1.281314652999999915e+00	2.329990299999999959e-01
5.058402435999999724e+00	4.654615100000000089e-02	1.178132216999999926e+00	5.058402435999999724e+00	2.424877310000000119e-01	1.278266074999999891e+00	2.329059880000000082e-01
5.176626398999999878e+00	4.854742699999999717e-02	1.205169570000000023e+00	5.176626398999999878e+00	2.905114149999999951e-01	1.256292447999999951e+00	2.328098409999999896e-01
5.297613468999999853e+00	5.062778799999999996e-02	1.232810426999999986e+00	5.297613468999999853e+00	3.233777330000000005e-01	1.217332652999999931e+00	2.327105279999999998e-01
5.421428223999999574e+00	5.278989700000000229e-02	1.261067514000000056e+00	5.421428223999999574e+00	3.336980680000000143e-01	1.167470914999999998e+00	2.326079879999999878e-01
5.548136752999999644e+00	5.503647799999999979e-02	1.289953804999999898e+00	5.548136752999999644e+00	3.173783969999999788e-01	1.116148460000000009e+00	2.325021650000000106e-01
5.677806688000000435e+00	5.737032100000000190e-02	1.319482529999999931e+00	5.677806688000000435e+00	2.750932320000000209e-01	1.073842748999999985e+00	2.323929999999999885e-01
5.810507241999999906e+00	5.979428400000000310e-02	1.349667181000000049e+00	5.810507241999999906e+00	2.119170180000000125e-01	1.049357539999999922e+00	2.322804400000000047e-01
5.946309247000000298e+00	6.231129099999999782e-02	1.380521515999999949e+00	5.946309247000000298e+00	1.354719819999999908e-01	1.048138879999999995e+00	2.321644330000000034e-01
6.085285189999999567e+00	6.492433499999999968e-02	1.412059567000000015e+00	6.085285189999999567e+00	5.381472500000000075e-02	1.072161681999999949e+00	2.320449290000000109e-01
6.227509249999999774e+00	6.763647600000000093e-02	1.444295644999999961e+00	6.227509249999999774e+00	-2.592604700000000068e-02	1.120894808999999936e+00	2.319218789999999975e-01
6.373057342000000070e+00	7.045084799999999647e-02	1.477244347999999929e+00	6.373057342000000070e+00	-9.789820500000000203e-02	1.192506706999999944e+00	2.317952389999999863e-01
6.522007154999999834e+00	7.337065500000000684e-02	1.510920564999999938e+00	6.522007154999999834e+00	-1.571224659999999884e-01	1.284725287999999965e+00	2.316649659999999999e-01
6.674438193000000297e+00	7.639917599999999920e-02	1.545339487999999983e+00	6.674438193000000297e+00	-1.987040160000000111e-01	1.395104756999999918e+00	2.315310210000000035e-01
6.830431818000000099e+00	7.953976399999999891e-02	1.580516612999999904e+00	6.830431818000000099e+00	-2.169494979999999906e-01	1.520583851999999903e+00	2.313933659999999892e-01
6.990071294999999907e+00	8.279585000000000417e-02	1.616467751999999924e+00	6.990071294999999907e+00	-2.047074289999999963e-01	1.656140680000000032e+00	2.312519690000000017e-01
7.153441833999999666e+00	8.617094299999999985e-02	1.653209040999999990e+00	7.153441833999999666e+00	-1.536460030000000032e-01	1.792255026000000084e+00	2.311067990000000016e-01
7.320630635999999747e+00	8.966863399999999706e-02	1.690756943000000012e+00	7.320630635999999747e+00	-5.714533299999999955e-02	1.911368240000000052e+00	2.309578270000000044e-01
7.491726940999999584e+00	9.329259900000000383e-02	1.729128261000000055e+00	7.491726940999999584e+00	8.165667699999999696e-02	1.985971737000000070e+00	2.308050299999999944e-01
7.666822074999999792e+00	9.704659699999999833e-02	1.768340143999999947e+00	7.666822074999999792e+00	2.373465979999999920e-01	1.985985783999999921e+00	2.306483870000000103e-01
7.846009495999999750e+00	1.009344789999999936e-01	1.808410096000000022e+00	7.846009495999999750e+00	3.587983430000000196e-01	1.902189370999999962e+00	2.304878800000000061e-01
8.029384849999999574e+00	1.049601869999999965e-01	1.849355982999999926e+00	8.029384849999999574e+00	3.950635049999999815e-01	1.768403045999999978e+00	2.303234949999999892e-01
8.217046015999999398e+00	1.091277570000000058e-01	1.891196045000000048e+00	8.217046015999999398e+00	3.340057069999999850e-01	1.645992160999999898e+00	2.301552209999999932e-01
8.409093160999999483e+00	1.134413259999999951e-01	1.933948903000000108e+00	8.409093160999999483e+00	2.050769699999999973e-01	1.581871151000000086e+00	2.299830509999999939e-01
8.605628792999999277e+00	1.179051329999999953e-01	1.977633565000000093e+00	8.605628792999999277e+00	4.901005099999999892e-02	1.590648398999999991e+00	2.298069799999999940e-01
8.806757815999999295e+00	1.225235219999999958e-01	2.022269442999999889e+00	8.806757815999999295e+00	-1.038913669999999984e-01	1.666749926000000048e+00	2.296270079999999936e-01
9.012587587000000511e+00	1.273009509999999955e-01	2.067876355000000110e+00	9.012587587000000511e+00	-2.353540480000000101e-01	1.800018203999999900e+00	2.294431349999999925e-01
9.223227968999999860e+00	1.322419900000000037e-01	2.114474536999999987e+00	9.223227968999999860e+00	-3.321193479999999809e-01	1.982588631000000046e+00	2.292553700000000139e-01
9.438791395999999168e+00	1.373513329999999921e-01	2.162084652999999967e+00	9.438791395999999168e+00	-3.783941439999999878e-01	2.208096215999999945e+00	2.290637179999999995e-01
9.659392927000000739e+00	1.426337970000000066e-01	2.210727805999999962e+00	9.659392927000000739e+00	-3.505010250000000216e-01	2.464334626999999944e+00	2.288681929999999976e-01
9.885150314000000549e+00	1.480943299999999963e-01	2.260425544999999925e+00	9.885150314000000549e+00	-2.193715149999999892e-01	2.717867467000000037e+00	2.286688090000000007e-01
1.011618405599999981e+01	1.537380200000000030e-01	2.311199876999999958e+00	1.011618405599999981e+01	2.346335999999999908e-02	2.898021586000000038e+00	2.284655820000000004e-01
1.035261747300000046e+01	1.595700929999999962e-01	2.363073275000000084e+00	1.035261747300000046e+01	3.137683410000000062e-01	2.922517679999999896e+00	2.282585330000000134e-01
1.059457676399999926e+01	1.655959290000000028e-01	2.416068690999999991e+00	1.059457676399999926e+01	5.202341660000000534e-01	2.793676722999999917e+00	2.280476840000000005e-01
1.084219107899999912e+01	1.718210599999999977e-01	2.470209563000000053e+00	1.084219107899999912e+01	5.709141869999999619e-01	2.626726850999999918e+00	2.278330590000000044e-01
1.109559258500000034e+01	1.782511830000000075e-01	2.525519828000000189e+00	1.109559258500000034e+01	5.126649580000000039e-01	2.527885002000000103e+00	2.276146860000000105e-01
1.135491654099999970e+01	1.848921659999999967e-01	2.582023928999999995e+00	1.135491654099999970e+01	4.295079299999999822e-01	2.521135236000000113e+00	2.273925940000000034e-01
1.162030136399999947e+01	1.917500530000000036e-01	2.639746827999999823e+00	1.162030136399999947e+01	3.789703050000000073e-01	2.576273409000000125e+00	2.271668129999999952e-01
1.189188870699999967e+01	1.988310739999999965e-01	2.698714015999999827e+00	1.189188870699999967e+01	3.804870180000000102e-01	2.643086217000000016e+00	2.269373759999999962e-01
1.216982353600000089e+01	2.061416540000000075e-01	2.758951521000000184e+00	1.216982353600000089e+01	4.123610140000000257e-01	2.674742909999999974e+00	2.267043159999999891e-01
1.245425420099999947e+01	2.136884209999999895e-01	2.820485923000000117e+00	1.245425420099999947e+01	4.217389289999999846e-01	2.661011541999999785e+00	2.264676690000000103e-01
1.274533252200000000e+01	2.214782140000000066e-01	2.883344356999999913e+00	1.274533252200000000e+01	3.709905159999999924e-01	2.643970938999999909e+00	2.262274720000000128e-01
1.304321386700000041e+01	2.295180920000000069e-01	2.947554531000000200e+00	1.304321386700000041e+01	2.762594190000000061e-01	2.678145604000000013e+00	2.259837610000000052e-01
1.334805723500000063e+01	2.378153450000000113e-01	3.013144732000000214e+00	1.334805723500000063e+01	1.898796610000000051e-01	2.783267802000000124e+00	2.257365759999999943e-01
1.366002534100000076e+01	2.463775059999999961e-01	3.080143835999999968e+00	1.366002534100000076e+01	1.641623690000000024e-01	2.933443544000000180e+00	2.254859529999999890e-01
1.397928470299999937e+01	2.552123550000000018e-01	3.148581320999999988e+00	1.397928470299999937e+01	2.190619099999999986e-01	3.062120450000000105e+00	2.252319329999999953e-01
1.430600573000000075e+01	2.643279359999999856e-01	3.218487275999999842e+00	1.430600573000000075e+01	3.001672939999999734e-01	3.097816674000000159e+00	2.249745549999999927e-01
1.464036281499999959e+01	2.737325640000000115e-01	3.289892410000000211e+00	1.464036281499999959e+01	2.971885100000000168e-01	3.057573919999999834e+00	2.247138579999999886e-01
1.498253442699999916e+01	2.834348380000000223e-01	3.362828062000000173e+00	1.498253442699999916e+01	1.730031989999999964e-01	3.057704005999999808e+00	2.244498809999999900e-01
1.533270320399999953e+01	2.934436539999999982e-01	3.437326216000000212e+00	1.533270320399999953e+01	2.825662999999999959e-03	3.188174769999999825e+00	2.241826620000000048e-01
1.569105605600000075e+01	3.037682139999999809e-01	3.513419503000000166e+00	1.569105605600000075e+01	-1.024880539999999951e-01	3.458296397999999883e+00	2.239122400000000124e-01
1.605778425800000164e+01	3.144180409999999815e-01	3.591141218000000190e+00	1.605778425800000164e+01	-3.397738200000000042e-02	3.798223236000000114e+00	2.236386519999999933e-01
1.643308355899999995e+01	3.254029920000000020e-01	3.670525327000000004e+00	1.643308355899999995e+01	2.428539299999999956e-01	4.026117638999999748e+00	2.233619340000000120e-01
1.681715427800000029e+01	3.367332670000000028e-01	3.751606476000000079e+00	1.681715427800000029e+01	5.290760599999999592e-01	3.985275425000000205e+00	2.230821229999999933e-01
1.721020142200000080e+01	3.484194319999999734e-01	3.834420001999999883e+00	1.721020142200000080e+01	5.983720829999999991e-01	3.833735654999999909e+00	2.227992520000000032e-01
1.761243478400000129e+01	3.604724209999999873e-01	3.919001941999999961e+00	1.761243478400000129e+01	5.341579079999999591e-01	3.786049601000000209e+00	2.225133539999999965e-01
1.802406906299999889e+01	3.729035620000000217e-01	4.005389042000000011e+00	1.802406906299999889e+01	4.980314080000000088e-01	3.818803825999999901e+00	2.222244620000000115e-01
1.844532397600000095e+01	3.857245839999999815e-01	4.093618769999999962e+00	1.844532397600000095e+01	4.805279559999999783e-01	3.804582136000000059e+00	2.219326030000000061e-01
1.887642437299999898e+01	3.989476359999999944e-01	4.183729317000000059e+00	1.887642437299999898e+01	3.421632319999999838e-01	3.762187198999999982e+00	2.216378079999999917e-01
1.931760036300000039e+01	4.125853030000000143e-01	4.275759616000000207e+00	1.931760036300000039e+01	7.980279299999999687e-02	3.863582501999999863e+00	2.213401010000000113e-01
1.976908742799999885e+01	4.266506219999999794e-01	4.369749341000000342e+00	1.976908742799999885e+01	-1.370785710000000102e-01	4.196704598000000175e+00	2.210395069999999962e-01
2.023112655899999979e+01	4.411570980000000253e-01	4.465738922999999971e+00	2.023112655899999979e+01	-9.517008300000000254e-02	4.668841501000000171e+00	2.207360479999999903e-01
2.070396437500000175e+01	4.561187219999999765e-01	4.563769553000000201e+00	2.070396437500000175e+01	2.471449149999999928e-01	4.943649987999999773e+00	2.204297430000000113e-01
2.118785326100000077e+01	4.715499899999999744e-01	4.663883194000000287e+00	2.118785326100000077e+01	4.695035430000000232e-01	4.874450162999999669e+00	2.201206099999999943e-01
2.168305150100000134e+01	4.874659190000000253e-01	4.766122585999999828e+00	2.168305150100000134e+01	4.074372330000000098e-01	4.875617901000000032e+00	2.198086639999999869e-01
2.218982341499999933e+01	5.038820710000000425e-01	4.870531252000000144e+00	2.218982341499999933e+01	3.883799310000000116e-01	5.104047592999999772e+00	2.194939170000000106e-01
2.270843949900000069e+01	5.208145640000000354e-01	4.977153508999999865e+00	2.270843949900000069e+01	5.790769780000000200e-01	5.318124841000000380e+00	2.191763780000000050e-01
2.323917657399999825e+01	5.382801019999999825e-01	5.086034470999999613e+00	2.323917657399999825e+01	7.990521229999999475e-01	5.376499532000000414e+00	2.188560529999999948e-01
2.378231793000000138e+01	5.562959859999999646e-01	5.197220055999999921e+00	2.378231793000000138e+01	1.034163920999999986e+00	5.393792520999999951e+00	2.185329480000000046e-01
2.433815347499999859e+01	5.748801449999999535e-01	5.310756989999999789e+00	2.433815347499999859e+01	1.336001642999999905e+00	5.135555172000000113e+00	2.182070630000000067e-01
2.490697989699999937e+01	5.940511490000000006e-01	5.426692816000000086e+00	2.490697989699999937e+01	1.173080431000000035e+00	4.599097184999999754e+00	2.178783950000000025e-01
2.548910081600000055e+01	6.138282369999999988e-01	5.545075892999999922e+00	2.548910081600000055e+01	5.537913639999999527e-01	4.437822404000000276e+00	2.175469399999999942e-01
2.608482694799999990e+01	6.342313360000000344e-01	5.665955405000000056e+00	2.608482694799999990e+01	-1.951240900000000139e-02	4.745906183999999861e+00	2.172126889999999866e-01
2.669447627099999920e+01	6.552810909999999822e-01	5.789381356999999895e+00	2.669447627099999920e+01	-3.402627999999999764e-01	5.274543173999999723e+00	2.168756300000000137e-01
2.731837419500000053e+01	6.769988789999999979e-01	5.915404585000000104e+00	2.731837419500000053e+01	-4.936405629999999767e-01	5.868613030999999758e+00	2.165357480000000001e-01
2.795685373499999926e+01	6.994068439999999720e-01	6.044076752999999691e+00	2.795685373499999926e+01	-4.097202930000000132e-01	6.671733425000000217e+00	2.161930240000000114e-01
2.861025569099999899e+01	7.225279159999999923e-01	6.175450352000000365e+00	2.861025569099999899e+01	3.443294219999999961e-01	7.291005293999999637e+00	2.158474370000000031e-01
2.927892882600000135e+01	7.463858389999999954e-01	6.309578703999999760e+00	2.927892882600000135e+01	9.863732400000000400e-01	7.096952152000000069e+00	2.154989599999999894e-01
2.996323005500000036e+01	7.710051970000000310e-01	6.446515957999999991e+00	2.996323005500000036e+01	1.225486713000000005e+00	7.010319285999999650e+00	2.151475640000000134e-01
3.066352463400000161e+01	7.964114399999999705e-01	6.586317086000000209e+00	3.066352463400000161e+01	1.631023322000000109e+00	6.677774536000000261e+00	2.147932170000000085e-01
3.138018635699999948e+01	8.226309149999999626e-01	6.729037883000000164e+00	3.138018635699999948e+01	1.354451083999999916e+00	6.117145181999999792e+00	2.144358799999999954e-01
3.211359775300000052e+01	8.496908899999999765e-01	6.874734958000000340e+00	3.211359775300000052e+01	8.484358549999999610e-01	6.154332401999999647e+00	2.140755139999999945e-01
3.286415029399999810e+01	8.776195850000000354e-01	7.023465728999999769e+00	3.286415029399999810e+01	5.470197260000000394e-01	6.305059972999999651e+00	2.137120740000000019e-01
3.363224459599999960e+01	9.064461999999999797e-01	7.175288419000000140e+00	3.363224459599999960e+01	5.679250500000000007e-02	6.637143187000000388e+00	2.133455109999999877e-01
3.441829064499999902e+01	9.362009449999999511e-01	7.330262040000000034e+00	3.441829064499999902e+01	-4.934903399999999996e-02	7.466653125999999752e+00	2.129757730000000071e-01
3.522270800300000104e+01	9.669150699999999876e-01	7.488446384999999594e+00	3.522270800300000104e+01	3.510835640000000146e-01	7.853790502999999923e+00	2.126028010000000079e-01
3.604592604199999784e+01	9.986208930000000095e-01	7.649902016999999610e+00	3.604592604199999784e+01	4.993528110000000075e-01	8.183971128999999678e+00	2.122265359999999934e-01
3.688838416699999811e+01	1.031351834999999939e+00	7.814690253000000197e+00	3.688838416699999811e+01	1.002054489999999909e+00	8.245366261999999224e+00	2.118469109999999989e-01
3.775053205300000059e+01	1.065142446000000076e+00	7.982873145000000115e+00	3.775053205300000059e+01	8.229921260000000460e-01	8.080479690000000659e+00	2.114638580000000045e-01
3.863282988699999976e+01	1.100028438999999914e+00	8.154513465000000849e+00	3.863282988699999976e+01	7.727270960000000022e-01	8.391167471999999350e+00	2.110773009999999950e-01
3.953574860700000215e+01	1.136046719999999954e+00	8.329674683000000357e+00	3.953574860700000215e+01	5.381601179999999651e-01	8.576274183000000662e+00	2.106871620000000112e-01
4.045977016300000173e+01	1.173235417999999974e+00	8.508420940000000599e+00	4.045977016300000173e+01	6.339325590000000066e-01	9.501672024999999522e+00	2.102933580000000136e-01
4.140538776399999676e+01	1.211633916999999894e+00	8.690817029999999832e+00	4.140538776399999676e+01	1.342523609999999978e+00	9.702360207999999986e+00	2.098958009999999930e-01
4.237310614900000161e+01	1.251282886999999899e+00	8.876928361999999240e+00	4.237310614900000161e+01	1.931761746999999918e+00	9.871338191999999623e+00	2.094943979999999983e-01
4.336344185299999765e+01	1.292224312999999958e+00	9.066820936999999248e+00	4.336344185299999765e+01	2.267051545999999806e+00	9.159995314999999749e+00	2.090890519999999975e-01
4.437692348400000242e+01	1.334501525999999938e+00	9.260561309999999935e+00	4.437692348400000242e+01	1.985484274000000049e+00	9.050991243000000352e+00	2.086796599999999891e-01
4.541409200399999690e+01	1.378159230999999929e+00	9.458216551999999666e+00	4.541409200399999690e+01	1.597191593000000021e+00	8.915012752999999179e+00	2.082661160000000011e-01
4.647550101699999914e+01	1.423243537999999919e+00	9.659854211000000745e+00	4.647550101699999914e+01	1.372788091999999960e+00	9.541956141000000002e+00	2.078483070000000099e-01
4.756171706800000010e+01	1.469801987000000087e+00	9.865542270000000613e+00	4.756171706800000010e+01	1.472902066999999926e+00	9.793547052999999281e+00	2.074261169999999932e-01
4.867331994199999912e+01	1.517883574000000069e+00	1.007534909600000006e+01	4.867331994199999912e+01	2.004839833000000127e+00	1.008487985200000026e+01	2.069994219999999885e-01
4.981090297499999764e+01	1.567538780000000020e+00	1.028934339000000087e+01	4.981090297499999764e+01	1.919775505999999909e+00	9.667371709999999396e+00	2.065680960000000066e-01
5.097507336900000041e+01	1.618819588999999892e+00	1.050759413599999981e+01	5.097507336900000041e+01	1.735845070999999962e+00	9.444055693999999335e+00	2.061320060000000065e-01
5.216645251900000346e+01	1.671779514000000022e+00	1.073017053499999918e+01	5.216645251900000346e+01	9.507555519999999483e-01	9.728838931000000301e+00	2.056910140000000053e-01
5.338567634199999645e+01	1.726473614000000101e+00	1.095714194900000038e+01	5.338567634199999645e+01	5.744143419999999667e-01	1.018640490099999951e+01	2.052449779999999946e-01
5.463339562000000171e+01	1.782958513999999939e+00	1.118857782599999950e+01	5.463339562000000171e+01	5.497441709999999482e-01	1.122434341299999971e+01	2.047937469999999982e-01
5.591027634099999943e+01	1.841292413999999988e+00	1.142454763900000003e+01	5.591027634099999943e+01	6.908691270000000273e-01	1.166527847200000068e+01	2.043371700000000124e-01
5.721700006100000024e+01	1.901535103999999921e+00	1.166512079499999999e+01	5.721700006100000024e+01	1.132621026000000031e+00	1.180680167300000072e+01	2.038750860000000109e-01
5.855426426399999684e+01	1.963747974999999979e+00	1.191036656800000060e+01	5.855426426399999684e+01	9.774809899999999940e-01	1.224357964600000059e+01	2.034073299999999973e-01
5.992278273800000221e+01	2.027994014999999983e+00	1.216035400300000013e+01	5.992278273800000221e+01	7.407535370000000174e-01	1.274008002999999967e+01	2.029337330000000050e-01
6.132328594999999893e+01	2.094337813000000104e+00	1.241515182800000083e+01	6.132328594999999893e+01	1.253382333000000015e+00	1.318054534900000085e+01	2.024541189999999879e-01
6.275652144000000021e+01	2.162845556999999808e+00	1.267482835799999918e+01	6.275652144000000021e+01	1.702752757000000061e+00	1.353789406900000003e+01	2.019683070000000136e-01
6.422325422199999423e+01	2.233585016000000145e+00	1.293945139200000050e+01	6.422325422199999423e+01	1.405176009000000059e+00	1.365229723999999933e+01	2.014761089999999866e-01
6.572426718799999890e+01	2.306625530999999896e+00	1.320908810799999955e+01	6.572426718799999890e+01	1.042440714999999907e+00	1.410633351899999965e+01	2.009773360000000064e-01
6.726036152499999332e+01	2.382037987999999995e+00	1.348380494699999943e+01	6.726036152499999332e+01	1.584825428999999897e+00	1.494831709900000050e+01	2.004717880000000119e-01
6.883235715099999652e+01	2.459894788999999804e+00	1.376366750000000039e+01	6.883235715099999652e+01	2.384664805999999970e+00	1.548129341599999975e+01	1.999592639999999977e-01
7.044109314199999972e+01	2.540269818000000068e+00	1.404874037999999992e+01	7.044109314199999972e+01	2.676271606999999886e+00	1.565161745099999990e+01	1.994395569999999895e-01
7.208742818599999680e+01	2.623238390000000031e+00	1.433908709600000009e+01	7.208742818599999680e+01	2.354154029000000037e+00	1.598007724500000037e+01	1.989124519999999896e-01
7.377224104200000454e+01	2.708877204000000205e+00	1.463476991900000002e+01	7.377224104200000454e+01	3.006998011999999942e+00	1.654920766900000118e+01	1.983777330000000005e-01
7.549643100400000151e+01	2.797264268999999803e+00	1.493584974100000018e+01	7.549643100400000151e+01	3.650473829000000059e+00	1.616636052999999862e+01	1.978351760000000015e-01
7.726091838700000380e+01	2.888478839999999881e+00	1.524238593299999955e+01	7.726091838700000380e+01	3.967339457000000014e+00	1.601698596099999961e+01	1.972845550000000003e-01
7.906664501299999870e+01	2.982601325000000081e+00	1.555443619100000063e+01	7.906664501299999870e+01	3.982877497000000044e+00	1.599718416199999993e+01	1.967256380000000082e-01
8.091457471900000087e+01	3.079713187999999935e+00	1.587205638999999913e+01	8.091457471900000087e+01	4.082029891000000354e+00	1.618148780699999989e+01	1.961581880000000111e-01
8.280569386599999859e+01	3.179896837999999892e+00	1.619530041599999848e+01	8.280569386599999859e+01	3.972632917999999957e+00	1.634649836299999848e+01	1.955819659999999960e-01
8.474101186900000471e+01	3.283235506000000026e+00	1.652422001200000068e+01	8.474101186900000471e+01	3.893311034999999976e+00	1.667698286699999954e+01	1.949967280000000081e-01
8.672156173400000512e+01	3.389813100000000023e+00	1.685886460400000075e+01	8.672156173400000512e+01	3.814686009999999960e+00	1.702736372500000073e+01	1.944022260000000113e-01
8.874840061199999752e+01	3.499714051999999853e+00	1.719928114000000008e+01	8.874840061199999752e+01	3.704078691999999950e+00	1.738009772999999925e+01	1.937982099999999985e-01
9.082261035999999876e+01	3.613023145000000103e+00	1.754551391200000054e+01	9.082261035999999876e+01	3.613873651000000020e+00	1.785016371800000101e+01	1.931844269999999919e-01
9.294529812099999333e+01	3.729825316999999973e+00	1.789760438400000098e+01	9.294529812099999333e+01	3.531746728999999974e+00	1.840181800299999892e+01	1.925606219999999869e-01
9.511759691199999622e+01	3.850205458000000025e+00	1.825559102000000067e+01	9.511759691199999622e+01	3.504214436999999904e+00	1.906415605000000113e+01	1.919265370000000082e-01
9.734066623399999685e+01	3.974248171000000163e+00	1.861950910599999887e+01	9.734066623399999685e+01	3.600923129999999972e+00	1.986535543800000170e+01	1.912819159999999963e-01
9.961569268399999544e+01	4.102037528000000322e+00	1.898939057799999830e+01	9.961569268399999544e+01	3.953478537000000070e+00	2.078377600299999983e+01	1.906264970000000059e-01
1.019438905939999955e+02	4.233656789000000309e+00	1.936526385000000161e+01	1.019438905939999955e+02	4.732582976999999858e+00	2.161836974699999914e+01	1.899600230000000056e-01
1.043265026760000040e+02	4.369188110999999708e+00	1.974715364400000084e+01	1.043265026760000040e+02	5.828960418000000310e+00	2.192460906899999884e+01	1.892822349999999931e-01
1.067648006889999976e+02	4.508712221999999770e+00	2.013508082799999954e+01	1.067648006889999976e+02	6.584267955999999700e+00	2.159889601200000087e+01	1.885928759999999926e-01
1.092600861119999962e+02	4.652308074999999654e+00	2.052906225299999932e+01	1.092600861119999962e+02	6.717336664000000290e+00	2.136545881900000055e+01	1.878916900000000001e-01
1.118136908430000034e+02	4.800052475000000207e+00	2.092911060699999837e+01	1.118136908430000034e+02	6.891380640999999585e+00	2.140763861199999951e+01	1.871784260000000089e-01
1.144269779100000051e+02	4.952019681000000340e+00	2.133523427400000116e+01	1.144269779100000051e+02	7.025875141000000212e+00	2.111589434800000120e+01	1.864528340000000117e-01
1.171013421950000009e+02	5.108280974000000363e+00	2.174743719900000016e+01	1.171013421950000009e+02	6.426793995999999787e+00	2.097461471600000138e+01	1.857146709999999978e-01
1.198382111850000058e+02	5.268904202999999953e+00	2.216571877200000174e+01	1.198382111850000058e+02	6.093647967999999970e+00	2.180273448000000158e+01	1.849636990000000092e-01
1.226390457250000026e+02	5.433953299999999764e+00	2.259007373400000063e+01	1.226390457250000026e+02	6.206016108000000031e+00	2.203646068400000146e+01	1.841996860000000014e-01
1.255053408060000066e+02	5.603487762000000316e+00	2.302049208000000036e+01	1.255053408060000066e+02	5.378122166999999898e+00	2.286850281399999929e+01	1.834224100000000079e-01
