3.162277660000000212e-01	7.434070000000000088e-03	4.414756400000000025e-02	3.162277660000000212e-01	8.130082000000000281e-03	3.886600500000000208e-02	1.396068550000000019e-01
3.236185779999999901e-01	7.496061000000000044e-03	4.516766600000000215e-02	3.236185779999999901e-01	8.051430000000000045e-03	3.980814099999999828e-02	1.395706820000000015e-01
3.311821260000000211e-01	7.560795999999999836e-03	4.621079599999999843e-02	3.311821260000000211e-01	7.969831000000000137e-03	4.077456799999999715e-02	1.395328799999999980e-01
3.389224479999999873e-01	7.628387999999999836e-03	4.727743699999999855e-02	3.389224479999999873e-01	7.885216999999999921e-03	4.176600099999999705e-02	1.394933790000000007e-01
3.468436750000000179e-01	7.698952000000000226e-03	4.836808199999999974e-02	3.468436750000000179e-01	7.797522000000000307e-03	4.278317599999999915e-02	1.394521079999999913e-01
3.549500360000000243e-01	7.772606999999999954e-03	4.948322699999999769e-02	3.549500360000000243e-01	7.706684999999999577e-03	4.382685800000000326e-02	1.394089920000000093e-01
3.632458559999999781e-01	7.849477000000000537e-03	5.062337900000000307e-02	3.632458559999999781e-01	7.612648999999999978e-03	4.489783700000000294e-02	1.393639550000000116e-01
3.717355649999999900e-01	7.929689000000000182e-03	5.178905300000000156e-02	3.717355649999999900e-01	7.515362000000000257e-03	4.599693199999999732e-02	1.393169160000000129e-01
3.804236939999999789e-01	8.013374000000000191e-03	5.298076799999999753e-02	3.804236939999999789e-01	7.414780999999999629e-03	4.712499099999999802e-02	1.392677930000000008e-01
3.893148799999999743e-01	8.100664000000000475e-03	5.419905500000000292e-02	3.893148799999999743e-01	7.310866000000000066e-03	4.828289100000000139e-02	1.392165009999999925e-01
3.984138689999999761e-01	8.191699000000000203e-03	5.544444999999999929e-02	3.984138689999999761e-01	7.203588999999999826e-03	4.947154100000000082e-02	1.391629520000000064e-01
4.077255180000000090e-01	8.286619999999999750e-03	5.671749599999999919e-02	4.077255180000000090e-01	7.092931000000000236e-03	5.069188200000000061e-02	1.391070550000000072e-01
4.172547970000000106e-01	8.385570999999999650e-03	5.801874299999999762e-02	4.172547970000000106e-01	6.978881000000000147e-03	5.194488500000000314e-02	1.390487149999999894e-01
4.270067920000000239e-01	8.488700000000000065e-03	5.934875099999999820e-02	4.270067920000000239e-01	6.861446000000000212e-03	5.323155999999999721e-02	1.389878380000000024e-01
4.369867080000000015e-01	8.596159000000000786e-03	6.070808300000000296e-02	4.369867080000000015e-01	6.740641999999999814e-03	5.455294900000000335e-02	1.389243229999999885e-01
4.471998739999999972e-01	8.708102000000000550e-03	6.209731100000000226e-02	4.471998739999999972e-01	6.616503999999999615e-03	5.591013000000000233e-02	1.388580690000000006e-01
4.576517390000000018e-01	8.824685999999999989e-03	6.351701299999999717e-02	4.576517390000000018e-01	6.489083999999999998e-03	5.730421799999999705e-02	1.387889700000000115e-01
4.683478830000000204e-01	8.946070000000000411e-03	6.496777600000000485e-02	4.683478830000000204e-01	6.358454000000000363e-03	5.873636799999999714e-02	1.387169189999999941e-01
4.792940159999999894e-01	9.072415999999999814e-03	6.645018799999999337e-02	4.792940159999999894e-01	6.224707000000000330e-03	6.020777100000000021e-02	1.386418070000000058e-01
4.904959790000000264e-01	9.203886999999999138e-03	6.796484999999999332e-02	4.904959790000000264e-01	6.087961000000000240e-03	6.171966000000000258e-02	1.385635199999999956e-01
5.019597519999999813e-01	9.340648999999999480e-03	6.951236199999999421e-02	5.019597519999999813e-01	5.948362999999999914e-03	6.327330500000000191e-02	1.384819439999999957e-01
5.136914550000000190e-01	9.482867000000000726e-03	7.109333700000000644e-02	5.136914550000000190e-01	5.806088000000000048e-03	6.487001900000000099e-02	1.383969620000000122e-01
5.256973480000000087e-01	9.630708999999999451e-03	7.270838699999999932e-02	5.256973480000000087e-01	5.661343000000000104e-03	6.651115700000000130e-02	1.383084529999999979e-01
5.379838399999999909e-01	9.784338999999999537e-03	7.435813500000000575e-02	5.379838399999999909e-01	5.514373999999999838e-03	6.819811400000000412e-02	1.382162979999999874e-01
5.505574899999999827e-01	9.943924999999999292e-03	7.604320600000000208e-02	5.505574899999999827e-01	5.365464000000000344e-03	6.993232700000000246e-02	1.381203739999999902e-01
5.634250090000000322e-01	1.010963100000000087e-02	7.776423300000000205e-02	5.634250090000000322e-01	5.214940999999999847e-03	7.171527499999999500e-02	1.380205549999999892e-01
5.765932649999999660e-01	1.028161799999999931e-02	7.952185100000000451e-02	5.765932649999999660e-01	5.063177999999999776e-03	7.354847899999999994e-02	1.379167179999999937e-01
5.900692870000000534e-01	1.046004700000000009e-02	8.131670300000000406e-02	5.900692870000000534e-01	4.910603000000000364e-03	7.543349800000000160e-02	1.378087369999999867e-01
6.038602669999999506e-01	1.064507100000000074e-02	8.314943599999999324e-02	6.038602669999999506e-01	4.757696999999999968e-03	7.737193400000000332e-02	1.376964850000000073e-01
6.179735680000000286e-01	1.083684099999999983e-02	8.502070200000000355e-02	6.179735680000000286e-01	4.604999999999999719e-03	7.936542700000000228e-02	1.375798360000000109e-01
6.324167219999999867e-01	1.103550099999999964e-02	8.693115899999999396e-02	6.324167219999999867e-01	4.453122000000000330e-03	8.141565400000000396e-02	1.374586660000000071e-01
6.471974379999999583e-01	1.124118699999999971e-02	8.888146900000000461e-02	6.471974379999999583e-01	4.302738000000000396e-03	8.352432599999999596e-02	1.373328500000000063e-01
6.623236059999999537e-01	1.145402600000000083e-02	9.087230000000000307e-02	6.623236059999999537e-01	4.154602999999999768e-03	8.569318800000000347e-02	1.372022669999999889e-01
6.778032999999999975e-01	1.167413699999999936e-02	9.290432699999999488e-02	6.778032999999999975e-01	4.009551000000000087e-03	8.792401299999999531e-02	1.370667969999999902e-01
6.936447820000000153e-01	1.190162300000000006e-02	9.497822999999999682e-02	6.936447820000000153e-01	3.868501999999999792e-03	9.021860299999999444e-02	1.369263229999999887e-01
7.098565079999999972e-01	1.213657800000000030e-02	9.709469499999999476e-02	7.098565079999999972e-01	3.732470999999999792e-03	9.257877700000000099e-02	1.367807349999999866e-01
7.264471319999999954e-01	1.237907700000000048e-02	9.925441699999999756e-02	7.264471319999999954e-01	3.602571000000000159e-03	9.500637500000000402e-02	1.366299250000000132e-01
7.434255079999999571e-01	1.262918099999999974e-02	1.014580979999999966e-01	7.434255079999999571e-01	3.480018000000000087e-03	9.750324500000000227e-02	1.364737920000000104e-01
7.608006990000000247e-01	1.288692800000000062e-02	1.037064500000000056e-01	7.608006990000000247e-01	3.366141999999999919e-03	1.000712400000000057e-01	1.363122439999999991e-01
7.785819800000000068e-01	1.315233799999999953e-02	1.060001950000000054e-01	7.785819800000000068e-01	3.262388000000000180e-03	1.027122069999999998e-01	1.361451949999999966e-01
7.967788409999999599e-01	1.342540499999999963e-02	1.083400669999999982e-01	7.967788409999999599e-01	3.170323000000000065e-03	1.054279840000000024e-01	1.359725699999999871e-01
8.154009960000000445e-01	1.370609899999999937e-02	1.107268119999999939e-01	8.154009960000000445e-01	3.091645000000000070e-03	1.082203840000000028e-01	1.357943050000000040e-01
8.344583840000000530e-01	1.399436100000000030e-02	1.131611919999999938e-01	8.344583840000000530e-01	3.028185999999999985e-03	1.110911859999999945e-01	1.356103489999999911e-01
8.539611769999999602e-01	1.429010000000000002e-02	1.156439890000000026e-01	8.539611769999999602e-01	2.981914000000000006e-03	1.140421249999999942e-01	1.354206629999999967e-01
8.739197859999999762e-01	1.459319499999999978e-02	1.181760010000000027e-01	8.739197859999999762e-01	2.954944000000000147e-03	1.170748749999999949e-01	1.352252270000000034e-01
8.943448630000000454e-01	1.490348499999999930e-02	1.207580530000000041e-01	8.943448630000000454e-01	2.949535999999999998e-03	1.201910340000000021e-01	1.350240359999999862e-01
9.152473110000000078e-01	1.522077399999999942e-02	1.233909930000000044e-01	9.152473110000000078e-01	2.968100999999999899e-03	1.233921089999999998e-01	1.348171049999999926e-01
9.366382869999999583e-01	1.554482400000000049e-02	1.260757020000000117e-01	9.366382869999999583e-01	3.013201999999999981e-03	1.266794970000000020e-01	1.346044720000000028e-01
9.585292079999999659e-01	1.587535500000000072e-02	1.288130939999999891e-01	9.585292079999999659e-01	3.087552999999999825e-03	1.300544630000000090e-01	1.343861960000000133e-01
9.809317600000000414e-01	1.621204299999999890e-02	1.316041219999999901e-01	9.809317600000000414e-01	3.194016999999999950e-03	1.335181189999999907e-01	1.341623620000000072e-01
1.003857898999999998e+00	1.655451299999999987e-02	1.344497839999999889e-01	1.003857898999999998e+00	3.335606999999999982e-03	1.370714010000000094e-01	1.339330840000000078e-01
1.027319864000000083e+00	1.690234599999999865e-02	1.373511279999999890e-01	1.027319864000000083e+00	3.515475000000000110e-03	1.407150440000000113e-01	1.336985029999999963e-01
1.051330177000000088e+00	1.725507000000000082e-02	1.403092579999999923e-01	1.051330177000000088e+00	3.736904000000000094e-03	1.444495510000000094e-01	1.334587949999999912e-01
1.075901653999999930e+00	1.761216399999999960e-02	1.433253409999999950e-01	1.075901653999999930e+00	4.003299000000000094e-03	1.482751710000000112e-01	1.332141659999999950e-01
1.101047410999999920e+00	1.797305600000000114e-02	1.464006160000000112e-01	1.101047410999999920e+00	4.318169999999999648e-03	1.521918590000000127e-01	1.329648609999999898e-01
1.126780869000000074e+00	1.833712100000000136e-02	1.495363979999999871e-01	1.126780869000000074e+00	4.685108999999999801e-03	1.561992550000000091e-01	1.327111609999999942e-01
1.153115764999999904e+00	1.870368700000000009e-02	1.527340909999999885e-01	1.153115764999999904e+00	5.107773000000000348e-03	1.602966409999999897e-01	1.324533890000000047e-01
1.180066153999999923e+00	1.907203299999999865e-02	1.559951940000000037e-01	1.180066153999999923e+00	5.589842999999999722e-03	1.644829160000000068e-01	1.321919059999999979e-01
1.207646422999999913e+00	1.944139400000000073e-02	1.593213109999999932e-01	1.207646422999999913e+00	6.134996000000000199e-03	1.687565550000000025e-01	1.319271170000000104e-01
1.235871291999999899e+00	1.981096200000000140e-02	1.627141629999999950e-01	1.235871291999999899e+00	6.746857999999999675e-03	1.731155819999999901e-01	1.316594729999999991e-01
1.264755827000000110e+00	2.017989599999999925e-02	1.661755910000000114e-01	1.264755827000000110e+00	7.428953999999999766e-03	1.775575349999999886e-01	1.313894650000000108e-01
1.294315445000000064e+00	2.054732700000000065e-02	1.697075759999999989e-01	1.294315445000000064e+00	8.184646000000000282e-03	1.820794360000000112e-01	1.311176320000000117e-01
1.324565924999999922e+00	2.091236100000000084e-02	1.733122390000000068e-01	1.324565924999999922e+00	9.017067999999999611e-03	1.866777639999999960e-01	1.308445550000000013e-01
1.355523414000000093e+00	2.127409900000000118e-02	1.769918590000000014e-01	1.355523414000000093e+00	9.929043000000000244e-03	1.913484400000000085e-01	1.305708610000000103e-01
1.387204434000000042e+00	2.163163900000000112e-02	1.807488750000000033e-01	1.387204434000000042e+00	1.092299799999999974e-02	1.960868050000000029e-01	1.302972149999999940e-01
1.419625896000000109e+00	2.198409600000000158e-02	1.845858999999999972e-01	1.419625896000000109e+00	1.200086099999999982e-02	2.008876189999999895e-01	1.300243259999999956e-01
1.452805107000000095e+00	2.233061299999999916e-02	1.885057250000000129e-01	1.452805107000000095e+00	1.316395199999999960e-02	2.057450710000000016e-01	1.297529339999999864e-01
1.486759774999999895e+00	2.267038099999999987e-02	1.925113260000000104e-01	1.486759774999999895e+00	1.441286100000000077e-02	2.106527920000000054e-01	1.294838140000000026e-01
1.521508026000000013e+00	2.300265699999999927e-02	1.966058689999999887e-01	1.521508026000000013e+00	1.574731799999999973e-02	2.156039009999999867e-01	1.292177670000000111e-01
1.557068405000000100e+00	2.332678599999999866e-02	2.007927079999999864e-01	1.557068405000000100e+00	1.716604700000000025e-02	2.205910620000000044e-01	1.289556119999999972e-01
1.593459893999999988e+00	2.364221899999999904e-02	2.050753909999999958e-01	1.593459893999999988e+00	1.866662599999999866e-02	2.256065740000000042e-01	1.286981819999999943e-01
1.630701917999999973e+00	2.394854500000000164e-02	2.094576479999999963e-01	1.630701917999999973e+00	2.024533400000000025e-02	2.306424800000000108e-01	1.284463130000000064e-01
1.668814355000000083e+00	2.424550799999999895e-02	2.139433920000000100e-01	1.668814355000000083e+00	2.189699800000000085e-02	2.356907259999999893e-01	1.282008340000000135e-01
1.707817547999999963e+00	2.453303600000000112e-02	2.185366990000000009e-01	1.707817547999999963e+00	2.361485199999999868e-02	2.407433429999999985e-01	1.279625560000000051e-01
1.747732314999999925e+00	2.481126800000000091e-02	2.232417989999999908e-01	1.747732314999999925e+00	2.539040399999999836e-02	2.457926810000000128e-01	1.277322610000000136e-01
1.788579963000000106e+00	2.508057400000000131e-02	2.280630529999999878e-01	1.788579963000000106e+00	2.721333199999999980e-02	2.508316879999999971e-01	1.275106830000000135e-01
1.830382294000000076e+00	2.534158499999999981e-02	2.330049240000000021e-01	1.830382294000000076e+00	2.907140399999999861e-02	2.558542289999999886e-01	1.272985020000000078e-01
1.873161620000000083e+00	2.559520699999999829e-02	2.380719490000000049e-01	1.873161620000000083e+00	3.095045199999999982e-02	2.608554630000000096e-01	1.270963200000000126e-01
1.916940776999999985e+00	2.584264299999999848e-02	2.432687030000000028e-01	1.916940776999999985e+00	3.283440399999999759e-02	2.658322579999999880e-01	1.269046520000000067e-01
1.961743129999999891e+00	2.608540499999999901e-02	2.485997530000000066e-01	1.961743129999999891e+00	3.470538900000000315e-02	2.707836430000000183e-01	1.267239059999999973e-01
2.007592595999999840e+00	2.632531999999999928e-02	2.540696139999999992e-01	2.007592595999999840e+00	3.654394500000000129e-02	2.757112979999999935e-01	1.265543689999999999e-01
2.054513646000000193e+00	2.656452899999999992e-02	2.596826959999999906e-01	2.054513646000000193e+00	3.832932700000000331e-02	2.806200460000000119e-01	1.263961889999999921e-01
2.102531325000000173e+00	2.680547999999999959e-02	2.654432480000000205e-01	2.102531325000000173e+00	4.003994500000000040e-02	2.855183410000000088e-01	1.262493670000000012e-01
2.151671263999999972e+00	2.705090599999999956e-02	2.713553009999999932e-01	2.151671263999999972e+00	4.165394399999999830e-02	2.904187280000000149e-01	1.261137360000000041e-01
2.201959690999999886e+00	2.730379499999999876e-02	2.774226109999999856e-01	2.201959690999999886e+00	4.314992699999999765e-02	2.953382239999999825e-01	1.259889600000000109e-01
2.253423450000000106e+00	2.756734799999999846e-02	2.836485950000000034e-01	2.253423450000000106e+00	4.450782799999999928e-02	3.002986009999999983e-01	1.258745199999999897e-01
2.306090009000000052e+00	2.784491899999999923e-02	2.900362870000000037e-01	2.306090009000000052e+00	4.570992100000000058e-02	3.053265130000000216e-01	1.257697160000000036e-01
2.359987480000000026e+00	2.813994400000000007e-02	2.965882790000000102e-01	2.359987480000000026e+00	4.674196299999999749e-02	3.104534369999999988e-01	1.256736659999999894e-01
2.415144632000000069e+00	2.845585700000000107e-02	3.033066919999999889e-01	2.415144632000000069e+00	4.759441200000000260e-02	3.157153630000000266e-01	1.255853120000000045e-01
2.471590905999999865e+00	2.879598800000000153e-02	3.101931479999999741e-01	2.471590905999999865e+00	4.826371000000000133e-02	3.211522130000000197e-01	1.255034349999999965e-01
2.529356431000000072e+00	2.916345500000000132e-02	3.172487600000000185e-01	2.529356431000000072e+00	4.875354500000000230e-02	3.268069310000000227e-01	1.254266719999999891e-01
2.588472040000000085e+00	2.956103599999999887e-02	3.244741489999999895e-01	2.588472040000000085e+00	4.907604899999999659e-02	3.327242400000000044e-01	1.253535460000000101e-01
2.648969287999999978e+00	2.999104600000000037e-02	3.318694830000000207e-01	2.648969287999999978e+00	4.925282899999999797e-02	3.389490410000000065e-01	1.252824959999999932e-01
2.710880464000000156e+00	3.045520100000000119e-02	3.394345440000000047e-01	2.710880464000000156e+00	4.931577300000000025e-02	3.455244519999999819e-01	1.252119190000000049e-01
2.774238616999999962e+00	3.095449899999999990e-02	3.471688279999999849e-01	2.774238616999999962e+00	4.930752399999999841e-02	3.524895189999999734e-01	1.251402189999999970e-01
2.839077563000000026e+00	3.148909500000000167e-02	3.550716839999999985e-01	2.839077563000000026e+00	4.928153899999999921e-02	3.598766159999999825e-01	1.250658629999999993e-01
2.905431912000000061e+00	3.205821600000000049e-02	3.631424810000000170e-01	2.905431912000000061e+00	4.930163600000000285e-02	3.677085889999999746e-01	1.249874349999999940e-01
2.973337082000000020e+00	3.266009300000000115e-02	3.713808140000000035e-01	2.973337082000000020e+00	4.944094100000000214e-02	3.759956950000000186e-01	1.249037040000000043e-01
3.042829316999999811e+00	3.329193800000000009e-02	3.797867360000000136e-01	3.042829316999999811e+00	4.978012500000000146e-02	3.847324249999999890e-01	1.248136839999999942e-01
3.113945710999999950e+00	3.394997699999999924e-02	3.883610169999999751e-01	3.113945710999999950e+00	5.040481200000000023e-02	3.938942810000000128e-01	1.247166950000000024e-01
3.186724223000000134e+00	3.462954399999999822e-02	3.971054090000000203e-01	3.186724223000000134e+00	5.140202199999999860e-02	4.034346600000000005e-01	1.246124170000000031e-01
3.261203699999999817e+00	3.532524100000000028e-02	4.060229109999999864e-01	3.261203699999999817e+00	5.285549400000000286e-02	4.132820190000000005e-01	1.245009349999999931e-01
3.337423895999999779e+00	3.603118699999999924e-02	4.151180079999999828e-01	3.337423895999999779e+00	5.483969999999999817e-02	4.233375839999999890e-01	1.243827640000000068e-01
3.415425496000000116e+00	3.674133400000000049e-02	4.243968710000000089e-01	3.415425496000000116e+00	5.741237500000000160e-02	4.334740200000000154e-01	1.242588579999999998e-01
3.495250132999999870e+00	3.744985900000000201e-02	4.338674779999999731e-01	3.495250132999999870e+00	6.060546299999999831e-02	4.435356289999999868e-01	1.241305949999999964e-01
3.576940415000000151e+00	3.815161699999999878e-02	4.435396420000000117e-01	3.576940415000000151e+00	6.441448600000000690e-02	4.533408879999999974e-01	1.239997290000000030e-01
3.660539946000000100e+00	3.884262499999999868e-02	4.534249260000000059e-01	3.660539946000000100e+00	6.878668599999999966e-02	4.626883370000000051e-01	1.238683180000000050e-01
3.746093349000000128e+00	3.952055499999999888e-02	4.635364000000000151e-01	3.746093349000000128e+00	7.360873900000000636e-02	4.713670309999999919e-01	1.237386139999999968e-01
3.833646288000000180e+00	4.018518599999999774e-02	4.738882609999999773e-01	3.833646288000000180e+00	7.869559299999999424e-02	4.791727040000000049e-01	1.236129329999999943e-01
3.923245496999999915e+00	4.083877200000000235e-02	4.844952920000000218e-01	3.923245496999999915e+00	8.378284699999999363e-02	4.859304289999999971e-01	1.234934929999999959e-01
4.014938800999999557e+00	4.148626799999999976e-02	4.953721790000000236e-01	4.014938800999999557e+00	8.852600900000000272e-02	4.915235490000000040e-01	1.233822489999999994e-01
4.108775141999999825e+00	4.213536500000000101e-02	5.065327320000000411e-01	4.108775141999999825e+00	9.251051000000000413e-02	4.959269709999999942e-01	1.232807139999999996e-01
4.204804606999999805e+00	4.279628900000000125e-02	5.179890449999999813e-01	4.204804606999999805e+00	9.527594000000000340e-02	4.992405990000000071e-01	1.231898020000000010e-01
4.303078454000000441e+00	4.348131799999999797e-02	5.297506810000000010e-01	4.303078454000000441e+00	9.635619500000000559e-02	5.017162699999999642e-01	1.231096960000000046e-01
4.403649137000000380e+00	4.420402600000000043e-02	5.418239660000000457e-01	4.403649137000000380e+00	9.533364299999999569e-02	5.037701060000000508e-01	1.230397679999999938e-01
4.506570338000000397e+00	4.497824500000000003e-02	5.542114970000000529e-01	4.506570338000000397e+00	9.190088999999999897e-02	5.059728529999999447e-01	1.229785530000000043e-01
4.611896992000000139e+00	4.581682499999999852e-02	5.669119700000000428e-01	4.611896992000000139e+00	8.591948500000000377e-02	5.090144699999999967e-01	1.229238140000000062e-01
4.719685319999999962e+00	4.673026500000000000e-02	5.799204199999999920e-01	4.719685319999999962e+00	7.746337200000000256e-02	5.136453250000000414e-01	1.228726879999999938e-01
4.829992855000000418e+00	4.772536499999999876e-02	5.932289509999999488e-01	4.829992855000000418e+00	6.683732800000000140e-02	5.206029439999999564e-01	1.228219110000000058e-01
4.942878474999999661e+00	4.880408099999999916e-02	6.068279760000000467e-01	4.942878474999999661e+00	5.456687899999999869e-02	5.305373110000000114e-01	1.227681359999999999e-01
5.058402435999999724e+00	4.996276899999999715e-02	6.207079359999999602e-01	5.058402435999999724e+00	4.136387799999999976e-02	5.439472060000000164e-01	1.227082939999999955e-01
5.176626398999999878e+00	5.119204799999999694e-02	6.348613669999999543e-01	5.176626398999999878e+00	2.807767300000000091e-02	5.611348849999999722e-01	1.226399819999999946e-01
5.297613468999999853e+00	5.247744700000000345e-02	6.492851130000000248e-01	5.297613468999999853e+00	1.564319399999999916e-02	5.821788909999999762e-01	1.225618130000000056e-01
5.421428223999999574e+00	5.380093799999999954e-02	6.639823559999999958e-01	5.421428223999999574e+00	5.033753000000000186e-03	6.069178269999999653e-01	1.224736970000000064e-01
5.548136752999999644e+00	5.514334900000000123e-02	6.789641039999999572e-01	5.548136752999999644e+00	-2.780861999999999831e-03	6.349342119999999978e-01	1.223769589999999935e-01
5.677806688000000435e+00	5.648744299999999829e-02	6.942497260000000114e-01	5.677806688000000435e+00	-6.879576000000000094e-03	6.655282820000000266e-01	1.222742799999999991e-01
5.810507241999999906e+00	5.782131199999999971e-02	7.098662040000000006e-01	5.810507241999999906e+00	-6.456645999999999913e-03	6.976780630000000150e-01	1.221694029999999959e-01
5.946309247000000298e+00	5.914150600000000341e-02	7.258459139999999810e-01	5.946309247000000298e+00	-9.354370000000000089e-04	7.299960210000000504e-01	1.220666269999999970e-01
6.085285189999999567e+00	6.045523800000000142e-02	7.422229989999999944e-01	6.085285189999999567e+00	9.844633000000000203e-03	7.607169689999999651e-01	1.219701259999999982e-01
6.227509249999999774e+00	6.178099699999999722e-02	7.590287150000000205e-01	6.227509249999999774e+00	2.536194300000000137e-02	7.877856650000000238e-01	1.218831930000000008e-01
6.373057342000000070e+00	6.314703000000000677e-02	7.762864689999999790e-01	6.373057342000000070e+00	4.411970199999999676e-02	8.091396119999999526e-01	1.218075450000000032e-01
6.522007154999999834e+00	6.458752800000000516e-02	7.940075469999999802e-01	6.522007154999999834e+00	6.348090900000000203e-02	8.232572630000000169e-01	1.217428210000000011e-01
6.674438193000000297e+00	6.613677499999999487e-02	8.121886400000000172e-01	6.674438193000000297e+00	7.987756499999999760e-02	8.299012949999999833e-01	1.216864430000000052e-01
6.830431818000000099e+00	6.782211800000000068e-02	8.308122279999999860e-01	6.830431818000000099e+00	8.957851999999999482e-02	8.307397250000000399e-01	1.216339250000000038e-01
6.990071294999999907e+00	6.965717300000000278e-02	8.498504260000000476e-01	6.990071294999999907e+00	8.987201100000000165e-02	8.293753170000000008e-01	1.215796509999999969e-01
7.153441833999999666e+00	7.163704199999999800e-02	8.692722480000000251e-01	7.153441833999999666e+00	8.010566199999999415e-02	8.305474160000000383e-01	1.215180420000000067e-01
7.320630635999999747e+00	7.373738300000000356e-02	8.890532519999999606e-01	7.320630635999999747e+00	6.199136599999999914e-02	8.388367899999999988e-01	1.214448999999999945e-01
7.491726940999999584e+00	7.591863100000000031e-02	9.091854860000000427e-01	7.491726940999999584e+00	3.908613600000000049e-02	8.575567109999999715e-01	1.213585989999999976e-01
7.666822074999999792e+00	7.813554000000000332e-02	9.296848500000000071e-01	7.666822074999999792e+00	1.591206599999999902e-02	8.882662279999999910e-01	1.212607829999999970e-01
7.846009495999999750e+00	8.035050100000000473e-02	9.505928829999999996e-01	7.846009495999999750e+00	-2.748911000000000149e-03	9.307984900000000339e-01	1.211562240000000068e-01
8.029384849999999574e+00	8.254729600000000611e-02	9.719708679999999879e-01	8.029384849999999574e+00	-1.219853199999999978e-02	9.833789939999999508e-01	1.210517230000000000e-01
8.217046015999999398e+00	8.474070999999999687e-02	9.938862400000000319e-01	8.217046015999999398e+00	-8.026543000000000566e-03	1.042453354000000054e+00	1.209542019999999968e-01
8.409093160999999483e+00	8.697751700000000419e-02	1.016394116999999930e+00	8.409093160999999483e+00	1.330286200000000037e-02	1.102135679000000090e+00	1.208684569999999986e-01
8.605628792999999277e+00	8.932624899999999646e-02	1.039519475000000082e+00	8.605628792999999277e+00	5.283226800000000167e-02	1.153756188000000016e+00	1.207952959999999965e-01
8.806757815999999295e+00	9.185676399999999353e-02	1.063246928999999952e+00	8.806757815999999295e+00	1.062958700000000006e-01	1.186915246999999951e+00	1.207308009999999987e-01
9.012587587000000511e+00	9.461503000000000274e-02	1.087524157000000047e+00	9.012587587000000511e+00	1.619217819999999863e-01	1.193842040000000049e+00	1.206672500000000037e-01
9.223227968999999860e+00	9.760230200000000189e-02	1.112281209000000048e+00	9.223227968999999860e+00	2.031048390000000092e-01	1.176047268000000035e+00	1.205956539999999966e-01
9.438791395999999168e+00	1.007689689999999999e-01	1.137461661999999984e+00	9.438791395999999168e+00	2.174217659999999885e-01	1.146700618999999977e+00	1.205092489999999988e-01
9.659392927000000739e+00	1.040299999999999975e-01	1.163054639000000057e+00	9.659392927000000739e+00	2.045450590000000013e-01	1.123700289000000074e+00	1.204065980000000036e-01
9.885150314000000549e+00	1.073006229999999978e-01	1.189112469999999977e+00	9.885150314000000549e+00	1.749762920000000055e-01	1.119561210000000084e+00	1.202928060000000021e-01
1.011618405599999981e+01	1.105397800000000041e-01	1.215740999000000100e+00	1.011618405599999981e+01	1.427106170000000118e-01	1.137139487000000004e+00	1.201778250000000020e-01
1.035261747300000046e+01	1.137804500000000052e-01	1.243060201000000031e+00	1.035261747300000046e+01	1.192622849999999957e-01	1.171197089999999941e+00	1.200720690000000035e-01
1.059457676399999926e+01	1.171266339999999934e-01	1.271148858000000104e+00	1.059457676399999926e+01	1.106138680000000041e-01	1.211328532000000013e+00	1.199810889999999991e-01
1.084219107899999912e+01	1.207099199999999983e-01	1.300000642000000095e+00	1.084219107899999912e+01	1.148819170000000001e-01	1.245163558000000004e+00	1.199020229999999965e-01
1.109559258500000034e+01	1.246206480000000005e-01	1.329520693000000087e+00	1.109559258500000034e+01	1.210005059999999938e-01	1.264077287000000105e+00	1.198242169999999968e-01
1.135491654099999970e+01	1.288493649999999935e-01	1.359575758000000079e+00	1.135491654099999970e+01	1.131035370000000040e-01	1.270713286999999969e+00	1.197345439999999983e-01
1.162030136399999947e+01	1.332794370000000006e-01	1.390080264000000065e+00	1.162030136399999947e+01	8.169477599999999673e-02	1.280226630000000032e+00	1.196251470000000011e-01
1.189188870699999967e+01	1.377503730000000093e-01	1.421069708000000098e+00	1.189188870699999967e+01	3.128598600000000174e-02	1.310766311000000073e+00	1.194990759999999957e-01
1.216982353600000089e+01	1.421663979999999994e-01	1.452705032999999979e+00	1.216982353600000089e+01	-2.301077099999999931e-02	1.373124162999999953e+00	1.193694410000000067e-01
1.245425420099999947e+01	1.465812910000000024e-01	1.485185546000000079e+00	1.245425420099999947e+01	-6.264345100000000277e-02	1.467922103000000034e+00	1.192512629999999962e-01
1.274533252200000000e+01	1.511868040000000080e-01	1.518613642000000041e+00	1.274533252200000000e+01	-6.960371299999999761e-02	1.585782991000000086e+00	1.191505709999999968e-01
1.304321386700000041e+01	1.561884099999999997e-01	1.552908047000000069e+00	1.304321386700000041e+01	-3.136412400000000017e-02	1.705218767000000080e+00	1.190586970000000050e-01
1.334805723500000063e+01	1.616427169999999913e-01	1.587851520999999932e+00	1.334805723500000063e+01	4.625044200000000272e-02	1.795138479000000009e+00	1.189574999999999938e-01
1.366002534100000076e+01	1.673890080000000058e-01	1.623267958000000011e+00	1.366002534100000076e+01	1.300953400000000038e-01	1.837448937000000004e+00	1.188334510000000066e-01
1.397928470299999937e+01	1.731644300000000081e-01	1.659201629000000011e+00	1.397928470299999937e+01	1.858617740000000074e-01	1.852349256999999971e+00	1.186900230000000056e-01
1.430600573000000075e+01	1.788427900000000015e-01	1.695925485999999927e+00	1.430600573000000075e+01	2.172350580000000086e-01	1.877366665999999906e+00	1.185464009999999957e-01
1.464036281499999959e+01	1.845892510000000097e-01	1.733723144000000049e+00	1.464036281499999959e+01	2.591709620000000047e-01	1.922361114000000093e+00	1.184207770000000048e-01
1.498253442699999916e+01	1.907458880000000023e-01	1.772613173000000097e+00	1.498253442699999916e+01	3.366774350000000249e-01	1.954318173999999964e+00	1.183119710000000019e-01
1.533270320399999953e+01	1.975018050000000025e-01	1.812300889999999942e+00	1.533270320399999953e+01	4.224548450000000233e-01	1.925944397999999946e+00	1.181983939999999983e-01
1.569105605600000075e+01	2.046643999999999963e-01	1.852473113000000060e+00	1.569105605600000075e+01	4.467574229999999869e-01	1.846347001000000043e+00	1.180591740000000028e-01
1.605778425800000164e+01	2.118308819999999981e-01	1.893179586000000025e+00	1.605778425800000164e+01	3.886684879999999787e-01	1.790485810000000066e+00	1.178979339999999959e-01
1.643308355899999995e+01	2.188564699999999974e-01	1.934850597999999922e+00	1.643308355899999995e+01	3.013063029999999975e-01	1.807803666999999948e+00	1.177411770000000024e-01
1.681715427800000029e+01	2.260918680000000014e-01	1.977830336000000022e+00	1.681715427800000029e+01	2.458275739999999931e-01	1.884737738000000107e+00	1.176079079999999971e-01
1.721020142200000080e+01	2.340104520000000077e-01	2.021927279999999882e+00	1.721020142200000080e+01	2.468711789999999962e-01	1.968533263000000089e+00	1.174842309999999945e-01
1.761243478400000129e+01	2.425874919999999879e-01	2.066613134999999879e+00	1.761243478400000129e+01	2.697737459999999809e-01	2.009674936000000134e+00	1.173382989999999931e-01
1.802406906299999889e+01	2.512683159999999916e-01	2.111751061000000096e+00	1.802406906299999889e+01	2.531341480000000033e-01	2.026066621000000012e+00	1.171628370000000058e-01
1.844532397600000095e+01	2.597294689999999906e-01	2.157887765999999985e+00	1.844532397600000095e+01	1.992763939999999956e-01	2.083280843999999909e+00	1.169883359999999983e-01
1.887642437299999898e+01	2.684352779999999994e-01	2.205533803999999876e+00	1.887642437299999898e+01	1.726724960000000086e-01	2.200360713999999884e+00	1.168406560000000011e-01
1.931760036300000039e+01	2.780250160000000137e-01	2.254356914000000156e+00	1.931760036300000039e+01	2.207347299999999901e-01	2.320159959999999799e+00	1.166996349999999960e-01
1.976908742799999885e+01	2.882808590000000004e-01	2.303637971000000118e+00	1.976908742799999885e+01	2.982187060000000001e-01	2.368028065999999932e+00	1.165272789999999975e-01
2.023112655899999979e+01	2.983956090000000061e-01	2.353500452000000021e+00	2.023112655899999979e+01	3.152371139999999849e-01	2.378250071000000077e+00	1.163306669999999987e-01
2.070396437500000175e+01	3.083735280000000079e-01	2.404844250000000017e+00	2.070396437500000175e+01	2.970812179999999803e-01	2.442451925999999940e+00	1.161538049999999989e-01
2.118785326100000077e+01	3.191648409999999769e-01	2.457792459000000207e+00	2.118785326100000077e+01	3.357811270000000126e-01	2.545260019000000096e+00	1.160000699999999968e-01
2.168305150100000134e+01	3.309653639999999841e-01	2.511368544000000202e+00	2.168305150100000134e+01	4.244491490000000256e-01	2.585885874000000140e+00	1.158217299999999977e-01
2.218982341499999933e+01	3.427319349999999876e-01	2.565356951000000052e+00	2.218982341499999933e+01	4.520699449999999731e-01	2.571115550000000027e+00	1.156096149999999989e-01
2.270843949900000069e+01	3.542319079999999842e-01	2.620903320000000036e+00	2.270843949900000069e+01	4.338957359999999763e-01	2.612204273000000132e+00	1.154153859999999948e-01
2.323917657399999825e+01	3.666921690000000122e-01	2.678238648999999860e+00	2.323917657399999825e+01	4.801803099999999991e-01	2.682492440999999950e+00	1.152467100000000022e-01
2.378231793000000138e+01	3.802530230000000233e-01	2.736070596999999882e+00	2.378231793000000138e+01	5.473072749999999820e-01	2.658746446999999957e+00	1.150464229999999949e-01
2.433815347499999859e+01	3.935240139999999776e-01	2.794445186999999997e+00	2.433815347499999859e+01	4.984087859999999925e-01	2.605314036000000222e+00	1.148174690000000053e-01
2.490697989699999937e+01	4.067834510000000181e-01	2.854852831000000091e+00	2.490697989699999937e+01	4.033309460000000235e-01	2.649740173000000087e+00	1.146205940000000062e-01
2.548910081600000055e+01	4.215277889999999861e-01	2.916726893999999959e+00	2.548910081600000055e+01	3.600903999999999772e-01	2.729560805000000201e+00	1.144303569999999964e-01
2.608482694799999990e+01	4.367928130000000020e-01	2.978699450000000137e+00	2.608482694799999990e+01	2.944613509999999823e-01	2.786120611999999941e+00	1.141928009999999966e-01
2.669447627099999920e+01	4.514686050000000228e-01	3.042198770999999802e+00	2.669447627099999920e+01	1.843789359999999933e-01	2.930790095999999956e+00	1.139636059999999951e-01
2.731837419500000053e+01	4.673719179999999973e-01	3.107893379000000067e+00	2.731837419500000053e+01	1.821842889999999993e-01	3.174489765000000130e+00	1.137656789999999946e-01
2.795685373499999926e+01	4.844684690000000127e-01	3.173768341000000159e+00	2.795685373499999926e+01	2.992516270000000200e-01	3.337541868000000189e+00	1.135238019999999931e-01
2.861025569099999899e+01	5.008244170000000217e-01	3.240762791999999948e+00	2.861025569099999899e+01	3.741798530000000067e-01	3.450067953000000021e+00	1.132727659999999970e-01
2.927892882600000135e+01	5.182515250000000462e-01	3.310303255000000000e+00	2.927892882600000135e+01	5.289272640000000081e-01	3.586138205000000134e+00	1.130609409999999981e-01
2.996323005500000036e+01	5.371344449999999604e-01	3.380021731999999890e+00	2.996323005500000036e+01	7.027289249999999488e-01	3.525876757999999889e+00	1.128056530000000057e-01
3.066352463400000161e+01	5.551483310000000504e-01	3.450947751999999813e+00	3.066352463400000161e+01	6.635940839999999730e-01	3.466206584000000035e+00	1.125424359999999957e-01
3.138018635699999948e+01	5.746007400000000542e-01	3.524508069999999993e+00	3.138018635699999948e+01	6.541571229999999515e-01	3.522827342999999889e+00	1.123163519999999943e-01
3.211359775300000052e+01	5.951936380000000248e-01	3.597905170999999847e+00	3.211359775300000052e+01	6.123728710000000408e-01	3.507591393999999863e+00	1.120368139999999985e-01
3.286415029399999810e+01	6.149266949999999676e-01	3.673348938999999813e+00	3.286415029399999810e+01	4.652985769999999910e-01	3.645742607999999940e+00	1.117737379999999975e-01
3.363224459599999960e+01	6.369431669999999768e-01	3.750777488000000215e+00	3.363224459599999960e+01	4.979221520000000067e-01	3.879129160000000187e+00	1.115232580000000001e-01
3.441829064499999902e+01	6.587989290000000331e-01	3.828045157000000032e+00	3.441829064499999902e+01	5.239440770000000080e-01	4.014306586000000010e+00	1.112212459999999958e-01
3.522270800300000104e+01	6.810571600000000503e-01	3.908553260000000140e+00	3.522270800300000104e+01	6.126699310000000009e-01	4.312628036000000442e+00	1.109668590000000010e-01
3.604592604199999784e+01	7.053638580000000102e-01	3.989133960999999839e+00	3.604592604199999784e+01	9.351003220000000393e-01	4.413985946999999577e+00	1.106680949999999941e-01
3.688838416699999811e+01	7.285127270000000266e-01	4.071671985000000049e+00	3.688838416699999811e+01	1.113576998999999956e+00	4.422194644000000174e+00	1.103781600000000029e-01
3.775053205300000059e+01	7.543932060000000384e-01	4.156138234000000153e+00	3.775053205300000059e+01	1.403160667999999944e+00	4.282646939000000152e+00	1.100948249999999934e-01
3.863282988699999976e+01	7.793913940000000151e-01	4.240843420000000030e+00	3.863282988699999976e+01	1.321298065999999993e+00	4.017743544000000000e+00	1.097730459999999991e-01
3.953574860700000215e+01	8.063342620000000238e-01	4.328858373000000093e+00	3.953574860700000215e+01	1.217569246000000049e+00	3.970329324999999798e+00	1.094922579999999951e-01
4.045977016300000173e+01	8.334952780000000061e-01	4.416295092000000366e+00	4.045977016300000173e+01	9.918998220000000421e-01	3.925478678000000166e+00	1.091527479999999939e-01
4.140538776399999676e+01	8.616068900000000141e-01	4.507508447000000196e+00	4.140538776399999676e+01	8.234739410000000426e-01	4.149491818000000443e+00	1.088628479999999982e-01
4.237310614900000161e+01	8.908067400000000413e-01	4.598012425000000292e+00	4.237310614900000161e+01	7.511879139999999566e-01	4.314977156000000313e+00	1.085125180000000022e-01
4.336344185299999765e+01	9.204415160000000151e-01	4.692373483999999983e+00	4.336344185299999765e+01	7.600402069999999677e-01	4.642442759999999780e+00	1.082103559999999937e-01
4.437692348400000242e+01	9.514414780000000071e-01	4.786018778999999945e+00	4.437692348400000242e+01	9.091282419999999753e-01	4.768119924999999704e+00	1.078492689999999976e-01
4.541409200399999690e+01	9.830093420000000082e-01	4.883635209999999560e+00	4.541409200399999690e+01	1.061603290000000088e+00	4.935183641000000065e+00	1.075356789999999951e-01
4.647550101699999914e+01	1.015526031000000051e+00	4.980468236000000104e+00	4.647550101699999914e+01	1.139133412999999928e+00	4.862915340999999891e+00	1.071633040000000009e-01
4.756171706800000010e+01	1.049477159000000048e+00	5.081317080999999902e+00	4.756171706800000010e+01	1.171728300000000056e+00	4.957343830000000118e+00	1.068362830000000041e-01
4.867331994199999912e+01	1.083243280000000031e+00	5.181681283999999721e+00	4.867331994199999912e+01	1.087644840000000057e+00	4.993385592000000095e+00	1.064583489999999938e-01
4.981090297499999764e+01	1.119839142000000010e+00	5.285297145000000363e+00	4.981090297499999764e+01	1.177778522000000105e+00	5.184892241000000013e+00	1.061072339999999947e-01
5.097507336900000041e+01	1.155097284000000002e+00	5.389992198999999928e+00	5.097507336900000041e+01	1.204500142999999968e+00	5.334561141000000006e+00	1.057378020000000057e-01
5.216645251900000346e+01	1.193676852999999927e+00	5.495723565999999671e+00	5.216645251900000346e+01	1.417990451999999957e+00	5.323921943000000212e+00	1.053497659999999975e-01
5.338567634199999645e+01	1.231835830000000076e+00	5.605032872999999860e+00	5.338567634199999645e+01	1.468656906000000095e+00	5.335413536999999984e+00	1.049913249999999965e-01
5.463339562000000171e+01	1.270944757000000092e+00	5.713758945000000367e+00	5.463339562000000171e+01	1.350742738000000109e+00	5.208939989000000104e+00	1.045836319999999958e-01
5.591027634099999943e+01	1.312823362999999910e+00	5.825731950999999853e+00	5.591027634099999943e+01	1.253014300000000025e+00	5.280712138000000166e+00	1.041978739999999959e-01
5.721700006100000024e+01	1.353629347000000038e+00	5.939839444999999607e+00	5.721700006100000024e+01	1.050326225000000058e+00	5.514674547000000260e+00	1.038124930000000057e-01
5.855426426399999684e+01	1.396392172000000098e+00	6.053787643999999801e+00	5.855426426399999684e+01	1.012019070000000021e+00	5.719433824000000222e+00	1.033876479999999987e-01
5.992278273800000221e+01	1.441536385999999892e+00	6.171110721999999882e+00	5.992278273800000221e+01	1.154120393999999994e+00	5.958692351999999914e+00	1.029843819999999993e-01
6.132328594999999893e+01	1.485980568000000002e+00	6.290775494000000023e+00	6.132328594999999893e+01	1.170648028000000007e+00	6.115187911999999670e+00	1.025837970000000043e-01
6.275652144000000021e+01	1.531588294999999933e+00	6.410459862999999814e+00	6.275652144000000021e+01	1.084924347999999927e+00	6.191516315000000326e+00	1.021481070000000019e-01
6.422325422199999423e+01	1.580009707000000096e+00	6.532291769999999609e+00	6.422325422199999423e+01	1.075952419999999909e+00	6.410450602000000053e+00	1.017122510000000035e-01
6.572426718799999890e+01	1.629210424000000046e+00	6.657451434999999584e+00	6.572426718799999890e+01	1.149506101999999919e+00	6.817310772999999990e+00	1.012936579999999948e-01
6.726036152499999332e+01	1.678260732000000033e+00	6.784141884000000289e+00	6.726036152499999332e+01	1.343429650000000031e+00	7.188661201000000389e+00	1.008638929999999961e-01
6.883235715099999652e+01	1.728651565000000057e+00	6.911476257000000345e+00	6.883235715099999652e+01	1.645857021999999947e+00	7.262747906999999614e+00	1.004102800000000045e-01
7.044109314199999972e+01	1.781336672999999982e+00	7.040543956999999686e+00	7.044109314199999972e+01	1.877362034999999985e+00	7.142963198000000347e+00	9.994938500000000170e-02
7.208742818599999680e+01	1.835703198000000036e+00	7.172320398000000097e+00	7.208742818599999680e+01	1.994333158999999966e+00	7.104822101999999973e+00	9.949474699999999450e-02
7.377224104200000454e+01	1.890888632000000014e+00	7.306644424999999998e+00	7.377224104200000454e+01	2.070052732000000173e+00	7.125485040000000048e+00	9.904327599999999954e-02
7.549643100400000151e+01	1.946719706000000105e+00	7.442888053999999975e+00	7.549643100400000151e+01	2.010854813999999990e+00	7.127887871000000430e+00	9.858595900000000078e-02
7.726091838700000380e+01	2.003525687999999860e+00	7.580705839000000168e+00	7.726091838700000380e+01	1.844435685000000102e+00	7.201368740999999574e+00	9.811824700000000565e-02
7.906664501299999870e+01	2.061648957000000060e+00	7.720140394000000406e+00	7.906664501299999870e+01	1.671699292000000003e+00	7.358211017000000354e+00	9.764092500000000341e-02
8.091457471900000087e+01	2.121232195000000154e+00	7.861391876999999972e+00	8.091457471900000087e+01	1.552334421999999936e+00	7.600962141000000116e+00	9.715668500000000651e-02
8.280569386599999859e+01	2.182261304999999929e+00	8.004632229000000265e+00	8.280569386599999859e+01	1.529437409000000025e+00	7.882225827000000073e+00	9.666765500000000511e-02
8.474101186900000471e+01	2.244670687000000164e+00	8.149956890000000342e+00	8.474101186900000471e+01	1.553747962999999954e+00	8.145361762000000283e+00	9.617488300000000268e-02
8.672156173400000512e+01	2.308411871000000115e+00	8.297410044999999457e+00	8.672156173400000512e+01	1.610181239000000097e+00	8.436109250999999531e+00	9.567874299999999665e-02
8.874840061199999752e+01	2.373481922999999938e+00	8.447015156000000857e+00	8.874840061199999752e+01	1.713226329999999908e+00	8.712375050000000343e+00	9.517935099999999538e-02
9.082261035999999876e+01	2.439932495999999951e+00	8.598777008000000777e+00	9.082261035999999876e+01	1.829713267999999893e+00	8.994878296999999634e+00	9.467661199999999333e-02
9.294529812099999333e+01	2.507858629999999867e+00	8.752644283000000414e+00	9.294529812099999333e+01	1.999463167999999902e+00	9.286271995999999973e+00	9.416984500000000202e-02
9.511759691199999622e+01	2.577329429000000172e+00	8.908450787999999676e+00	9.511759691199999622e+01	2.240348093999999790e+00	9.546858218000000562e+00	9.365723099999999357e-02
9.734066623399999685e+01	2.648221508999999863e+00	9.065928784000000462e+00	9.734066623399999685e+01	2.529868408000000013e+00	9.716843030999999797e+00	9.313608700000000629e-02
9.961569268399999544e+01	2.720061583000000116e+00	9.224969569000000646e+00	9.961569268399999544e+01	2.786177470000000156e+00	9.770295643000000751e+00	9.260558600000000362e-02
1.019438905939999955e+02	2.792296338999999961e+00	9.386109122000000582e+00	1.019438905939999955e+02	2.929488505000000131e+00	9.774839724999999646e+00	9.207132499999999553e-02
1.043265026760000040e+02	2.865278937999999886e+00	9.550442576000000017e+00	1.043265026760000040e+02	2.988555256999999798e+00	9.842923804999999859e+00	9.154378200000000410e-02
1.067648006889999976e+02	2.940644919999999995e+00	9.717958807000000476e+00	1.067648006889999976e+02	3.091603622000000051e+00	9.978513925999999756e+00	9.102212299999999645e-02
1.092600861119999962e+02	3.018705306999999838e+00	9.886415659000000744e+00	1.092600861119999962e+02	3.254948413999999790e+00	1.001556113500000045e+01	9.048515299999999872e-02
1.118136908430000034e+02	3.096436469999999996e+00	1.005540417399999953e+01	1.118136908430000034e+02	3.227513608999999839e+00	9.969494559999999339e+00	8.992999100000000079e-02
1.144269779100000051e+02	3.173936131000000049e+00	1.022883700300000065e+01	1.144269779100000051e+02	3.080073563000000014e+00	1.012618347599999957e+01	8.939183000000000545e-02
1.171013421950000009e+02	3.255666256000000036e+00	1.040496373999999946e+01	1.171013421950000009e+02	3.080113653999999812e+00	1.041953735200000075e+01	8.885435099999999808e-02
1.198382111850000058e+02	3.337065239000000183e+00	1.058025796599999957e+01	1.198382111850000058e+02	3.087426708000000186e+00	1.063725413000000053e+01	8.828785000000000105e-02
1.226390457250000026e+02	3.418500347000000161e+00	1.076140312200000082e+01	1.226390457250000026e+02	3.168858428000000060e+00	1.106596635700000064e+01	8.774858800000000236e-02
1.255053408060000066e+02	3.504144029999999965e+00	1.094222442599999923e+01	1.255053408060000066e+02	3.490666672000000137e+00	1.124265441999999915e+01	8.718532900000000585e-02
