1.000000000000000021e-02	6.598611699999999691e-02	4.027064799999999917e-02	1.000000000000000021e-02	-3.595969499999999985e-02	2.451066799999999934e-02	4.027064821999999822e+00
1.035261699999999972e-02	6.598733699999999314e-02	4.169065799999999850e-02	1.035261699999999972e-02	-3.613081800000000204e-02	2.541078700000000065e-02	4.027064429000000167e+00
1.071766900000000085e-02	6.598864399999999908e-02	4.316073899999999658e-02	1.071766900000000085e-02	-3.631467399999999818e-02	2.634709199999999904e-02	4.027064011000000221e+00
1.109559300000000082e-02	6.599004499999999718e-02	4.468265700000000062e-02	1.109559300000000082e-02	-3.651220699999999791e-02	2.732143999999999892e-02	4.027063563999999651e+00
1.148684300000000005e-02	6.599154699999999762e-02	4.625823999999999908e-02	1.148684300000000005e-02	-3.672442699999999699e-02	2.833582700000000093e-02	4.027063088000000235e+00
1.189188899999999924e-02	6.599315499999999779e-02	4.788938000000000222e-02	1.189188899999999924e-02	-3.695241300000000340e-02	2.939241299999999918e-02	4.027062581000000030e+00
1.231121699999999930e-02	6.599488000000000576e-02	4.957803699999999841e-02	1.231121699999999930e-02	-3.719730999999999732e-02	3.049353299999999975e-02	4.027062040999999759e+00
1.274533299999999932e-02	6.599672700000000503e-02	5.132623699999999678e-02	1.274533299999999932e-02	-3.746033599999999686e-02	3.164172299999999660e-02	4.027061465000000062e+00
1.319475500000000072e-02	6.599870700000000368e-02	5.313608200000000115e-02	1.319475500000000072e-02	-3.774277899999999714e-02	3.283973700000000079e-02	4.027060850999999886e+00
1.366002499999999925e-02	6.600082899999999697e-02	5.500974399999999931e-02	1.366002499999999925e-02	-3.804599799999999754e-02	3.409058100000000174e-02	4.027060199000000118e+00
1.414170200000000079e-02	6.600310299999999353e-02	5.694947399999999993e-02	1.414170200000000079e-02	-3.837142000000000330e-02	3.539753300000000186e-02	4.027059505000000428e+00
1.464036299999999999e-02	6.600554000000000143e-02	5.895760099999999837e-02	1.464036299999999999e-02	-3.872053400000000090e-02	3.676418299999999889e-02	4.027058766999999762e+00
1.515660800000000023e-02	6.600815100000000102e-02	6.103653800000000129e-02	1.515660800000000023e-02	-3.909488600000000230e-02	3.819446499999999689e-02	4.027057981999999647e+00
1.569105599999999837e-02	6.601094899999999932e-02	6.318877900000000047e-02	1.569105599999999837e-02	-3.949606600000000328e-02	3.969270200000000332e-02	4.027057149000000003e+00
1.624435000000000115e-02	6.601394800000000285e-02	6.541691199999999373e-02	1.624435000000000115e-02	-3.992569499999999716e-02	4.126364700000000052e-02	4.027056265999999773e+00
1.681715400000000082e-02	6.601716100000000476e-02	6.772361100000000300e-02	1.681715400000000082e-02	-4.038540499999999922e-02	4.291253899999999954e-02	4.027055329000000405e+00
1.741015699999999902e-02	6.602060399999999663e-02	7.011164599999999969e-02	1.741015699999999902e-02	-4.087680900000000006e-02	4.464515399999999939e-02	4.027054337000000039e+00
1.802406900000000020e-02	6.602429299999999779e-02	7.258388699999999971e-02	1.802406900000000020e-02	-4.140146900000000324e-02	4.646786900000000192e-02	4.027053285000000038e+00
1.865962900000000049e-02	6.602824599999999877e-02	7.514329999999999621e-02	1.865962900000000049e-02	-4.196085000000000093e-02	4.838773100000000327e-02	4.027052173999999596e+00
1.931760000000000074e-02	6.603248200000000345e-02	7.779296199999999328e-02	1.931760000000000074e-02	-4.255626600000000231e-02	5.041252599999999917e-02	4.027050999000000076e+00
1.999877300000000094e-02	6.603702100000000130e-02	8.053605299999999634e-02	1.999877300000000094e-02	-4.318880600000000319e-02	5.255085699999999943e-02	4.027049758999999618e+00
2.070396399999999831e-02	6.604188499999999462e-02	8.337586800000000575e-02	2.070396399999999831e-02	-4.385924699999999704e-02	5.481223100000000292e-02	4.027048451999999834e+00
2.143402200000000049e-02	6.604709599999999958e-02	8.631581700000000301e-02	2.143402200000000049e-02	-4.456794800000000306e-02	5.720714100000000302e-02	4.027047074999999587e+00
2.218982300000000088e-02	6.605268000000000250e-02	8.935943100000000305e-02	2.218982300000000088e-02	-4.531471799999999689e-02	5.974715299999999729e-02	4.027045625999999601e+00
2.297227500000000033e-02	6.605866300000000357e-02	9.251036599999999666e-02	2.297227500000000033e-02	-4.609865600000000174e-02	6.244499800000000156e-02	4.027044104999999874e+00
2.378231800000000021e-02	6.606507300000000193e-02	9.577240500000000489e-02	2.378231800000000021e-02	-4.691796200000000056e-02	6.531465300000000029e-02	4.027042509000000159e+00
2.462092399999999889e-02	6.607194099999999515e-02	9.914946600000000554e-02	2.462092399999999889e-02	-4.776970900000000048e-02	6.837141700000000377e-02	4.027040837999999567e+00
2.548910100000000012e-02	6.607929999999999360e-02	1.026456050000000009e-01	2.548910100000000012e-02	-4.864957200000000204e-02	7.163197300000000156e-02	4.027039089999999710e+00
2.638789100000000012e-02	6.608718399999999327e-02	1.062650210000000012e-01	2.638789100000000012e-02	-4.955151700000000325e-02	7.511442899999999645e-02	4.027037266999999865e+00
2.731837399999999944e-02	6.609563100000000191e-02	1.100120589999999954e-01	2.731837399999999944e-02	-5.046742800000000168e-02	7.883832999999999813e-02	4.027035367999999949e+00
2.828166799999999939e-02	6.610468199999999794e-02	1.138912210000000008e-01	2.828166799999999939e-02	-5.138669099999999823e-02	8.282462399999999947e-02	4.027033394000000044e+00
2.927892899999999868e-02	6.611437800000000142e-02	1.179071639999999949e-01	2.927892899999999868e-02	-5.229570900000000272e-02	8.709556999999999716e-02	4.027031347000000316e+00
3.031135500000000163e-02	6.612476600000000149e-02	1.220647130000000052e-01	3.031135500000000163e-02	-5.317736399999999780e-02	9.167458200000000446e-02	4.027029230000000126e+00
3.138018599999999741e-02	6.613589599999999957e-02	1.263688590000000000e-01	3.138018599999999741e-02	-5.401041100000000122e-02	9.658595999999999848e-02	4.027027043999999556e+00
3.248670699999999661e-02	6.614781999999999607e-02	1.308247730000000053e-01	3.248670699999999661e-02	-5.476882400000000067e-02	1.018545180000000050e-01	4.027024796000000073e+00
3.363224499999999811e-02	6.616059400000000312e-02	1.354378049999999944e-01	3.363224499999999811e-02	-5.542109499999999661e-02	1.075050500000000048e-01	4.027022488000000067e+00
3.481817599999999929e-02	6.617428100000000146e-02	1.402134969999999925e-01	3.481817599999999929e-02	-5.592950099999999952e-02	1.135616230000000004e-01	4.027020128000000199e+00
3.604592599999999897e-02	6.618894399999999956e-02	1.451575830000000067e-01	3.604592599999999897e-02	-5.624936299999999667e-02	1.200466500000000047e-01	4.027017722000000077e+00
3.731696799999999897e-02	6.620465300000000219e-02	1.502760019999999919e-01	3.731696799999999897e-02	-5.632834200000000346e-02	1.269797129999999941e-01	4.027015277000000282e+00
3.863282999999999995e-02	6.622148299999999765e-02	1.555749009999999877e-01	3.863282999999999995e-02	-5.610580500000000165e-02	1.343760910000000031e-01	4.027012803999999946e+00
3.999509100000000344e-02	6.623951499999999881e-02	1.610606440000000028e-01	3.999509100000000344e-02	-5.551233700000000187e-02	1.422449699999999984e-01	4.027010309999999649e+00
4.140538800000000130e-02	6.625883400000000256e-02	1.667398200000000108e-01	4.140538800000000130e-02	-5.446948199999999962e-02	1.505872859999999869e-01	4.027007806000000301e+00
4.286541399999999752e-02	6.627953200000000211e-02	1.726192500000000019e-01	4.286541399999999752e-02	-5.288980900000000290e-02	1.593932060000000095e-01	4.027005303000000147e+00
4.437692299999999868e-02	6.630170900000000034e-02	1.787059960000000058e-01	4.437692299999999868e-02	-5.067744899999999941e-02	1.686392300000000011e-01	4.027002812000000098e+00
4.594173099999999954e-02	6.632547099999999696e-02	1.850073680000000054e-01	4.594173099999999954e-02	-4.772923300000000285e-02	1.782849509999999971e-01	4.027000343000000093e+00
4.756171700000000335e-02	6.635093200000000135e-02	1.915309350000000133e-01	4.756171700000000335e-02	-4.393664099999999850e-02	1.882695339999999884e-01	4.026997907000000154e+00
4.923882599999999943e-02	6.637821300000000535e-02	1.982845330000000128e-01	4.923882599999999943e-02	-3.918872500000000064e-02	1.985080449999999941e-01	4.026995514000000220e+00
5.097507300000000269e-02	6.640744699999999445e-02	2.052762720000000096e-01	5.097507300000000269e-02	-3.337624499999999883e-02	2.088878080000000081e-01	4.026993170999999982e+00
5.277254399999999762e-02	6.643877500000000547e-02	2.125145519999999955e-01	5.277254399999999762e-02	-2.639720499999999997e-02	2.192650810000000006e-01	4.026990883999999937e+00
5.463339600000000074e-02	6.647234700000000107e-02	2.200080640000000032e-01	5.463339600000000074e-02	-1.816396600000000014e-02	2.294624419999999887e-01	4.026988657999999610e+00
5.655986500000000083e-02	6.650832499999999314e-02	2.277658110000000125e-01	5.655986500000000083e-02	-8.612063999999999137e-03	2.392673869999999980e-01	4.026986490999999724e+00
5.855426400000000170e-02	6.654688500000000007e-02	2.357971080000000053e-01	5.855426400000000170e-02	2.289296000000000126e-03	2.484328160000000008e-01	4.026984378999999947e+00
6.061898999999999760e-02	6.658821199999999385e-02	2.441116000000000119e-01	6.061898999999999760e-02	1.452524000000000003e-02	2.566801870000000041e-01	4.026982313000000424e+00
6.275652099999999567e-02	6.663250799999999308e-02	2.527192739999999938e-01	6.275652099999999567e-02	2.802219499999999974e-02	2.637062399999999807e-01	4.026980276999999830e+00
6.496942599999999679e-02	6.667998699999999612e-02	2.616304660000000060e-01	6.496942599999999679e-02	4.263465899999999836e-02	2.691942789999999808e-01	4.026978251000000064e+00
6.726036200000000409e-02	6.673088000000000630e-02	2.708558759999999954e-01	6.726036200000000409e-02	5.813311100000000120e-02	2.728308799999999978e-01	4.026976207999999779e+00
6.963207899999999950e-02	6.678543300000000515e-02	2.804065809999999881e-01	6.963207899999999950e-02	7.419497299999999740e-02	2.743287119999999746e-01	4.026974113999999716e+00
7.208742799999999507e-02	6.684391000000000638e-02	2.902940500000000257e-01	7.208742799999999507e-02	9.040117699999999923e-02	2.734556020000000198e-01	4.026971929000000117e+00
7.462935699999999339e-02	6.690659499999999926e-02	3.005301519999999948e-01	7.462935699999999339e-02	1.062415190000000065e-01	2.700690800000000169e-01	4.026969607999999923e+00
7.726091799999999787e-02	6.697379100000000474e-02	3.111271769999999770e-01	7.726091799999999787e-02	1.211323140000000048e-01	2.641543279999999938e-01	4.026967102999999604e+00
7.998527299999999562e-02	6.704582000000000597e-02	3.220978449999999937e-01	7.998527299999999562e-02	1.344498490000000102e-01	2.558616249999999814e-01	4.026964362000000186e+00
8.280569399999999913e-02	6.712303000000000019e-02	3.334553270000000236e-01	8.280569399999999913e-02	1.455822320000000059e-01	2.455372299999999952e-01	4.026961334000000114e+00
8.572556700000000252e-02	6.720578900000000189e-02	3.452132569999999956e-01	8.572556700000000252e-02	1.540002729999999931e-01	2.337393889999999919e-01	4.026957969999999776e+00
8.874840100000000453e-02	6.729449499999999584e-02	3.573857469999999759e-01	8.874840100000000453e-02	1.593446639999999970e-01	2.212293339999999997e-01	4.026954228000000136e+00
9.187782399999999683e-02	6.738956999999999586e-02	3.699874109999999883e-01	9.187782399999999683e-02	1.615219420000000017e-01	2.089265009999999867e-01	4.026950071999999992e+00
9.511759699999999818e-02	6.749146799999999891e-02	3.830333770000000082e-01	9.511759699999999818e-02	1.607957979999999898e-01	1.978185779999999949e-01	4.026945479000000105e+00
9.847161000000000108e-02	6.760067200000000054e-02	3.965393059999999803e-01	9.847161000000000108e-02	1.578540639999999884e-01	1.888212119999999883e-01	4.026940436000000290e+00
1.019438909999999948e-01	6.771770400000000356e-02	4.105214150000000006e-01	1.019438909999999948e-01	1.538263890000000078e-01	1.825897390000000009e-01	4.026934943999999739e+00
1.055386100000000049e-01	6.784312100000000623e-02	4.249964920000000035e-01	1.055386100000000049e-01	1.502244970000000124e-01	1.792961670000000063e-01	4.026929015000000334e+00
1.092600860000000063e-01	6.797752299999999803e-02	4.399819180000000274e-01	1.092600860000000063e-01	1.487776500000000113e-01	1.783984120000000062e-01	4.026922671000000342e+00
1.131127880000000058e-01	6.812155400000000083e-02	4.554956869999999824e-01	1.131127880000000058e-01	1.511416309999999985e-01	1.784450099999999872e-01	4.026915933999999808e+00
1.171013419999999972e-01	6.827590499999999785e-02	4.715564280000000275e-01	1.171013419999999972e-01	1.584725170000000072e-01	1.769767160000000061e-01	4.026908825999999664e+00
1.212305399999999977e-01	6.844132299999999836e-02	4.881834259999999759e-01	1.212305399999999977e-01	1.708803449999999891e-01	1.706056210000000128e-01	4.026901354999999683e+00
1.255053409999999925e-01	6.861860799999999760e-02	5.053966420000000070e-01	1.255053409999999925e-01	1.868192999999999937e-01	1.553684949999999954e-01	4.026893510999999926e+00
1.299308779999999997e-01	6.880861800000000195e-02	5.232167389999999862e-01	1.299308779999999997e-01	2.025384120000000010e-01	1.274513150000000095e-01	4.026885258000000078e+00
1.345124679999999961e-01	6.901227399999999845e-02	5.416651009999999822e-01	1.345124679999999961e-01	2.118109250000000110e-01	8.433927800000000363e-02	4.026876532000000175e+00
1.392556130000000003e-01	6.923056399999999444e-02	5.607638660000000552e-01	1.392556130000000003e-01	2.062566949999999899e-01	2.632048899999999900e-02	4.026867240999999709e+00
1.441660090000000116e-01	6.946453900000000570e-02	5.805359429999999987e-01	1.441660090000000116e-01	1.765952510000000086e-01	-4.196651299999999696e-02	4.026857276000000319e+00
1.492495550000000060e-01	6.971532399999999519e-02	6.010050489999999579e-01	1.492495550000000060e-01	1.149946540000000017e-01	-1.105568559999999950e-01	4.026846519000000235e+00
1.545123549999999901e-01	6.998411799999999794e-02	6.221957359999999992e-01	1.545123549999999901e-01	1.822388200000000028e-02	-1.645597309999999869e-01	4.026834863000000375e+00
1.599607299999999954e-01	7.027220500000000425e-02	6.441334229999999827e-01	1.599607299999999954e-01	-1.093124490000000060e-01	-1.865299320000000094e-01	4.026822222999999923e+00
1.656012249999999908e-01	7.058095400000000130e-02	6.668444289999999608e-01	1.656012249999999908e-01	-2.539694230000000275e-01	-1.606714840000000033e-01	4.026808551000000236e+00
1.714406139999999912e-01	7.091183900000000428e-02	6.903560050000000503e-01	1.714406139999999912e-01	-3.937049610000000199e-01	-7.781849000000000405e-02	4.026793833000000156e+00
1.774859089999999973e-01	7.126644199999999929e-02	7.146963680000000263e-01	1.774859089999999973e-01	-5.014661660000000465e-01	6.026398000000000171e-02	4.026778076000000262e+00
1.837443719999999892e-01	7.164646800000000482e-02	7.398947259999999471e-01	1.837443719999999892e-01	-5.504093450000000498e-01	2.382553699999999941e-01	4.026761286000000162e+00
1.902235200000000070e-01	7.205375399999999764e-02	7.659813119999999698e-01	1.902235200000000070e-01	-5.203310479999999627e-01	4.265737070000000242e-01	4.026743439999999730e+00
1.969311340000000077e-01	7.249027299999999396e-02	7.929874129999999743e-01	1.969311340000000077e-01	-4.055377470000000040e-01	5.829616469999999717e-01	4.026724456000000174e+00
2.038752699999999973e-01	7.295813800000000571e-02	8.209454029999999625e-01	2.038752699999999973e-01	-2.245427279999999970e-01	6.585619320000000165e-01	4.026704191000000321e+00
2.110642679999999993e-01	7.345960399999999779e-02	8.498887849999999800e-01	2.110642679999999993e-01	-2.884604500000000071e-02	6.131784019999999558e-01	4.026682455000000438e+00
2.185067629999999927e-01	7.399707499999999549e-02	8.798522349999999825e-01	2.185067629999999927e-01	9.990107400000000637e-02	4.423190630000000123e-01	4.026659053000000377e+00
2.262116929999999915e-01	7.457311499999999538e-02	9.108716550000000023e-01	2.262116929999999915e-01	8.005962799999999380e-02	2.036431499999999950e-01	4.026633826000000305e+00
2.341883130000000091e-01	7.519046499999999800e-02	9.429842250000000092e-01	2.341883130000000091e-01	-1.158733710000000028e-01	1.039064399999999923e-02	4.026606686000000046e+00
2.424462019999999995e-01	7.585207800000000333e-02	9.762284439999999730e-01	2.424462019999999995e-01	-4.266022250000000016e-01	-2.516181500000000057e-02	4.026577598000000258e+00
2.509952779999999883e-01	7.656113500000000238e-02	1.010644166999999927e+00	2.509952779999999883e-01	-7.271431640000000085e-01	1.421457220000000021e-01	4.026546527999999903e+00
2.598458100000000104e-01	7.732106599999999386e-02	1.046272630999999897e+00	2.598458100000000104e-01	-8.904742740000000101e-01	4.680448170000000019e-01	4.026513375000000394e+00
2.690084280000000216e-01	7.813554899999999859e-02	1.083156497999999912e+00	2.690084280000000216e-01	-8.377786360000000210e-01	8.373145170000000359e-01	4.026477930000000427e+00
2.784941349999999760e-01	7.900850600000000612e-02	1.121339899000000084e+00	2.784941349999999760e-01	-5.735769379999999806e-01	1.093817505000000079e+00	4.026439905000000152e+00
2.883143249999999824e-01	7.994410899999999931e-02	1.160868514999999990e+00	2.883143249999999824e-01	-2.236163810000000030e-01	1.095480425000000091e+00	4.026399020000000384e+00
2.984807919999999948e-01	8.094681400000000582e-02	1.201789653999999929e+00	2.984807919999999948e-01	-2.578200099999999884e-02	8.351290049999999798e-01	4.026355086999999777e+00
3.090057460000000256e-01	8.202141200000000187e-02	1.244152310000000039e+00	3.090057460000000256e-01	-1.581269640000000087e-01	5.388055529999999926e-01	4.026308011000000242e+00
3.199018279999999992e-01	8.317308099999999593e-02	1.288007195000000049e+00	3.199018279999999992e-01	-5.174793709999999658e-01	5.097062100000000484e-01	4.026257682999999865e+00
3.311821260000000211e-01	8.440738999999999881e-02	1.333406754000000083e+00	3.311821260000000211e-01	-7.868393299999999480e-01	8.361814260000000054e-01	4.026203860999999939e+00
3.428601860000000112e-01	8.573028900000000119e-02	1.380405222000000043e+00	3.428601860000000112e-01	-6.906695579999999612e-01	1.330057194999999970e+00	4.026146158000000419e+00
3.549500360000000243e-01	8.714809900000000664e-02	1.429058724999999974e+00	3.549500360000000243e-01	-1.562401989999999963e-01	1.623331762000000067e+00	4.026084185000000204e+00
3.674661940000000238e-01	8.866757200000000005e-02	1.479425396999999975e+00	3.674661940000000238e-01	5.302460519999999677e-01	1.314723910999999967e+00	4.026017687000000400e+00
3.804236939999999789e-01	9.029599300000000495e-02	1.531565438999999973e+00	3.804236939999999789e-01	6.913521259999999558e-01	4.213894819999999819e-01	4.025946496999999624e+00
3.938380980000000253e-01	9.204122900000000218e-02	1.585541113999999974e+00	3.938380980000000253e-01	-1.275959699999999926e-02	-2.998366989999999843e-01	4.025870327999999887e+00
4.077255180000000090e-01	9.391168900000000652e-02	1.641416776000000022e+00	4.077255180000000090e-01	-1.030851385000000064e+00	-2.384197439999999890e-01	4.025788685000000200e+00
4.221026319999999776e-01	9.591630600000000673e-02	1.699259011999999958e+00	4.221026319999999776e-01	-1.718542542000000006e+00	4.710493450000000082e-01	4.025701058000000110e+00
4.369867080000000015e-01	9.806463499999999722e-02	1.759136803000000082e+00	4.369867080000000015e-01	-1.819152737000000020e+00	1.439521037000000003e+00	4.025607115999999763e+00
4.523956230000000245e-01	1.003670059999999947e-01	1.821121548000000034e+00	4.523956230000000245e-01	-1.272694070000000011e+00	2.297719491000000058e+00	4.025506556999999930e+00
4.683478830000000204e-01	1.028345299999999934e-01	1.885287023999999922e+00	4.683478830000000204e-01	-1.633038410000000051e-01	2.568619162000000067e+00	4.025398834999999842e+00
4.848626480000000072e-01	1.054790079999999991e-01	1.951709507999999982e+00	4.848626480000000072e-01	8.653922229999999605e-01	1.732718084000000047e+00	4.025283274000000411e+00
5.019597519999999813e-01	1.083130409999999988e-01	2.020468011000000175e+00	5.019597519999999813e-01	6.375773350000000228e-01	3.128126760000000117e-01	4.025159391999999947e+00
5.196597299999999864e-01	1.113502499999999978e-01	2.091644313000000199e+00	5.196597299999999864e-01	-6.038971890000000009e-01	-1.773918730000000055e-01	4.025026745999999989e+00
5.379838399999999909e-01	1.146052570000000020e-01	2.165322868000000067e+00	5.379838399999999909e-01	-1.503850670000000056e+00	3.653953269999999920e-01	4.024884589000000013e+00
5.569540910000000400e-01	1.180935850000000009e-01	2.241591023999999877e+00	5.569540910000000400e-01	-1.635609402999999906e+00	1.014676007000000046e+00	4.024732131000000379e+00
5.765932649999999660e-01	1.218318989999999935e-01	2.320539269000000182e+00	5.765932649999999660e-01	-1.556673568999999979e+00	1.154958018999999947e+00	4.024568807999999720e+00
5.969249509999999814e-01	1.258382000000000112e-01	2.402261096999999790e+00	5.969249509999999814e-01	-1.932238973000000026e+00	1.181756809999999991e+00	4.024393842000000276e+00
6.179735680000000286e-01	1.301316260000000002e-01	2.486853082000000104e+00	6.179735680000000286e-01	-2.418015297999999813e+00	1.744076154999999906e+00	4.024206230999999967e+00
6.397643960000000130e-01	1.347326540000000072e-01	2.574415264000000203e+00	6.397643960000000130e-01	-2.360846011000000022e+00	2.658148741999999842e+00	4.024005213999999775e+00
6.623236059999999537e-01	1.396634009999999926e-01	2.665051005000000028e+00	6.623236059999999537e-01	-1.544561349999999944e+00	3.247282411000000035e+00	4.023789852000000167e+00
6.856782940000000215e-01	1.449473970000000056e-01	2.758867044000000046e+00	6.856782940000000215e-01	-6.124022860000000179e-01	2.641961520999999813e+00	4.023558963000000155e+00
7.098565079999999972e-01	1.506098600000000121e-01	2.855973928000000051e+00	7.098565079999999972e-01	-1.159798040999999946e+00	1.458487298000000099e+00	4.023311604999999957e+00
7.348872889999999991e-01	1.566779570000000066e-01	2.956485752999999939e+00	7.348872889999999991e-01	-2.569165617999999984e+00	1.563214335999999927e+00	4.023046521999999570e+00
7.608006990000000247e-01	1.631805590000000028e-01	3.060520452000000002e+00	7.608006990000000247e-01	-3.377364055999999781e+00	2.595689247000000144e+00	4.022762408000000178e+00
7.876278610000000402e-01	1.701487929999999926e-01	3.168200012999999871e+00	7.876278610000000402e-01	-3.538833491000000109e+00	3.747694630999999887e+00	4.022458027999999963e+00
8.154009960000000445e-01	1.776158939999999964e-01	3.279650254999999959e+00	8.154009960000000445e-01	-3.290669723000000157e+00	4.840432309999999738e+00	4.022131776000000158e+00
8.441534600000000221e-01	1.856174539999999873e-01	3.395001393999999895e+00	8.441534600000000221e-01	-2.573553041999999902e+00	5.857419838000000212e+00	4.021782241999999563e+00
8.739197859999999762e-01	1.941916860000000022e-01	3.514387700999999975e+00	8.739197859999999762e-01	-1.100933689999999965e+00	6.224577998000000001e+00	4.021407638000000340e+00
9.047357240000000189e-01	2.033793630000000074e-01	3.637948023999999947e+00	9.047357240000000189e-01	-2.707689710000000249e-01	4.883493355999999785e+00	4.021006275000000407e+00
9.366382869999999583e-01	2.132243299999999897e-01	3.765825568999999984e+00	9.366382869999999583e-01	-1.554171836000000084e+00	4.110927980999999676e+00	4.020576163000000314e+00
9.696657890000000002e-01	2.237733480000000108e-01	3.898168301000000113e+00	9.696657890000000002e-01	-2.854132041000000175e+00	5.115739705000000193e+00	4.020115327000000072e+00
1.003857898999999998e+00	2.350766679999999886e-01	4.035128795000000324e+00	1.003857898999999998e+00	-3.176632388999999890e+00	6.987191454999999607e+00	4.019621500000000403e+00
1.039255682999999930e+00	2.471879419999999938e-01	4.176864637000000435e+00	1.039255682999999930e+00	-2.415234911999999845e+00	9.231461666999999593e+00	4.019092418999999694e+00
1.075901653999999930e+00	2.601647089999999940e-01	4.323538214000000046e+00	1.075901653999999930e+00	4.455697719999999751e-01	1.145954055700000040e+01	4.018525482000000260e+00
1.113839825999999977e+00	2.740685449999999967e-01	4.475317182000000393e+00	1.113839825999999977e+00	5.323058224999999588e+00	1.017776907000000008e+01	4.017918083999999723e+00
1.153115764999999904e+00	2.889652990000000088e-01	4.632374240999999948e+00	1.153115764999999904e+00	6.560631281000000037e+00	5.329162026999999746e+00	4.017267287000000131e+00
1.193776641999999999e+00	3.049255840000000273e-01	4.794887473000000178e+00	1.193776641999999999e+00	4.343962249999999692e+00	2.530226869999999906e+00	4.016570022999999878e+00
1.235871291999999899e+00	3.220248399999999789e-01	4.963040390999999829e+00	1.235871291999999899e+00	1.912214411999999975e+00	1.888242586999999917e+00	4.015823025000000435e+00
1.279450272999999916e+00	3.403438540000000012e-01	5.137021913999999967e+00	1.279450272999999916e+00	9.745653999999999428e-02	2.256110238999999851e+00	4.015022719000000073e+00
1.324565924999999922e+00	3.599691190000000041e-01	5.317026632000000141e+00	1.324565924999999922e+00	-1.368092729000000007e+00	3.207222945999999908e+00	4.014165343000000163e+00
1.371272433999999985e+00	3.809930950000000038e-01	5.503254818000000270e+00	1.371272433999999985e+00	-2.360470406000000132e+00	4.676782414999999915e+00	4.013246879000000433e+00
1.419625896000000109e+00	4.035147079999999997e-01	5.695912437999999689e+00	1.419625896000000109e+00	-2.609601425000000141e+00	6.534969454999999705e+00	4.012262985999999643e+00
1.469684385999999954e+00	4.276398080000000101e-01	5.895211280999999914e+00	1.469684385999999954e+00	-1.857784096000000051e+00	8.414204908000000316e+00	4.011209029999999842e+00
1.521508026000000013e+00	4.534815879999999910e-01	6.101369018999999838e+00	1.521508026000000013e+00	-1.214169549999999931e-01	9.538469170000000830e+00	4.010080076000000382e+00
1.575159057000000029e+00	4.811610709999999957e-01	6.314609218000000190e+00	1.575159057000000029e+00	1.684259774999999903e+00	9.192316461000000771e+00	4.008870843000000406e+00
1.630701917999999973e+00	5.108076430000000334e-01	6.535161343000000400e+00	1.630701917999999973e+00	2.266918860000000091e+00	7.967459829000000049e+00	4.007575678000000252e+00
1.688203316999999926e+00	5.425596129999999961e-01	6.763260769999999589e+00	1.688203316999999926e+00	1.553338300999999921e+00	7.335814237000000126e+00	4.006188533999999635e+00
1.747732314999999925e+00	5.765648049999999580e-01	6.999148761999999913e+00	1.747732314999999925e+00	7.050468359999999546e-01	8.117872267999999281e+00	4.004702950999999622e+00
1.809360410999999891e+00	6.129811659999999662e-01	7.243072427000000424e+00	1.809360410999999891e+00	1.137878622999999978e+00	9.927051982000000052e+00	4.003112029999999599e+00
1.873161620000000083e+00	6.519774289999999972e-01	7.495284641999999664e+00	1.873161620000000083e+00	3.786981271999999787e+00	1.094864601199999932e+01	4.001408399999999865e+00
1.939212571999999968e+00	6.937338020000000105e-01	7.756043937000000277e+00	1.939212571999999968e+00	6.463231552999999963e+00	8.556074966000000614e+00	3.999584185999999875e+00
2.007592595999999840e+00	7.384427030000000336e-01	8.025614364000000833e+00	2.007592595999999840e+00	5.605191007000000170e+00	5.448747485000000168e+00	3.997630984000000165e+00
2.078383818999999910e+00	7.863095289999999515e-01	8.304265308999999817e+00	2.078383818999999910e+00	3.111551587000000119e+00	4.403175813999999910e+00	3.995539819999999853e+00
2.151671263999999972e+00	8.375534770000000462e-01	8.592271269999999461e+00	2.151671263999999972e+00	1.003978974000000024e+00	5.547683645000000219e+00	3.993301121000000009e+00
2.227542951999999854e+00	8.924083929999999665e-01	8.889911572000000817e+00	2.227542951999999854e+00	8.972216929999999868e-01	7.918442962000000307e+00	3.990904671000000015e+00
2.306090009000000052e+00	9.511236640000000353e-01	9.197470029999999852e+00	2.306090009000000052e+00	3.158770770999999922e+00	8.744602380999999980e+00	3.988339567999999780e+00
2.387406771999999844e+00	1.013965130999999964e+00	9.515234574000000833e+00	2.387406771999999844e+00	4.284954421000000124e+00	6.360528426000000124e+00	3.985594196000000089e+00
2.471590905999999865e+00	1.081216104999999983e+00	9.843496814999999955e+00	2.471590905999999865e+00	2.272072461000000043e+00	4.603765895999999636e+00	3.982656186999999903e+00
2.558743520000000160e+00	1.153178414000000096e+00	1.018255144799999989e+01	2.558743520000000160e+00	-5.142433000000000073e-03	5.298987104000000059e+00	3.979512354000000141e+00
2.648969287999999978e+00	1.230173356999999967e+00	1.053269564700000060e+01	2.648969287999999978e+00	-9.127909039999999585e-01	6.832114805999999874e+00	3.976148645999999953e+00
2.742376573000000040e+00	1.312542926000000110e+00	1.089422844599999962e+01	2.742376573000000040e+00	-1.037709208999999966e+00	7.736643389000000148e+00	3.972550141999999784e+00
2.839077563000000026e+00	1.400650865000000023e+00	1.126744976500000028e+01	2.839077563000000026e+00	-1.801761324999999969e+00	8.141732055000000301e+00	3.968700929999999794e+00
2.939188398999999841e+00	1.494883885999999995e+00	1.165265968799999996e+01	2.939188398999999841e+00	-3.255294516000000193e+00	9.548552168000000506e+00	3.964584132999999788e+00
3.042829316999999811e+00	1.595652821000000054e+00	1.205015724299999924e+01	3.042829316999999811e+00	-4.009015707999999734e+00	1.244740200999999935e+01	3.960181786999999787e+00
3.150124796000000060e+00	1.703393943000000021e+00	1.246023936299999946e+01	3.150124796000000060e+00	-2.547420524000000075e+00	1.607945882099999935e+01	3.955474837000000132e+00
3.261203699999999817e+00	1.818570102000000022e+00	1.288319954199999984e+01	3.261203699999999817e+00	1.364162407000000021e+00	1.729702702999999886e+01	3.950443064999999976e+00
3.376199440999999801e+00	1.941672054000000092e+00	1.331932633199999927e+01	3.376199440999999801e+00	3.184733281999999832e+00	1.587883459799999919e+01	3.945065024999999892e+00
3.495250132999999870e+00	2.073219728999999845e+00	1.376890176000000032e+01	3.495250132999999870e+00	3.979384618000000096e+00	1.573365097299999960e+01	3.939317999000000015e+00
3.618498760000000036e+00	2.213763468999999873e+00	1.423219951399999950e+01	3.618498760000000036e+00	5.533298661999999979e+00	1.469328257799999982e+01	3.933177945000000175e+00
3.746093349000000128e+00	2.363885273000000176e+00	1.470948293900000081e+01	3.746093349000000128e+00	4.967916645999999936e+00	1.314641485599999982e+01	3.926619432999999937e+00
3.878187146000000141e+00	2.524200002999999803e+00	1.520100283000000019e+01	3.878187146000000141e+00	4.349740304000000002e+00	1.361321167600000059e+01	3.919615599000000117e+00
4.014938800999999557e+00	2.695356542999999938e+00	1.570699500899999990e+01	4.014938800999999557e+00	5.423363089000000414e+00	1.313547276499999938e+01	3.912138088999999930e+00
4.156512558000000190e+00	2.878038881000000160e+00	1.622767768299999958e+01	4.156512558000000190e+00	4.398412722999999858e+00	1.162305718700000057e+01	3.904157019999999978e+00
4.303078454000000441e+00	3.072967124999999911e+00	1.676324855000000014e+01	4.303078454000000441e+00	2.596734177000000088e+00	1.175207424200000084e+01	3.895640929999999891e+00
4.454812518999999860e+00	3.280898387000000138e+00	1.731388159500000157e+01	4.454812518999999860e+00	1.297760954999999994e+00	1.250076906399999999e+01	3.886556734000000013e+00
4.611896992000000139e+00	3.502627439999999925e+00	1.787972372600000170e+01	4.611896992000000139e+00	-8.477968399999999405e-02	1.393888653399999988e+01	3.876869704000000194e+00
4.774520539000000063e+00	3.738987421000000033e+00	1.846089105800000141e+01	4.774520539000000063e+00	-5.725038019999999506e-01	1.615027947700000155e+01	3.866543437999999888e+00
4.942878474999999661e+00	3.990850008999999865e+00	1.905746491500000062e+01	4.942878474999999661e+00	-1.745634480000000099e-01	1.810808664800000045e+01	3.855539846000000104e+00
5.117173006999999885e+00	4.259125665000000005e+00	1.966948754799999932e+01	5.117173006999999885e+00	6.469835200000000341e-01	1.974748040900000134e+01	3.843819139999999912e+00
5.297613468999999853e+00	4.544763351000000284e+00	2.029695762300000084e+01	5.297613468999999853e+00	1.631295409999999890e+00	2.071582856399999883e+01	3.831339856000000044e+00
5.484416576000000099e+00	4.848749992000000120e+00	2.093982532600000113e+01	5.484416576000000099e+00	2.342685282999999785e+00	2.172682839799999854e+01	3.818058864999999802e+00
5.677806688000000435e+00	5.172109556999999747e+00	2.159798724499999878e+01	5.677806688000000435e+00	3.648744139000000164e+00	2.282960878700000151e+01	3.803931417999999898e+00
5.878016072000000314e+00	5.515901675000000282e+00	2.227128098400000056e+01	5.878016072000000314e+00	5.499129281000000091e+00	2.249926456200000047e+01	3.788911209000000113e+00
6.085285189999999567e+00	5.881219735000000171e+00	2.295947950400000082e+01	6.085285189999999567e+00	5.292816043000000192e+00	2.069869555900000080e+01	3.772950450999999816e+00
6.299862978000000169e+00	6.269188395999999663e+00	2.366228528199999914e+01	6.299862978000000169e+00	2.624216221000000182e+00	2.058195814400000145e+01	3.755999989999999844e+00
6.522007154999999834e+00	6.680960573000000124e+00	2.437932430900000114e+01	6.522007154999999834e+00	-1.835007090000000118e-01	2.337797991900000127e+01	3.738009438999999823e+00
6.751984522999999960e+00	7.117713553999999831e+00	2.511013981099999981e+01	6.751984522999999960e+00	-1.196329476999999919e+00	2.890947566299999849e+01	3.718927335000000056e+00
6.990071294999999907e+00	7.580644550999999787e+00	2.585418613299999890e+01	6.990071294999999907e+00	2.372243098000000217e+00	3.597198232000000218e+01	3.698701349999999888e+00
7.236553423000000151e+00	8.070965231000000628e+00	2.661082241700000139e+01	7.236553423000000151e+00	1.186141610199999974e+01	3.842904275000000069e+01	3.677278514000000165e+00
7.491726940999999584e+00	8.589895518000000507e+00	2.737930644800000124e+01	7.491726940999999584e+00	1.849933183699999972e+01	3.201177897099999825e+01	3.654605495000000204e+00
7.755898323000000261e+00	9.138656382000000633e+00	2.815878868400000101e+01	7.755898323000000261e+00	1.742488482799999971e+01	2.584373256299999966e+01	3.630628911000000070e+00
8.029384849999999574e+00	9.718461666999999693e+00	2.894830655299999833e+01	8.029384849999999574e+00	1.335826424300000070e+01	2.408418027000000095e+01	3.605295685000000194e+00
8.312514990000000381e+00	1.033050881499999996e+01	2.974677916699999969e+01	8.312514990000000381e+00	1.030157182399999982e+01	2.575048533700000064e+01	3.578553446999999998e+00
8.605628792999999277e+00	1.097596869200000036e+01	3.055300270400000073e+01	8.605628792999999277e+00	1.037798062599999938e+01	2.926682741000000121e+01	3.550350990000000095e+00
8.909078300999999200e+00	1.165597416900000027e+01	3.136564630999999892e+01	8.909078300999999200e+00	1.261327690100000076e+01	3.083177718600000006e+01	3.520638751999999982e+00
9.223227968999999860e+00	1.237160783700000088e+01	3.218324909599999728e+01	9.223227968999999860e+00	1.344123345300000061e+01	2.994677763800000037e+01	3.489369362000000141e+00
9.548455103000000221e+00	1.312388857100000017e+01	3.300421811700000063e+01	9.548455103000000221e+00	1.236592878299999931e+01	2.919013837299999992e+01	3.456498224999999813e+00
9.885150314000000549e+00	1.391375719900000085e+01	3.382682763999999764e+01	9.885150314000000549e+00	9.514675888999999387e+00	3.138334854300000032e+01	3.421984145000000144e+00
1.023371798600000027e+01	1.474206139400000026e+01	3.464921988199999703e+01	1.023371798600000027e+01	8.321060829000000325e+00	3.766890244799999721e+01	3.385789985999999807e+00
1.059457676399999926e+01	1.560953965600000082e+01	3.546940733499999965e+01	1.059457676399999926e+01	1.337787887700000056e+01	4.625943235100000095e+01	3.347883368000000193e+00
1.096816005300000008e+01	1.651680498800000052e+01	3.628527708699999721e+01	1.096816005300000008e+01	2.760421708999999879e+01	4.642042061699999778e+01	3.308237381000000088e+00
1.135491654099999970e+01	1.746432800499999871e+01	3.709459704900000077e+01	1.135491654099999970e+01	3.098290938499999925e+01	3.383503498700000023e+01	3.266831325000000064e+00
1.175531073900000045e+01	1.845242005400000096e+01	3.789502437499999843e+01	1.175531073900000045e+01	2.405272868599999825e+01	2.961426004799999845e+01	3.223651439000000174e+00
1.216982353600000089e+01	1.948121647400000001e+01	3.868411631200000045e+01	1.216982353600000089e+01	1.927196397000000161e+01	3.294971079999999830e+01	3.178691638000000097e+00
1.259895277799999924e+01	2.055066043000000064e+01	3.945934324299999929e+01	1.259895277799999924e+01	1.964291256199999935e+01	3.896611255199999846e+01	3.131954213999999848e+00
1.304321386700000041e+01	2.166048748200000063e+01	4.021810446399999961e+01	1.304321386700000041e+01	2.523680101700000122e+01	4.217215320700000092e+01	3.083450511000000116e+00
1.350314037899999953e+01	2.281021147999999954e+01	4.095774617099999659e+01	1.350314037899999953e+01	2.930950254200000060e+01	4.007932153499999828e+01	3.033201538000000141e+00
1.397928470299999937e+01	2.399911201500000146e+01	4.167558199300000155e+01	1.397928470299999937e+01	3.014075402099999934e+01	3.958654420900000304e+01	2.981238516999999977e+00
1.447221870699999968e+01	2.522622408999999877e+01	4.236891572500000080e+01	1.447221870699999968e+01	3.413528225600000354e+01	3.992415752200000156e+01	2.927603332999999974e+00
1.498253442699999916e+01	2.649032996000000040e+01	4.303506612900000050e+01	1.498253442699999916e+01	3.730752918799999662e+01	3.396517625700000309e+01	2.872348890000000043e+00
1.551084477000000028e+01	2.778995406900000020e+01	4.367139346500000130e+01	1.551084477000000028e+01	3.241818774499999734e+01	3.037998034700000005e+01	2.815539327999999841e+00
1.605778425800000164e+01	2.912336093900000122e+01	4.427532748600000190e+01	1.605778425800000164e+01	2.850383416100000034e+01	3.357211545100000194e+01	2.757250115000000168e+00
1.662400978899999870e+01	3.048855681499999903e+01	4.484439642299999917e+01	1.662400978899999870e+01	3.065991044300000112e+01	3.788509751099999789e+01	2.697567975000000118e+00
1.721020142200000080e+01	3.188329476599999879e+01	4.537625639299999847e+01	1.721020142200000080e+01	3.401753403299999690e+01	3.762542830600000343e+01	2.636590663999999862e+00
1.781706319499999935e+01	3.330508380300000226e+01	4.586872081500000320e+01	1.781706319499999935e+01	3.475198629300000164e+01	3.690743603399999984e+01	2.574426566000000083e+00
1.844532397600000095e+01	3.475120207500000191e+01	4.631978912299999962e+01	1.844532397600000095e+01	3.599636981300000116e+01	3.570924141199999724e+01	2.511194120999999946e+00
1.909573832899999957e+01	3.621871376200000014e+01	4.672767424599999941e+01	1.909573832899999957e+01	3.431564840200000077e+01	3.604793231899999739e+01	2.447021080999999931e+00
1.976908742799999885e+01	3.770448987599999668e+01	4.709082819000000342e+01	1.976908742799999885e+01	3.521484483100000062e+01	3.829457916799999850e+01	2.382043599999999817e+00
2.046617999400000087e+01	3.920523272999999875e+01	4.740796509599999808e+01	2.046617999400000087e+01	3.777685218999999961e+01	3.780570123900000112e+01	2.316405167000000098e+00
2.118785326100000077e+01	4.071750332300000252e+01	4.767808128299999737e+01	2.118785326100000077e+01	3.666342377299999811e+01	3.636822937499999853e+01	2.250255403000000154e+00
2.193497398899999951e+01	4.223775169099999971e+01	4.790047176600000256e+01	2.193497398899999951e+01	3.404924463500000087e+01	3.893890793100000280e+01	2.183748737999999801e+00
2.270843949900000069e+01	4.376234927099999794e+01	4.807474263999999664e+01	2.270843949900000069e+01	3.490287225499999835e+01	4.544701128300000192e+01	2.117042989000000208e+00
2.350917875500000065e+01	4.528762298200000203e+01	4.820081929399999865e+01	2.350917875500000065e+01	4.372137991000000312e+01	5.016018601100000041e+01	2.050297877000000213e+00
2.433815347499999859e+01	4.680988993700000123e+01	4.827895009099999868e+01	2.433815347499999859e+01	5.197898505999999941e+01	4.318018960199999867e+01	1.983673500000000089e+00
2.519635929300000043e+01	4.832549264000000022e+01	4.830970532199999923e+01	2.519635929300000043e+01	4.831681231499999996e+01	3.717746576799999758e+01	1.917328799999999944e+00
2.608482694799999990e+01	4.983083330400000222e+01	4.829397168700000265e+01	2.608482694799999990e+01	4.515443146700000199e+01	4.021112833699999811e+01	1.851420053000000010e+00
2.700462352399999943e+01	5.132240725799999836e+01	4.823294231300000234e+01	2.700462352399999943e+01	4.933768897099999862e+01	4.399626109199999746e+01	1.786099416000000106e+00
2.795685373499999926e+01	5.279683420100000291e+01	4.812810251700000208e+01	2.795685373499999926e+01	5.447239382000000063e+01	4.081037203599999685e+01	1.721513550000000059e+00
2.894266124700000020e+01	5.425088712400000190e+01	4.798121201000000013e+01	2.894266124700000020e+01	5.350320859100000348e+01	3.727538785099999785e+01	1.657802355999999921e+00
2.996323005500000036e+01	5.568151825999999716e+01	4.779428351199999980e+01	2.996323005500000036e+01	5.315443012600000117e+01	3.760128654100000034e+01	1.595097838999999906e+00
3.101978590099999877e+01	5.708588148999999845e+01	4.756955885299999665e+01	3.101978590099999877e+01	5.316574090699999999e+01	3.685552257100000162e+01	1.533523119999999906e+00
3.211359775300000052e+01	5.846135128600000286e+01	4.730948266299999716e+01	3.211359775300000052e+01	5.309423299400000218e+01	3.769716901900000039e+01	1.473191606000000098e+00
3.324597932300000025e+01	5.980553754400000344e+01	4.701667471599999715e+01	3.324597932300000025e+01	5.495073565700000273e+01	3.979765091899999874e+01	1.414206338999999923e+00
3.441829064499999902e+01	6.111629659500000145e+01	4.669390111300000257e+01	3.441829064499999902e+01	5.705216840300000314e+01	3.832911153100000234e+01	1.356659504000000016e+00
3.563193971199999766e+01	6.239173817300000024e+01	4.634404521199999749e+01	3.563193971199999766e+01	5.866275787699999711e+01	3.835087458200000299e+01	1.300632118000000004e+00
3.688838416699999811e+01	6.363022861599999658e+01	4.597007890399999752e+01	3.688838416699999811e+01	6.034738326699999789e+01	3.805477838099999843e+01	1.246193888000000083e+00
3.818913304800000219e+01	6.483039038299999390e+01	4.557503442099999802e+01	3.818913304800000219e+01	6.148753688400000073e+01	3.541377985999999822e+01	1.193403221999999930e+00
3.953574860700000215e+01	6.599109822600000541e+01	4.516197747599999701e+01	3.953574860700000215e+01	6.210358380800000333e+01	3.533455706299999832e+01	1.142307382000000038e+00
4.092984818499999733e+01	6.711147239599999637e+01	4.473398211399999980e+01	4.092984818499999733e+01	6.270461691700000273e+01	3.438012525900000327e+01	1.092942781000000085e+00
4.237310614900000161e+01	6.819086908799999946e+01	4.429410725200000343e+01	4.237310614900000161e+01	6.277614355600000096e+01	3.351237324800000295e+01	1.045335386000000089e+00
4.386725590999999724e+01	6.922886871299999711e+01	4.384537562199999883e+01	4.386725590999999724e+01	6.314113055600000024e+01	3.284612446799999930e+01	9.995012159999999701e-01
4.541409200399999690e+01	7.022526226899999813e+01	4.339075495699999863e+01	4.541409200399999690e+01	6.310694558000000143e+01	3.263651959900000321e+01	9.554469340000000255e-01
4.701547224000000114e+01	7.118003628099999958e+01	4.293314155099999851e+01	4.701547224000000114e+01	6.352154761300000274e+01	3.315924486899999835e+01	9.131704840000000045e-01
4.867331994199999912e+01	7.209335673299999314e+01	4.247534649400000006e+01	4.867331994199999912e+01	6.501582222199999705e+01	3.344509190200000148e+01	8.726617899999999928e-01
5.038962625100000281e+01	7.296555215499999747e+01	4.202008409799999811e+01	5.038962625100000281e+01	6.679511954199999479e+01	3.228688085999999657e+01	8.339034680000000366e-01
5.216645251900000346e+01	7.379709650799999565e+01	4.156996296500000199e+01	5.216645251900000346e+01	6.693416953400000580e+01	3.015876990900000010e+01	7.968715709999999453e-01
5.400593278499999883e+01	7.458859197399999630e+01	4.112747911200000317e+01	5.400593278499999883e+01	6.533990523299999609e+01	2.935648698099999976e+01	7.615363160000000464e-01
5.591027634099999943e+01	7.534075187599999879e+01	4.069501129399999684e+01	5.591027634099999943e+01	6.421900761199999863e+01	3.088108787399999855e+01	7.278628179999999670e-01
