1.000000000000000021e-02	1.140300000000000077e-05	3.091007100000000077e-02	1.000000000000000021e-02	1.366103100000000056e-02	-5.821442000000000283e-02	3.091007097999999953e+00
1.035261699999999972e-02	1.222100000000000039e-05	3.200001400000000024e-02	1.035261699999999972e-02	1.043687400000000050e-02	-5.898629600000000056e-02	3.091007067000000053e+00
1.071766900000000085e-02	1.309800000000000063e-05	3.312839000000000061e-02	1.071766900000000085e-02	7.035602999999999649e-03	-5.966046700000000175e-02	3.091007032999999904e+00
1.109559300000000082e-02	1.403800000000000010e-05	3.429655399999999993e-02	1.109559300000000082e-02	3.451665999999999936e-03	-6.022244899999999734e-02	3.091006997000000034e+00
1.148684300000000005e-02	1.504599999999999960e-05	3.550591000000000164e-02	1.148684300000000005e-02	-3.200060000000000122e-04	-6.065647799999999978e-02	3.091006957999999916e+00
1.189188899999999924e-02	1.612499999999999893e-05	3.675790999999999781e-02	1.189188899999999924e-02	-4.283875000000000356e-03	-6.094543899999999709e-02	3.091006915999999993e+00
1.231121699999999930e-02	1.728300000000000038e-05	3.805405800000000172e-02	1.231121699999999930e-02	-8.443653000000000616e-03	-6.107081300000000157e-02	3.091006871999999905e+00
1.274533299999999932e-02	1.852299999999999867e-05	3.939590999999999926e-02	1.274533299999999932e-02	-1.280213399999999974e-02	-6.101262400000000141e-02	3.091006823999999931e+00
1.319475500000000072e-02	1.985199999999999899e-05	4.078507800000000239e-02	1.319475500000000072e-02	-1.736101799999999890e-02	-6.074939499999999770e-02	3.091006773000000152e+00
1.366002499999999925e-02	2.127699999999999974e-05	4.222323000000000048e-02	1.366002499999999925e-02	-2.212070799999999934e-02	-6.025811799999999940e-02	3.091006718000000042e+00
1.414170200000000079e-02	2.280400000000000054e-05	4.371209399999999995e-02	1.414170200000000079e-02	-2.708009000000000110e-02	-5.951423799999999709e-02	3.091006659000000045e+00
1.464036299999999999e-02	2.444099999999999859e-05	4.525345800000000335e-02	1.464036299999999999e-02	-3.223628900000000130e-02	-5.849165099999999867e-02	3.091006596000000162e+00
1.515660800000000023e-02	2.619499999999999907e-05	4.684917300000000090e-02	1.515660800000000023e-02	-3.758440500000000128e-02	-5.716273100000000135e-02	3.091006527999999864e+00
1.569105599999999837e-02	2.807500000000000140e-05	4.850115599999999666e-02	1.569105599999999837e-02	-4.311722700000000102e-02	-5.549837299999999668e-02	3.091006456000000124e+00
1.624435000000000115e-02	3.009000000000000159e-05	5.021139000000000158e-02	1.624435000000000115e-02	-4.882492199999999977e-02	-5.346807399999999738e-02	3.091006377999999888e+00
1.681715400000000082e-02	3.224900000000000244e-05	5.198193000000000258e-02	1.681715400000000082e-02	-5.469471100000000002e-02	-5.104004399999999969e-02	3.091006295000000126e+00
1.741015699999999902e-02	3.456300000000000095e-05	5.381490199999999779e-02	1.741015699999999902e-02	-6.071051300000000067e-02	-4.818135800000000052e-02	3.091006204999999785e+00
1.802406900000000020e-02	3.704399999999999973e-05	5.571250800000000086e-02	1.802406900000000020e-02	-6.685257799999999584e-02	-4.485815600000000319e-02	3.091006109999999918e+00
1.865962900000000049e-02	3.970200000000000037e-05	5.767702599999999930e-02	1.865962900000000049e-02	-7.309710499999999556e-02	-4.103589299999999690e-02	3.091006006999999833e+00
1.931760000000000074e-02	4.255200000000000188e-05	5.971081699999999937e-02	1.931760000000000074e-02	-7.941583700000000301e-02	-3.667964800000000219e-02	3.091005897000000058e+00
1.999877300000000094e-02	4.560599999999999669e-05	6.181632199999999994e-02	1.999877300000000094e-02	-8.577565800000000462e-02	-3.175450199999999695e-02	3.091005780000000147e+00
2.070396399999999831e-02	4.887800000000000196e-05	6.399607100000000159e-02	2.070396399999999831e-02	-9.213817300000000377e-02	-2.622598799999999869e-02	3.091005652999999853e+00
2.143402200000000049e-02	5.238600000000000293e-05	6.625268099999999383e-02	2.143402200000000049e-02	-9.845929600000000170e-02	-2.006062600000000154e-02	3.091005517999999785e+00
2.218982300000000088e-02	5.614600000000000081e-05	6.858886299999999991e-02	2.218982300000000088e-02	-1.046888450000000026e-01	-1.322654699999999996e-02	3.091005372999999778e+00
2.297227500000000033e-02	6.017499999999999900e-05	7.100742300000000007e-02	2.297227500000000033e-02	-1.107701420000000020e-01	-5.694222999999999993e-03	3.091005217999999832e+00
2.378231800000000021e-02	6.449399999999999610e-05	7.351126500000000619e-02	2.378231800000000021e-02	-1.166396549999999949e-01	2.562684999999999876e-03	3.091005050999999781e+00
2.462092399999999889e-02	6.912200000000000668e-05	7.610339600000000371e-02	2.462092399999999889e-02	-1.222266610000000003e-01	1.156636400000000085e-02	3.091004873000000153e+00
2.548910100000000012e-02	7.408300000000000204e-05	7.878693000000000501e-02	2.548910100000000012e-02	-1.274529719999999977e-01	2.133373100000000161e-02	3.091004681999999892e+00
2.638789100000000012e-02	7.940000000000000551e-05	8.156508899999999340e-02	2.638789100000000012e-02	-1.322327329999999912e-01	3.187516199999999855e-02	3.091004476999999806e+00
2.731837399999999944e-02	8.509800000000000415e-05	8.444121100000000213e-02	2.731837399999999944e-02	-1.364723069999999872e-01	4.319305100000000314e-02	3.091004256999999811e+00
2.828166799999999939e-02	9.120500000000000514e-05	8.741874900000000392e-02	2.828166799999999939e-02	-1.400702970000000103e-01	5.528016100000000127e-02	3.091004021999999907e+00
2.927892899999999868e-02	9.775100000000000650e-05	9.050127900000000392e-02	2.927892899999999868e-02	-1.429177209999999976e-01	6.811776899999999468e-02	3.091003768999999846e+00
3.031135500000000163e-02	1.047660000000000063e-04	9.369250399999999590e-02	3.031135500000000163e-02	-1.448984200000000000e-01	8.167355799999999333e-02	3.091003499000000154e+00
3.138018599999999741e-02	1.122849999999999998e-04	9.699625700000000239e-02	3.138018599999999741e-02	-1.458897289999999958e-01	9.589924900000000585e-02	3.091003209000000140e+00
3.248670699999999661e-02	1.203429999999999962e-04	1.004165040000000036e-01	3.248670699999999661e-02	-1.457635230000000059e-01	1.107279459999999938e-01	3.091002898000000165e+00
3.363224499999999811e-02	1.289800000000000018e-04	1.039573540000000018e-01	3.363224499999999811e-02	-1.443877480000000102e-01	1.260711780000000060e-01	3.091002565000000146e+00
3.481817599999999929e-02	1.382359999999999958e-04	1.076230600000000065e-01	3.481817599999999929e-02	-1.416285509999999914e-01	1.418156359999999949e-01	3.091002207999999918e+00
3.604592599999999897e-02	1.481569999999999979e-04	1.114180230000000049e-01	3.604592599999999897e-02	-1.373532249999999955e-01	1.578196329999999870e-01	3.091001825999999841e+00
3.731696799999999897e-02	1.587899999999999891e-04	1.153468019999999983e-01	3.731696799999999897e-02	-1.314341619999999933e-01	1.739093389999999961e-01	3.091001416000000113e+00
3.863282999999999995e-02	1.701860000000000135e-04	1.194141150000000012e-01	3.863282999999999995e-02	-1.237541030000000042e-01	1.898749200000000026e-01	3.091000977000000205e+00
3.999509100000000344e-02	1.823989999999999997e-04	1.236248459999999966e-01	3.999509100000000344e-02	-1.142130009999999946e-01	2.054667870000000118e-01	3.091000505999999870e+00
4.140538800000000130e-02	1.954899999999999867e-04	1.279840540000000138e-01	4.140538800000000130e-02	-1.027368589999999998e-01	2.203923090000000085e-01	3.091000000999999830e+00
4.286541399999999752e-02	2.095189999999999976e-04	1.324969719999999906e-01	4.286541399999999752e-02	-8.928891399999999701e-02	2.343135110000000021e-01	3.090999459999999921e+00
4.437692299999999868e-02	2.245559999999999961e-04	1.371690210000000021e-01	4.437692299999999868e-02	-7.388352300000000650e-02	2.468465519999999969e-01	3.090998880999999976e+00
4.594173099999999954e-02	2.406710000000000002e-04	1.420058120000000090e-01	4.594173099999999954e-02	-5.660293999999999742e-02	2.575640590000000119e-01	3.090998259000000026e+00
4.756171700000000335e-02	2.579430000000000069e-04	1.470131530000000075e-01	4.756171700000000335e-02	-3.761695799999999895e-02	2.660018000000000105e-01	3.090997592999999988e+00
4.923882599999999943e-02	2.764549999999999950e-04	1.521970589999999957e-01	4.923882599999999943e-02	-1.720482499999999998e-02	2.716715149999999745e-01	3.090996880000000058e+00
5.097507300000000269e-02	2.962950000000000219e-04	1.575637540000000003e-01	5.097507300000000269e-02	4.221868000000000148e-03	2.740820780000000068e-01	3.090996114999999822e+00
5.277254399999999762e-02	3.175599999999999886e-04	1.631196839999999870e-01	5.277254399999999762e-02	2.609782999999999895e-02	2.727711649999999821e-01	3.090995294999999921e+00
5.463339600000000074e-02	3.403500000000000058e-04	1.688715209999999967e-01	5.463339600000000074e-02	4.768821699999999802e-02	2.673492290000000215e-01	3.090994416000000022e+00
5.655986500000000083e-02	3.647750000000000168e-04	1.748261720000000019e-01	5.655986500000000083e-02	6.808390300000000117e-02	2.575563109999999822e-01	3.090993474999999879e+00
5.855426400000000170e-02	3.909539999999999977e-04	1.809907900000000125e-01	5.855426400000000170e-02	8.621501400000000648e-02	2.433298610000000084e-01	3.090992464999999800e+00
6.061898999999999760e-02	4.190110000000000037e-04	1.873727759999999909e-01	6.061898999999999760e-02	1.008903760000000038e-01	2.248780690000000138e-01	3.090991384000000064e+00
6.275652099999999567e-02	4.490820000000000077e-04	1.939797940000000109e-01	6.275652099999999567e-02	1.108692200000000044e-01	2.027485910000000058e-01	3.090990224000000008e+00
6.496942599999999679e-02	4.813110000000000001e-04	2.008197800000000033e-01	6.496942599999999679e-02	1.149672780000000061e-01	1.778778609999999982e-01	3.090988981999999829e+00
6.726036200000000409e-02	5.158530000000000363e-04	2.079009470000000026e-01	6.726036200000000409e-02	1.121920420000000057e-01	1.516034679999999912e-01	3.090987650000000198e+00
6.963207899999999950e-02	5.528739999999999653e-04	2.152317980000000019e-01	6.963207899999999950e-02	1.018922200000000056e-01	1.256234999999999991e-01	3.090986222999999811e+00
7.208742799999999507e-02	5.925519999999999876e-04	2.228211370000000024e-01	7.208742799999999507e-02	8.389732099999999693e-02	1.018941359999999963e-01	3.090984692999999783e+00
7.462935699999999339e-02	6.350769999999999506e-04	2.306780770000000091e-01	7.462935699999999339e-02	5.861860299999999829e-02	8.246973800000000077e-02	3.090983054000000063e+00
7.726091799999999787e-02	6.806549999999999536e-04	2.388120539999999958e-01	7.726091799999999787e-02	2.708618299999999979e-02	6.930486600000000663e-02	3.090981296999999905e+00
7.998527299999999562e-02	7.295030000000000524e-04	2.472328330000000129e-01	7.998527299999999562e-02	-9.090502999999999778e-03	6.404926199999999570e-02	3.090979412999999898e+00
8.280569399999999913e-02	7.818560000000000440e-04	2.559505280000000105e-01	8.280569399999999913e-02	-4.783395800000000281e-02	6.786950099999999875e-02	3.090977394999999905e+00
8.572556700000000252e-02	8.379670000000000087e-04	2.649756050000000029e-01	8.572556700000000252e-02	-8.676038199999999700e-02	8.132257499999999417e-02	3.090975231999999906e+00
8.874840100000000453e-02	8.981040000000000464e-04	2.743189019999999756e-01	8.874840100000000453e-02	-1.233627149999999978e-01	1.042904270000000050e-01	3.090972912999999878e+00
9.187782399999999683e-02	9.625579999999999683e-04	2.839916379999999907e-01	9.187782399999999683e-02	-1.551891629999999911e-01	1.359667950000000014e-01	3.090970428999999964e+00
9.511759699999999818e-02	1.031636999999999962e-03	2.940054260000000141e-01	9.511759699999999818e-02	-1.800049589999999922e-01	1.748760380000000114e-01	3.090967764999999812e+00
9.847161000000000108e-02	1.105672999999999942e-03	3.043722899999999898e-01	9.847161000000000108e-02	-1.959439809999999893e-01	2.189023410000000003e-01	3.090964910999999926e+00
1.019438909999999948e-01	1.185021999999999985e-03	3.151046769999999997e-01	1.019438909999999948e-01	-2.016753239999999892e-01	2.653192200000000223e-01	3.090961851999999954e+00
1.055386100000000049e-01	1.270066000000000033e-03	3.262154720000000063e-01	1.055386100000000049e-01	-1.966219100000000108e-01	3.108343960000000128e-01	3.090958572999999987e+00
1.092600860000000063e-01	1.361213000000000006e-03	3.377180160000000098e-01	1.092600860000000063e-01	-1.812645009999999945e-01	3.517043850000000083e-01	3.090955059000000116e+00
1.131127880000000058e-01	1.458901999999999985e-03	3.496261170000000140e-01	1.131127880000000058e-01	-1.575288019999999956e-01	3.840220750000000183e-01	3.090951292999999822e+00
1.171013419999999972e-01	1.563600000000000059e-03	3.619540720000000156e-01	1.171013419999999972e-01	-1.291624700000000014e-01	4.043159080000000016e-01	3.090947256999999837e+00
1.212305399999999977e-01	1.675812999999999955e-03	3.747166809999999959e-01	1.212305399999999977e-01	-1.018542179999999964e-01	4.105595870000000036e-01	3.090942930000000199e+00
1.255053409999999925e-01	1.796077999999999997e-03	3.879292639999999959e-01	1.255053409999999925e-01	-8.269384100000000404e-02	4.034820969999999840e-01	3.090938293999999864e+00
1.299308779999999997e-01	1.924972999999999962e-03	4.016076820000000214e-01	1.299308779999999997e-01	-7.862251400000000445e-02	3.876623240000000026e-01	3.090933324999999954e+00
1.345124679999999961e-01	2.063118999999999977e-03	4.157683540000000066e-01	1.345124679999999961e-01	-9.402076800000000456e-02	3.715366279999999799e-01	3.090927998999999815e+00
1.392556130000000003e-01	2.211177999999999842e-03	4.304282779999999975e-01	1.392556130000000003e-01	-1.284067220000000009e-01	3.656774609999999814e-01	3.090922291000000044e+00
1.441660090000000116e-01	2.369862999999999831e-03	4.456050489999999753e-01	1.441660090000000116e-01	-1.755939569999999950e-01	3.797373929999999786e-01	3.090916173000000100e+00
1.492495550000000060e-01	2.539935000000000109e-03	4.613168830000000109e-01	1.492495550000000060e-01	-2.248751139999999871e-01	4.194818810000000009e-01	3.090909615999999804e+00
1.545123549999999901e-01	2.722211999999999896e-03	4.775826369999999765e-01	1.545123549999999901e-01	-2.634231770000000084e-01	4.851714739999999915e-01	3.090902589000000145e+00
1.599607299999999954e-01	2.917569000000000065e-03	4.944218300000000066e-01	1.599607299999999954e-01	-2.785774109999999970e-01	5.712752709999999734e-01	3.090895057000000001e+00
1.656012249999999908e-01	3.126944999999999898e-03	5.118546710000000388e-01	1.656012249999999908e-01	-2.595314739999999842e-01	6.664184840000000332e-01	3.090886985000000031e+00
1.714406139999999912e-01	3.351345999999999839e-03	5.299020779999999986e-01	1.714406139999999912e-01	-1.994567050000000119e-01	7.525760369999999755e-01	3.090878334000000116e+00
1.774859089999999973e-01	3.591851000000000071e-03	5.485857060000000063e-01	1.774859089999999973e-01	-1.004110909999999940e-01	8.041956989999999861e-01	3.090869061999999889e+00
1.837443719999999892e-01	3.849613999999999901e-03	5.679279699999999487e-01	1.837443719999999892e-01	1.710246299999999831e-02	7.918504299999999940e-01	3.090859124000000069e+00
1.902235200000000070e-01	4.125873999999999861e-03	5.879520769999999619e-01	1.902235200000000070e-01	1.054280400000000006e-01	6.993691020000000202e-01	3.090848473999999957e+00
1.969311340000000077e-01	4.421958000000000139e-03	6.086820459999999766e-01	1.969311340000000077e-01	1.031869120000000056e-01	5.535458570000000300e-01	3.090837059000000053e+00
2.038752699999999973e-01	4.739288000000000355e-03	6.301427450000000041e-01	2.038752699999999973e-01	-1.696746000000000018e-02	4.297731450000000231e-01	3.090824824999999887e+00
2.110642679999999993e-01	5.079389999999999600e-03	6.523599110000000145e-01	2.110642679999999993e-01	-2.165725659999999941e-01	4.021100810000000081e-01	3.090811712999999905e+00
2.185067629999999927e-01	5.443896000000000152e-03	6.753601909999999986e-01	2.185067629999999927e-01	-4.244883239999999724e-01	4.942689880000000202e-01	3.090797659999999780e+00
2.262116929999999915e-01	5.834558000000000105e-03	6.991711649999999834e-01	2.262116929999999915e-01	-5.838427160000000393e-01	6.879835100000000203e-01	3.090782599000000186e+00
2.341883130000000091e-01	6.253251999999999942e-03	7.238213810000000414e-01	2.341883130000000091e-01	-6.600722639999999641e-01	9.536349269999999656e-01	3.090766456999999967e+00
2.424462019999999995e-01	6.701989000000000210e-03	7.493403939999999652e-01	2.424462019999999995e-01	-6.242233919999999880e-01	1.260973303999999962e+00	3.090749156999999858e+00
2.509952779999999883e-01	7.182924999999999727e-03	7.757587910000000031e-01	2.509952779999999883e-01	-4.392745089999999797e-01	1.562252575999999893e+00	3.090730615000000014e+00
2.598458100000000104e-01	7.698369000000000045e-03	8.031082379999999743e-01	2.598458100000000104e-01	-8.131278699999999748e-02	1.750471622000000060e+00	3.090710742999999816e+00
2.690084280000000216e-01	8.250798000000000160e-03	8.314215090000000030e-01	2.690084280000000216e-01	3.462765289999999996e-01	1.657079946000000081e+00	3.090689445999999840e+00
2.784941349999999760e-01	8.842864000000000627e-03	8.607325270000000250e-01	2.784941349999999760e-01	5.353765990000000086e-01	1.289076969999999989e+00	3.090666619999999920e+00
2.883143249999999824e-01	9.477410000000000348e-03	8.910764070000000148e-01	2.883143249999999824e-01	3.614955699999999883e-01	9.966199759999999630e-01	3.090642155999999918e+00
2.984807919999999948e-01	1.015748399999999961e-02	9.224894919999999665e-01	2.984807919999999948e-01	7.786398299999999773e-02	9.959366379999999852e-01	3.090615936999999924e+00
3.090057460000000256e-01	1.088635200000000018e-02	9.550094000000000083e-01	3.090057460000000256e-01	-9.263511500000000398e-02	1.213677961999999999e+00	3.090587837000000171e+00
3.199018279999999992e-01	1.166751299999999915e-02	9.886750659999999913e-01	3.199018279999999992e-01	-6.701685300000000123e-02	1.516215563999999905e+00	3.090557721000000146e+00
3.311821260000000211e-01	1.250471799999999974e-02	1.023526786999999993e+00	3.311821260000000211e-01	1.676659799999999922e-01	1.763185210999999919e+00	3.090525444999999927e+00
3.428601860000000112e-01	1.340198499999999994e-02	1.059606269999999961e+00	3.428601860000000112e-01	5.158655119999999705e-01	1.813442050999999999e+00	3.090490852999999927e+00
3.549500360000000243e-01	1.436362400000000018e-02	1.096956679000000046e+00	3.549500360000000243e-01	7.870877509999999466e-01	1.686124707999999917e+00	3.090453779000000178e+00
3.674661940000000238e-01	1.539424999999999995e-02	1.135622686999999909e+00	3.674661940000000238e-01	9.835792359999999679e-01	1.550790759999999935e+00	3.090414045000000165e+00
3.804236939999999789e-01	1.649880999999999917e-02	1.175650526999999945e+00	3.804236939999999789e-01	1.280792160000000068e+00	1.332294233999999911e+00	3.090371461000000153e+00
3.938380980000000253e-01	1.768260600000000002e-02	1.217088044999999896e+00	3.938380980000000253e-01	1.481300762000000049e+00	7.014412749999999752e-01	3.090325822000000056e+00
4.077255180000000090e-01	1.895131800000000172e-02	1.259984752999999902e+00	4.077255180000000090e-01	9.828025430000000284e-01	-1.048109699999999998e-02	3.090276910000000044e+00
4.221026319999999776e-01	2.031103500000000159e-02	1.304391889999999998e+00	4.221026319999999776e-01	1.748463399999999890e-01	-7.029707400000000106e-02	3.090224489000000130e+00
4.369867080000000015e-01	2.176828100000000044e-02	1.350362477000000005e+00	4.369867080000000015e-01	-3.437125340000000140e-01	2.925752360000000163e-01	3.090168307999999975e+00
4.523956230000000245e-01	2.333004799999999906e-02	1.397951377999999911e+00	4.523956230000000245e-01	-5.429013259999999619e-01	7.206866530000000104e-01	3.090108096999999887e+00
4.683478830000000204e-01	2.500382799999999878e-02	1.447215364999999920e+00	4.683478830000000204e-01	-5.514406109999999694e-01	1.037106188000000095e+00	3.090043568000000018e+00
4.848626480000000072e-01	2.679764800000000030e-02	1.498213175999999924e+00	4.848626480000000072e-01	-5.691230710000000359e-01	1.219067085000000050e+00	3.089974411000000032e+00
5.019597519999999813e-01	2.872011199999999903e-02	1.551005586000000047e+00	5.019597519999999813e-01	-6.735926589999999825e-01	1.446181275999999905e+00	3.089900293999999992e+00
5.196597299999999864e-01	3.078043899999999972e-02	1.605655475999999915e+00	5.196597299999999864e-01	-7.141851849999999446e-01	1.808539729999999901e+00	3.089820862999999918e+00
5.379838399999999909e-01	3.298850600000000077e-02	1.662227896999999954e+00	5.379838399999999909e-01	-5.877796730000000025e-01	2.203959267000000111e+00	3.089735735000000094e+00
5.569540910000000400e-01	3.535489800000000266e-02	1.720790145000000049e+00	5.569540910000000400e-01	-3.428077580000000180e-01	2.570796682000000111e+00	3.089644503999999792e+00
5.765932649999999660e-01	3.789095600000000341e-02	1.781411837000000054e+00	5.765932649999999660e-01	1.464781280000000130e-01	2.997965309000000023e+00	3.089546732000000073e+00
5.969249509999999814e-01	4.060883299999999696e-02	1.844164984000000063e+00	5.969249509999999814e-01	1.297232764999999954e+00	2.968494556000000006e+00	3.089441949999999881e+00
6.179735680000000286e-01	4.352155099999999860e-02	1.909124068999999979e+00	6.179735680000000286e-01	1.807582258999999913e+00	1.535734621000000022e+00	3.089329655999999868e+00
6.397643960000000130e-01	4.664305900000000060e-02	1.976366129000000083e+00	6.397643960000000130e-01	9.031817970000000084e-01	7.365269420000000178e-01	3.089209313000000012e+00
6.623236059999999537e-01	4.998830600000000318e-02	2.045970832000000073e+00	6.623236059999999537e-01	1.028292840000000069e-01	7.529483070000000389e-01	3.089080344000000089e+00
6.856782940000000215e-01	5.357330700000000057e-02	2.118020570000000102e+00	6.856782940000000215e-01	-4.853601659999999818e-01	1.063643823999999904e+00	3.088942131000000035e+00
7.098565079999999972e-01	5.741522100000000239e-02	2.192600533999999879e+00	7.098565079999999972e-01	-8.538095119999999927e-01	1.572692044999999927e+00	3.088794013999999866e+00
7.348872889999999991e-01	6.153242999999999907e-02	2.269798810999999805e+00	7.348872889999999991e-01	-9.799228100000000330e-01	2.162613970000000219e+00	3.088635283999999981e+00
7.608006990000000247e-01	6.594462700000000566e-02	2.349706469000000020e+00	7.608006990000000247e-01	-8.718770630000000077e-01	2.816264732000000048e+00	3.088465181000000115e+00
7.876278610000000402e-01	7.067291000000000545e-02	2.432417649000000015e+00	7.876278610000000402e-01	-2.310121780000000125e-01	3.418783803999999815e+00	3.088282892000000057e+00
8.154009960000000445e-01	7.573987999999999554e-02	2.518029659000000198e+00	8.154009960000000445e-01	6.854667909999999642e-01	3.050248405000000052e+00	3.088087545000000045e+00
8.441534600000000221e-01	8.116974799999999990e-02	2.606643071999999783e+00	8.441534600000000221e-01	6.066443759999999852e-01	2.263801201999999790e+00	3.087878207999999791e+00
8.739197859999999762e-01	8.698844699999999652e-02	2.698361816999999885e+00	8.739197859999999762e-01	-1.399791899999999929e-02	2.008241652999999793e+00	3.087653879999999962e+00
9.047357240000000189e-01	9.322375500000000537e-02	2.793293280999999961e+00	9.047357240000000189e-01	-5.679274989999999468e-01	2.306838407999999951e+00	3.087413490999999954e+00
9.366382869999999583e-01	9.990542600000000550e-02	2.891548406000000071e+00	9.366382869999999583e-01	-8.475475540000000363e-01	2.821330601000000105e+00	3.087155892999999818e+00
9.696657890000000002e-01	1.070653270000000018e-01	2.993241793999999789e+00	9.696657890000000002e-01	-8.288736920000000508e-01	3.470289216999999926e+00	3.086879857000000005e+00
1.003857898999999998e+00	1.147375870000000020e-01	3.098491800000000129e+00	1.003857898999999998e+00	-4.338706860000000054e-01	3.829308758999999895e+00	3.086584069000000152e+00
1.039255682999999930e+00	1.229587570000000019e-01	3.207420642000000210e+00	1.039255682999999930e+00	-2.481206400000000034e-01	3.901970272999999878e+00	3.086267118999999948e+00
1.075901653999999930e+00	1.317679760000000089e-01	3.320154499000000037e+00	1.075901653999999930e+00	-3.216019629999999907e-01	4.062351257000000437e+00	3.085927498000000213e+00
1.113839825999999977e+00	1.412071579999999993e-01	3.436823613000000055e+00	1.113839825999999977e+00	-2.194057849999999921e-01	4.629877204999999663e+00	3.085563588999999940e+00
1.153115764999999904e+00	1.513211790000000001e-01	3.557562389000000103e+00	1.153115764999999904e+00	3.227193660000000075e-01	5.178825261000000069e+00	3.085173664000000038e+00
1.193776641999999999e+00	1.621580880000000058e-01	3.682509501999999824e+00	1.193776641999999999e+00	1.521467287999999973e+00	4.925271911000000280e+00	3.084755868999999873e+00
1.235871291999999899e+00	1.737693240000000028e-01	3.811807985999999815e+00	1.235871291999999899e+00	1.560087916000000074e+00	3.837914492999999982e+00	3.084308221000000128e+00
1.279450272999999916e+00	1.862099560000000098e-01	3.945605341999999904e+00	1.279450272999999916e+00	6.956326849999999729e-01	3.522420390999999817e+00	3.083828598000000198e+00
1.324565924999999922e+00	1.995389270000000048e-01	4.084053624000000049e+00	1.324565924999999922e+00	1.346020910000000070e-01	3.961144222999999798e+00	3.083314725999999784e+00
1.371272433999999985e+00	2.138193250000000045e-01	4.227309533999999758e+00	1.371272433999999985e+00	3.775617800000000135e-02	4.706595294999999624e+00	3.082764173999999802e+00
1.419625896000000109e+00	2.291186709999999960e-01	4.375534508000000322e+00	1.419625896000000109e+00	4.007506530000000122e-01	5.237892473999999687e+00	3.082174338000000180e+00
1.469684385999999954e+00	2.455092150000000029e-01	4.528894799999999776e+00	1.469684385999999954e+00	7.540310140000000549e-01	5.357840861999999760e+00	3.081542433000000081e+00
1.521508026000000013e+00	2.630682639999999961e-01	4.687561552000000020e+00	1.521508026000000013e+00	1.004704956000000093e+00	5.556327963000000203e+00	3.080865478999999851e+00
1.575159057000000029e+00	2.818785269999999898e-01	4.851710868999999704e+00	1.575159057000000029e+00	1.577569803000000048e+00	5.673807774000000137e+00	3.080140285999999783e+00
1.630701917999999973e+00	3.020284759999999902e-01	5.021523873999999665e+00	1.630701917999999973e+00	1.921694624999999990e+00	5.187674838999999594e+00	3.079363444999999810e+00
1.688203316999999926e+00	3.236127400000000098e-01	5.197186760000000127e+00	1.688203316999999926e+00	1.560190895000000078e+00	4.963711567999999907e+00	3.078531304999999829e+00
1.747732314999999925e+00	3.467325150000000189e-01	5.378890826000000125e+00	1.747732314999999925e+00	1.413629078999999900e+00	5.349228869000000053e+00	3.077639967000000087e+00
1.809360410999999891e+00	3.714960010000000201e-01	5.566832502999999654e+00	1.809360410999999891e+00	1.823887307999999985e+00	5.510661482999999805e+00	3.076685257999999923e+00
1.873161620000000083e+00	3.980188729999999953e-01	5.761213363000000420e+00	1.873161620000000083e+00	1.870934679000000100e+00	5.197765844000000079e+00	3.075662718999999878e+00
1.939212571999999968e+00	4.264247689999999813e-01	5.962240111999999925e+00	1.939212571999999968e+00	1.740969787000000046e+00	5.308817301999999572e+00	3.074567583999999965e+00
2.007592595999999840e+00	4.568458149999999884e-01	6.170124558000000370e+00	2.007592595999999840e+00	1.962530695000000103e+00	5.263692660000000245e+00	3.073394756999999977e+00
2.078383818999999910e+00	4.894231769999999870e-01	6.385083565000000405e+00	2.078383818999999910e+00	1.743760894000000006e+00	4.887486194000000062e+00	3.072138797000000032e+00
2.151671263999999972e+00	5.243076460000000161e-01	6.607338969999999811e+00	2.151671263999999972e+00	1.331878255999999983e+00	5.037140072999999774e+00	3.070793890000000026e+00
2.227542951999999854e+00	5.616602550000000527e-01	6.837117487000000438e+00	2.227542951999999854e+00	1.129565742999999900e+00	5.188779634000000307e+00	3.069353828000000117e+00
2.306090009000000052e+00	6.016529309999999464e-01	7.074650560000000254e+00	2.306090009000000052e+00	8.609858540000000504e-01	5.536914305999999897e+00	3.067811981999999826e+00
2.387406771999999844e+00	6.444691750000000052e-01	7.320174195999999966e+00	2.387406771999999844e+00	1.078751245000000081e+00	5.812095639999999896e+00	3.066161276999999963e+00
2.471590905999999865e+00	6.903047930000000276e-01	7.573928749000000238e+00	2.471590905999999865e+00	9.387521779999999927e-01	5.541939068999999662e+00	3.064394163999999865e+00
2.558743520000000160e+00	7.393686449999999910e-01	7.836158659999999720e+00	2.558743520000000160e+00	3.689819200000000188e-01	5.595699959000000057e+00	3.062502590999999885e+00
2.648969287999999978e+00	7.918834390000000223e-01	8.107112150000000739e+00	2.648969287999999978e+00	-3.018207150000000172e-01	6.004104694999999658e+00	3.060477971000000075e+00
2.742376573000000040e+00	8.480865659999999862e-01	8.387040856000000488e+00	2.742376573000000040e+00	-8.756290979999999946e-01	6.902098213000000371e+00	3.058311151999999922e+00
2.839077563000000026e+00	9.082309650000000012e-01	8.676199400999999867e+00	2.839077563000000026e+00	-8.518363669999999832e-01	8.192242690000000493e+00	3.055992380999999813e+00
2.939188398999999841e+00	9.725860240000000490e-01	8.974844906999999594e+00	2.939188398999999841e+00	1.808053380000000099e-01	9.164132093999999285e+00	3.053511272000000165e+00
3.042829316999999811e+00	1.041438520000000034e+00	9.283236420999999794e+00	3.042829316999999811e+00	1.170042134000000011e+00	8.600358604000000184e+00	3.050856769000000135e+00
3.150124796000000060e+00	1.115093587999999913e+00	9.601634267999999750e+00	3.150124796000000060e+00	7.167018990000000311e-01	7.775446329000000212e+00	3.048017107000000170e+00
3.261203699999999817e+00	1.193875728999999941e+00	9.930299309000000463e+00	3.261203699999999817e+00	-4.899427860000000190e-01	7.858213015999999662e+00	3.044979774999999833e+00
3.376199440999999801e+00	1.278129838999999990e+00	1.026949210299999926e+01	3.376199440999999801e+00	-1.778889549999999931e+00	8.895872752000000716e+00	3.041731474000000102e+00
3.495250132999999870e+00	1.368222263999999910e+00	1.061947195900000018e+01	3.495250132999999870e+00	-2.558622739000000035e+00	1.117761355999999928e+01	3.038258080999999944e+00
3.618498760000000036e+00	1.464541883000000100e+00	1.098049587100000046e+01	3.618498760000000036e+00	-9.235489249999999650e-01	1.418083404599999930e+01	3.034544599999999814e+00
3.746093349000000128e+00	1.567501196000000041e+00	1.135281733000000060e+01	3.746093349000000128e+00	2.443399921999999780e+00	1.362122204099999934e+01	3.030575128000000174e+00
3.878187146000000141e+00	1.677537427000000081e+00	1.173668498900000046e+01	3.878187146000000141e+00	2.328538930000000118e+00	1.202432565300000000e+01	3.026332807000000180e+00
4.014938800999999557e+00	1.795113627000000101e+00	1.213234119300000025e+01	4.014938800999999557e+00	1.453871769000000036e+00	1.186071744500000058e+01	3.021799781999999990e+00
4.156512558000000190e+00	1.920719760999999970e+00	1.254002033099999913e+01	4.156512558000000190e+00	8.587458180000000496e-01	1.278569179099999964e+01	3.016957162000000192e+00
4.303078454000000441e+00	2.054873783000000120e+00	1.295994703500000078e+01	4.303078454000000441e+00	1.261244596999999912e+00	1.458052267999999962e+01	3.011784974999999864e+00
4.454812518999999860e+00	2.198122672000000222e+00	1.339233417900000056e+01	4.454812518999999860e+00	3.407865340999999937e+00	1.527396620100000035e+01	3.006262131999999809e+00
4.611896992000000139e+00	2.351043412000000110e+00	1.383738069700000040e+01	4.611896992000000139e+00	4.540818773999999891e+00	1.324248119299999971e+01	3.000366382999999804e+00
4.774520539000000063e+00	2.514243919000000105e+00	1.429526918400000035e+01	4.774520539000000063e+00	3.207392195000000168e+00	1.202420646300000051e+01	2.994074288000000195e+00
4.942878474999999661e+00	2.688363868000000156e+00	1.476616328599999939e+01	4.942878474999999661e+00	1.546600835000000007e+00	1.238336778799999927e+01	2.987361181999999893e+00
5.117173006999999885e+00	2.874075411000000191e+00	1.525020486000000020e+01	5.117173006999999885e+00	8.845901600000000142e-02	1.385584245299999928e+01	2.980201146000000190e+00
5.297613468999999853e+00	3.072083765999999994e+00	1.574751089999999998e+01	5.297613468999999853e+00	-2.217426489999999861e-01	1.630307972499999991e+01	2.972566985999999911e+00
5.484416576000000099e+00	3.283127627999999909e+00	1.625817021399999973e+01	5.484416576000000099e+00	9.585795860000000390e-01	1.839628695300000061e+01	2.964430215999999785e+00
5.677806688000000435e+00	3.507979392000000196e+00	1.678223986100000076e+01	5.677806688000000435e+00	2.437719158000000164e+00	1.912455551100000051e+01	2.955761051000000084e+00
5.878016072000000314e+00	3.747445139999999952e+00	1.731974132299999880e+01	5.878016072000000314e+00	3.293979122000000093e+00	1.950387025799999918e+01	2.946528405000000017e+00
6.085285189999999567e+00	4.002364348999999599e+00	1.787065643900000111e+01	6.085285189999999567e+00	4.065962201999999692e+00	2.000781014300000038e+01	2.936699905000000221e+00
6.299862978000000169e+00	4.273609291999999726e+00	1.843492307900000071e+01	6.299862978000000169e+00	4.785949862999999915e+00	2.032958344800000106e+01	2.926241910999999973e+00
6.522007154999999834e+00	4.562084074999999572e+00	1.901243058500000060e+01	6.522007154999999834e+00	5.523608558000000279e+00	2.076834356000000170e+01	2.915119553999999891e+00
6.751984522999999960e+00	4.868723261000000413e+00	1.960301498700000167e+01	6.751984522999999960e+00	6.357007100999999771e+00	2.053256247999999928e+01	2.903296789000000100e+00
6.990071294999999907e+00	5.194490036999999560e+00	2.020645400900000155e+01	6.990071294999999907e+00	6.000991114999999709e+00	1.990045497999999924e+01	2.890736468000000059e+00
7.236553423000000151e+00	5.540373857999999707e+00	2.082246189900000033e+01	7.236553423000000151e+00	4.498380394999999865e+00	2.089348239999999990e+01	2.877400425999999900e+00
7.491726940999999584e+00	5.907387529000000193e+00	2.145068412399999858e+01	7.491726940999999584e+00	4.509768395000000041e+00	2.375397993600000035e+01	2.863249594000000009e+00
7.755898323000000261e+00	6.296563650999999595e+00	2.209069195700000066e+01	7.755898323000000261e+00	6.938167334000000075e+00	2.552139889000000039e+01	2.848244140999999896e+00
8.029384849999999574e+00	6.708950384000000433e+00	2.274197703000000104e+01	8.029384849999999574e+00	7.779480429999999558e+00	2.587263018399999837e+01	2.832343630000000001e+00
8.312514990000000381e+00	7.145606474000000041e+00	2.340394591000000091e+01	8.312514990000000381e+00	9.884242040000000173e+00	2.837378084999999928e+01	2.815507213000000064e+00
8.605628792999999277e+00	7.607595480999999715e+00	2.407591478100000160e+01	8.605628792999999277e+00	1.534779885100000030e+01	2.642879918399999895e+01	2.797693853999999813e+00
8.909078300999999200e+00	8.095979184999999134e+00	2.475710431199999917e+01	8.909078300999999200e+00	1.383571322000000059e+01	2.276456885700000043e+01	2.778862580000000193e+00
9.223227968999999860e+00	8.611810100999999662e+00	2.544663483100000079e+01	9.223227968999999860e+00	1.284076134000000025e+01	2.201924706999999870e+01	2.758972770999999824e+00
9.548455103000000221e+00	9.156123095999999961e+00	2.614352191500000089e+01	9.548455103000000221e+00	1.014934418400000027e+01	2.239331583099999889e+01	2.737984484000000052e+00
9.885150314000000549e+00	9.729926090999999388e+00	2.684667251999999849e+01	9.885150314000000549e+00	9.424088433999999737e+00	2.547090654300000168e+01	2.715858804999999876e+00
1.023371798600000027e+01	1.033418983500000010e+01	2.755488180100000051e+01	1.023371798600000027e+01	1.139373004399999978e+01	2.878729513400000073e+01	2.692558250999999903e+00
1.059457676399999926e+01	1.096983677999999962e+01	2.826683077699999913e+01	1.059457676399999926e+01	1.529550293099999969e+01	2.876519214600000041e+01	2.668047190999999874e+00
1.096816005300000008e+01	1.163772909400000088e+01	2.898108499099999946e+01	1.096816005300000008e+01	1.642077185899999847e+01	2.606669072100000051e+01	2.642292313000000004e+00
1.135491654099999970e+01	1.233865588399999957e+01	2.969609435199999936e+01	1.135491654099999970e+01	1.505575851100000051e+01	2.497126575700000117e+01	2.615263109999999891e+00
1.175531073900000045e+01	1.307331970699999957e+01	3.041019430300000082e+01	1.175531073900000045e+01	1.391065235399999978e+01	2.565204390399999923e+01	2.586932406999999934e+00
1.216982353600000089e+01	1.384232251999999974e+01	3.112160851899999869e+01	1.216982353600000089e+01	1.337999403000000065e+01	2.683916979099999978e+01	2.557276893000000051e+00
1.259895277799999924e+01	1.464615120200000042e+01	3.182845325999999986e+01	1.259895277799999924e+01	1.279004070300000073e+01	2.820234374200000005e+01	2.526277685000000162e+00
1.304321386700000041e+01	1.548516285700000061e+01	3.252874355699999853e+01	1.304321386700000041e+01	1.249556543799999986e+01	3.087577971099999985e+01	2.493920891999999778e+00
1.350314037899999953e+01	1.635957011700000052e+01	3.322040134299999892e+01	1.350314037899999953e+01	1.453409288699999991e+01	3.426697817600000207e+01	2.460198177000000097e+00
1.397928470299999937e+01	1.726942670900000110e+01	3.390126563900000178e+01	1.397928470299999937e+01	1.796912562099999988e+01	3.494590742799999816e+01	2.425107317999999790e+00
1.447221870699999968e+01	1.821461357800000158e+01	3.456910486799999660e+01	1.447221870699999968e+01	1.919034874400000135e+01	3.452234236799999678e+01	2.388652739999999941e+00
1.498253442699999916e+01	1.919482587499999937e+01	3.522163130100000217e+01	1.498253442699999916e+01	2.035324414300000129e+01	3.631073648099999929e+01	2.350846011999999874e+00
1.551084477000000028e+01	2.020956116800000046e+01	3.585651764400000019e+01	1.551084477000000028e+01	2.481579773400000022e+01	3.630719540900000197e+01	2.311706304999999961e+00
1.605778425800000164e+01	2.125810920099999990e+01	3.647141565900000160e+01	1.605778425800000164e+01	2.683860685100000154e+01	3.325002250800000070e+01	2.271260783999999866e+00
1.662400978899999870e+01	2.233954357900000076e+01	3.706397669100000059e+01	1.662400978899999870e+01	2.550336018599999832e+01	3.248964148799999663e+01	2.229544927000000065e+00
1.721020142200000080e+01	2.345271571500000007e+01	3.763187389699999841e+01	1.721020142200000080e+01	2.520430005800000117e+01	3.247592657199999877e+01	2.186602757999999813e+00
1.781706319499999935e+01	2.459625136700000070e+01	3.817282589999999942e+01	1.781706319499999935e+01	2.595162126199999975e+01	3.322036607799999786e+01	2.142486979000000069e+00
1.844532397600000095e+01	2.576855005499999862e+01	3.868462153600000164e+01	1.844532397600000095e+01	2.604163179200000044e+01	3.330674925900000005e+01	2.097258989999999823e+00
1.909573832899999957e+01	2.696778761399999880e+01	3.916514529399999844e+01	1.909573832899999957e+01	2.620388444099999958e+01	3.411765101299999969e+01	2.050988792000000061e+00
1.976908742799999885e+01	2.819192204699999849e+01	3.961240300000000047e+01	1.976908742799999885e+01	2.699333648300000021e+01	3.625683713899999816e+01	2.003754757999999914e+00
2.046617999400000087e+01	2.943870281299999903e+01	4.002454724999999769e+01	2.046617999400000087e+01	2.924644131299999827e+01	3.661793299800000057e+01	1.955643274000000043e+00
2.118785326100000077e+01	3.070568356400000098e+01	4.039990206499999914e+01	2.118785326100000077e+01	3.082940044800000123e+01	3.591436437800000192e+01	1.906748246999999896e+00
2.193497398899999951e+01	3.199023826499999856e+01	4.073698623100000304e+01	2.193497398899999951e+01	3.164875396400000085e+01	3.556022341500000294e+01	1.857170482999999983e+00
2.270843949900000069e+01	3.328958055100000024e+01	4.103453478400000165e+01	2.270843949900000069e+01	3.214569554500000237e+01	3.570481947500000075e+01	1.807016936999999990e+00
2.350917875500000065e+01	3.460078605199999657e+01	4.129151812700000335e+01	2.350917875500000065e+01	3.322505990100000162e+01	3.595701694400000292e+01	1.756399854000000094e+00
2.433815347499999859e+01	3.592081734899999645e+01	4.150715830600000089e+01	2.433815347499999859e+01	3.402082762300000240e+01	3.547205351800000273e+01	1.705435803000000083e+00
2.519635929300000043e+01	3.724655112199999962e+01	4.168094202999999709e+01	2.519635929300000043e+01	3.376275305400000093e+01	3.535916037700000203e+01	1.654244628999999911e+00
2.608482694799999990e+01	3.857480698799999885e+01	4.181263009199999914e+01	2.608482694799999990e+01	3.351538296500000058e+01	3.675526360199999942e+01	1.602948341000000054e+00
2.700462352399999943e+01	3.990237746399999708e+01	4.190226295699999781e+01	2.700462352399999943e+01	3.497153205400000076e+01	3.865432602399999951e+01	1.551669954999999934e+00
2.795685373499999926e+01	4.122605845599999697e+01	4.195016235800000004e+01	2.795685373499999926e+01	3.724476826600000123e+01	3.910435713100000044e+01	1.500532312000000035e+00
2.894266124700000020e+01	4.254267964999999663e+01	4.195692886900000218e+01	2.894266124700000020e+01	3.865611463199999775e+01	3.849753423899999660e+01	1.449656910000000076e+00
2.996323005500000036e+01	4.384913419200000106e+01	4.192343551999999818e+01	2.996323005500000036e+01	3.913639435099999986e+01	3.867932932699999782e+01	1.399162755000000091e+00
3.101978590099999877e+01	4.514240706500000044e+01	4.185081763899999885e+01	3.101978590099999877e+01	3.991142267099999685e+01	3.911286312800000076e+01	1.349165264000000031e+00
3.211359775300000052e+01	4.641960161099999738e+01	4.174045918400000232e+01	3.211359775300000052e+01	4.095790184300000192e+01	4.031540779899999905e+01	1.299775238999999916e+00
3.324597932300000025e+01	4.767796371200000038e+01	4.159397594400000031e+01	3.324597932300000025e+01	4.375387422099999668e+01	4.084592333700000211e+01	1.251097931000000107e+00
3.441829064499999902e+01	4.891490323099999671e+01	4.141319602000000089e+01	3.441829064499999902e+01	4.565984693800000116e+01	4.034317103000000060e+01	1.203232212999999939e+00
3.563193971199999766e+01	5.012801237400000076e+01	4.120013809299999963e+01	3.563193971199999766e+01	4.713280647799999912e+01	3.845263970300000267e+01	1.156269863999999981e+00
3.688838416699999811e+01	5.131508076200000090e+01	4.095698799899999898e+01	3.688838416699999811e+01	4.711075396500000068e+01	3.786951067500000079e+01	1.110294985999999984e+00
3.818913304800000219e+01	5.247410707299999899e+01	4.068607414099999886e+01	3.818913304800000219e+01	4.726306670099999963e+01	3.806515837300000271e+01	1.065383549999999957e+00
3.953574860700000215e+01	5.360330721300000079e+01	4.038984228799999698e+01	3.953574860700000215e+01	4.763964837299999999e+01	3.914803428500000138e+01	1.021603073000000084e+00
4.092984818499999733e+01	5.470111908799999867e+01	4.007083027499999872e+01	4.092984818499999733e+01	4.979868635900000129e+01	3.905619766000000226e+01	9.790124340000000425e-01
4.237310614900000161e+01	5.576620408000000140e+01	3.973164308100000142e+01	4.237310614900000161e+01	5.095795698100000237e+01	3.815168725099999847e+01	9.376618020000000442e-01
4.386725590999999724e+01	5.679744546100000235e+01	3.937492873699999762e+01	4.386725590999999724e+01	5.063991418500000208e+01	3.765519996199999753e+01	8.975927009999999928e-01
4.541409200399999690e+01	5.779394398000000166e+01	3.900335542599999883e+01	4.541409200399999690e+01	5.086954136399999982e+01	3.900498985699999821e+01	8.588381649999999867e-01
4.701547224000000114e+01	5.875501094199999841e+01	3.861959010799999703e+01	4.701547224000000114e+01	5.281512452999999851e+01	4.037949650699999893e+01	8.214229969999999881e-01
4.867331994199999912e+01	5.968015910399999768e+01	3.822627891900000208e+01	4.867331994199999912e+01	5.555968214199999977e+01	4.007158814600000341e+01	7.853641169999999727e-01
5.038962625100000281e+01	6.056909173599999718e+01	3.782602951900000221e+01	5.038962625100000281e+01	5.714167884300000111e+01	3.863074370599999696e+01	7.506709679999999940e-01
5.216645251900000346e+01	6.142169021499999815e+01	3.742139553500000204e+01	5.216645251900000346e+01	5.796572450000000032e+01	3.763384672499999795e+01	7.173459899999999889e-01
5.400593278499999883e+01	6.223800047400000324e+01	3.701486313299999864e+01	5.400593278499999883e+01	5.872628021599999926e+01	3.639320971099999724e+01	6.853851279999999546e-01
5.591027634099999943e+01	6.301821866600000277e+01	3.660883975600000184e+01	5.591027634099999943e+01	5.832739019099999922e+01	3.511644795200000146e+01	6.547783729999999691e-01
