1.000000000000000021e-02	8.202299999999999717e-05	4.577520399999999989e-02	1.000000000000000021e-02	3.732868599999999981e-02	-9.530707700000000393e-02	4.577520383999999609e+00
1.035261699999999972e-02	8.790900000000000146e-05	4.738927799999999996e-02	1.035261699999999972e-02	3.210156299999999963e-02	-9.662523400000000429e-02	4.577516574999999754e+00
1.071766900000000085e-02	9.421799999999999815e-05	4.906026299999999979e-02	1.071766900000000085e-02	2.658142800000000069e-02	-9.778628899999999846e-02	4.577512493999999599e+00
1.109559300000000082e-02	1.009789999999999966e-04	5.079016499999999823e-02	1.109559300000000082e-02	2.075847700000000087e-02	-9.876599699999999427e-02	4.577508118999999986e+00
1.148684300000000005e-02	1.082250000000000014e-04	5.258106099999999838e-02	1.148684300000000005e-02	1.462365600000000050e-02	-9.953783400000000559e-02	4.577503431000000234e+00
1.189188899999999924e-02	1.159919999999999967e-04	5.443510199999999910e-02	1.189188899999999924e-02	8.168889000000000358e-03	-1.000728619999999985e-01	4.577498406000000131e+00
1.231121699999999930e-02	1.243150000000000049e-04	5.635451200000000244e-02	1.231121699999999930e-02	1.387339999999999927e-03	-1.003396010000000005e-01	4.577493021000000439e+00
1.274533299999999932e-02	1.332360000000000098e-04	5.834159700000000198e-02	1.274533299999999932e-02	-5.726298999999999799e-03	-1.003039149999999935e-01	4.577487249999999896e+00
1.319475500000000072e-02	1.427979999999999972e-04	6.039874199999999832e-02	1.319475500000000072e-02	-1.317547099999999936e-02	-9.992890200000000001e-02	4.577481063999999655e+00
1.366002499999999925e-02	1.530450000000000094e-04	6.252841700000000280e-02	1.366002499999999925e-02	-2.096137899999999873e-02	-9.917481200000000108e-02	4.577474435000000064e+00
1.414170200000000079e-02	1.640269999999999933e-04	6.473317800000000233e-02	1.414170200000000079e-02	-2.908256500000000119e-02	-9.799898399999999732e-02	4.577467330000000167e+00
1.464036299999999999e-02	1.757980000000000133e-04	6.701567099999999888e-02	1.464036299999999999e-02	-3.753444300000000067e-02	-9.635581699999999639e-02	4.577459714999999818e+00
1.515660800000000023e-02	1.884129999999999865e-04	6.937863700000000688e-02	1.515660800000000023e-02	-4.630878000000000078e-02	-9.419677599999999595e-02	4.577451553000000395e+00
1.569105599999999837e-02	2.019330000000000062e-04	7.182491200000000464e-02	1.569105599999999837e-02	-5.539312500000000139e-02	-9.147045800000000448e-02	4.577442805999999642e+00
1.624435000000000115e-02	2.164230000000000114e-04	7.435743100000000161e-02	1.624435000000000115e-02	-6.477018700000000684e-02	-8.812270699999999457e-02	4.577433432000000302e+00
1.681715400000000082e-02	2.319529999999999932e-04	7.697923499999999308e-02	1.681715400000000082e-02	-7.441715699999999767e-02	-8.409680899999999459e-02	4.577423385000000344e+00
1.741015699999999902e-02	2.485969999999999781e-04	7.969347000000000236e-02	1.741015699999999902e-02	-8.430498000000000158e-02	-7.933376699999999948e-02	4.577412618000000322e+00
1.802406900000000020e-02	2.664349999999999791e-04	8.250339299999999432e-02	1.802406900000000020e-02	-9.439758099999999430e-02	-7.377268900000000240e-02	4.577401077000000207e+00
1.865962900000000049e-02	2.855530000000000221e-04	8.541237599999999819e-02	1.865962900000000049e-02	-1.046510400000000007e-01	-6.735128299999999790e-02	4.577388709000000055e+00
1.931760000000000074e-02	3.060420000000000219e-04	8.842390999999999446e-02	1.931760000000000074e-02	-1.150127380000000032e-01	-6.000650400000000217e-02	4.577375454000000232e+00
1.999877300000000094e-02	3.280019999999999811e-04	9.154160699999999706e-02	1.999877300000000094e-02	-1.254204760000000030e-01	-5.167534599999999700e-02	4.577361247999999883e+00
2.070396399999999831e-02	3.515360000000000034e-04	9.476920899999999315e-02	2.070396399999999831e-02	-1.358015780000000061e-01	-4.229583299999999796e-02	4.577346022999999597e+00
2.143402200000000049e-02	3.767590000000000023e-04	9.811058699999999910e-02	2.143402200000000049e-02	-1.460720130000000005e-01	-3.180820300000000017e-02	4.577329705000000359e+00
2.218982300000000088e-02	4.037910000000000240e-04	1.015697500000000003e-01	2.218982300000000088e-02	-1.561355399999999893e-01	-2.015633099999999955e-02	4.577312218000000321e+00
2.297227500000000033e-02	4.327620000000000013e-04	1.051508460000000061e-01	2.297227500000000033e-02	-1.658829249999999866e-01	-7.289406000000000010e-03	4.577293476000000361e+00
2.378231800000000021e-02	4.638120000000000242e-04	1.088581710000000036e-01	2.378231800000000021e-02	-1.751912559999999897e-01	6.836102000000000151e-03	4.577273390000000219e+00
2.462092399999999889e-02	4.970880000000000220e-04	1.126961699999999983e-01	2.462092399999999889e-02	-1.839234190000000047e-01	2.225417799999999946e-02	4.577251863999999948e+00
2.548910100000000012e-02	5.327510000000000362e-04	1.166694459999999961e-01	2.548910100000000012e-02	-1.919277679999999986e-01	3.898664799999999875e-02	4.577228792999999740e+00
2.638789100000000012e-02	5.709709999999999785e-04	1.207827620000000018e-01	2.638789100000000012e-02	-1.990380939999999987e-01	5.704022999999999732e-02	4.577204069000000430e+00
2.731837399999999944e-02	6.119330000000000516e-04	1.250410499999999869e-01	2.731837399999999944e-02	-2.050739480000000059e-01	7.640320500000000181e-02	4.577177571000000000e+00
2.828166799999999939e-02	6.558319999999999645e-04	1.294494120000000137e-01	2.828166799999999939e-02	-2.098414339999999934e-01	9.704172099999999745e-02	4.577149173999999654e+00
2.927892899999999868e-02	7.028790000000000038e-04	1.340131340000000060e-01	2.927892899999999868e-02	-2.131345910000000121e-01	1.188957310000000045e-01	4.577118740999999602e+00
3.031135500000000163e-02	7.532990000000000259e-04	1.387376830000000005e-01	3.031135500000000163e-02	-2.147374950000000005e-01	1.418745899999999949e-01	4.577086126000000199e+00
3.138018599999999741e-02	8.073340000000000464e-04	1.436287189999999880e-01	3.138018599999999741e-02	-2.144272560000000105e-01	1.658523600000000042e-01	4.577051173000000084e+00
3.248670699999999661e-02	8.652430000000000234e-04	1.486921009999999932e-01	3.248670699999999661e-02	-2.119780850000000105e-01	1.906629099999999910e-01	4.577013714999999650e+00
3.363224499999999811e-02	9.273039999999999972e-04	1.539338949999999873e-01	3.363224499999999811e-02	-2.071666460000000098e-01	2.160949359999999875e-01	4.576973571999999990e+00
3.481817599999999929e-02	9.938139999999999821e-04	1.593603749999999986e-01	3.481817599999999929e-02	-1.997789130000000024e-01	2.418870939999999969e-01	4.576930552000000318e+00
3.604592599999999897e-02	1.065090000000000090e-03	1.649780379999999935e-01	3.604592599999999897e-02	-1.896187930000000077e-01	2.677235159999999947e-01	4.576884448999999577e+00
3.731696799999999897e-02	1.141475000000000085e-03	1.707936090000000129e-01	3.731696799999999897e-02	-1.765187360000000094e-01	2.932300669999999831e-01	4.576835042999999992e+00
3.863282999999999995e-02	1.223333999999999967e-03	1.768140440000000035e-01	3.863282999999999995e-02	-1.603525799999999946e-01	3.179718659999999919e-01	4.576782097999999799e+00
3.999509100000000344e-02	1.311059000000000052e-03	1.830465470000000039e-01	3.999509100000000344e-02	-1.410507930000000076e-01	3.414526869999999770e-01	4.576725360000000187e+00
4.140538800000000130e-02	1.405068999999999893e-03	1.894985710000000045e-01	4.140538800000000130e-02	-1.186181830000000020e-01	3.631171109999999924e-01	4.576664558000000049e+00
4.286541399999999752e-02	1.505814000000000067e-03	1.961778279999999985e-01	4.286541399999999752e-02	-9.315397400000000050e-02	3.823564309999999966e-01	4.576599402000000261e+00
4.437692299999999868e-02	1.613775000000000018e-03	2.030923030000000018e-01	4.437692299999999868e-02	-6.487386900000000067e-02	3.985195750000000148e-01	4.576529579999999875e+00
4.594173099999999954e-02	1.729468999999999972e-03	2.102502549999999970e-01	4.594173099999999954e-02	-3.413331700000000329e-02	4.109304549999999723e-01	4.576454759999999844e+00
4.756171700000000335e-02	1.853447000000000037e-03	2.176602330000000085e-01	4.756171700000000335e-02	-1.450647000000000004e-03	4.189132799999999990e-01	4.576374584999999939e+00
4.923882599999999943e-02	1.986302000000000120e-03	2.253310829999999876e-01	4.923882599999999943e-02	3.247201000000000254e-02	4.218273160000000077e-01	4.576288671999999558e+00
5.097507300000000269e-02	2.128667999999999793e-03	2.332719580000000015e-01	5.097507300000000269e-02	6.673295899999999448e-02	4.191122649999999838e-01	4.576196612000000385e+00
5.277254399999999762e-02	2.281224000000000099e-03	2.414923290000000056e-01	5.277254399999999762e-02	1.002243250000000030e-01	4.103447909999999865e-01	4.576097965999999850e+00
5.463339600000000074e-02	2.444696000000000109e-03	2.500019960000000041e-01	5.463339600000000074e-02	1.316394979999999937e-01	3.953054770000000162e-01	4.575992266000000086e+00
5.655986500000000083e-02	2.619864999999999867e-03	2.588110969999999900e-01	5.655986500000000083e-02	1.595003229999999994e-01	3.740536780000000006e-01	4.575879008000000248e+00
5.855426400000000170e-02	2.807562999999999899e-03	2.679301230000000200e-01	5.855426400000000170e-02	1.822098209999999940e-01	3.470052539999999852e-01	4.575757654000000230e+00
6.061898999999999760e-02	3.008682999999999844e-03	2.773699250000000172e-01	6.061898999999999760e-02	1.981353819999999988e-01	3.150051300000000221e-01	4.575627629000000418e+00
6.275652099999999567e-02	3.224182999999999823e-03	2.871417299999999839e-01	6.275652099999999567e-02	2.057250409999999974e-01	2.793835080000000026e-01	4.575488314000000223e+00
6.496942599999999679e-02	3.455086000000000008e-03	2.972571520000000245e-01	6.496942599999999679e-02	2.036554509999999873e-01	2.419819649999999933e-01	4.575339051000000268e+00
6.726036200000000409e-02	3.702486999999999966e-03	3.077282020000000062e-01	6.726036200000000409e-02	1.910044760000000064e-01	2.051346089999999955e-01	4.575179131999999704e+00
6.963207899999999950e-02	3.967560999999999657e-03	3.185673059999999945e-01	6.963207899999999950e-02	1.674346909999999966e-01	1.715908810000000007e-01	4.575007800999999930e+00
7.208742799999999507e-02	4.251564000000000211e-03	3.297873139999999981e-01	7.208742799999999507e-02	1.333676249999999897e-01	1.443711410000000084e-01	4.574824247999999649e+00
7.462935699999999339e-02	4.555838999999999896e-03	3.414015160000000160e-01	7.462935699999999339e-02	9.012416400000000660e-02	1.265538740000000106e-01	4.574627607000000040e+00
7.726091799999999787e-02	4.881825000000000227e-03	3.534236550000000032e-01	7.726091799999999787e-02	4.000565200000000265e-02	1.210028219999999960e-01	4.574416951999999981e+00
7.998527299999999562e-02	5.231063000000000206e-03	3.658679409999999743e-01	7.998527299999999562e-02	-1.370631500000000016e-02	1.300516999999999923e-01	4.574191292000000075e+00
8.280569399999999913e-02	5.605198999999999945e-03	3.787490669999999948e-01	8.280569399999999913e-02	-6.684626200000000351e-02	1.551705959999999940e-01	4.573949565999999578e+00
8.572556700000000252e-02	6.005996000000000425e-03	3.920822250000000064e-01	8.572556700000000252e-02	-1.145640589999999959e-01	1.966401859999999946e-01	4.573690638999999614e+00
8.874840100000000453e-02	6.435340000000000331e-03	4.058831159999999882e-01	8.874840100000000453e-02	-1.516278679999999990e-01	2.532575579999999937e-01	4.573413301000000430e+00
9.187782399999999683e-02	6.895245999999999841e-03	4.201679720000000007e-01	9.187782399999999683e-02	-1.728316450000000060e-01	3.220938979999999896e-01	4.573116254000000325e+00
9.511759699999999818e-02	7.387872000000000189e-03	4.349535680000000126e-01	9.511759699999999818e-02	-1.735149679999999917e-01	3.983251709999999779e-01	4.572798112000000081e+00
9.847161000000000108e-02	7.915524000000000171e-03	4.502572389999999758e-01	9.847161000000000108e-02	-1.502138349999999900e-01	4.751700950000000145e-01	4.572457394999999813e+00
1.019438909999999948e-01	8.480665999999999552e-03	4.660968999999999807e-01	1.019438909999999948e-01	-1.014662189999999964e-01	5.440026270000000164e-01	4.572092521000000076e+00
1.055386100000000049e-01	9.085934000000000371e-03	4.824910550000000020e-01	1.055386100000000049e-01	-2.877674100000000151e-02	5.947618770000000499e-01	4.571701799000000399e+00
1.092600860000000063e-01	9.734144000000000130e-03	4.994588209999999973e-01	1.092600860000000063e-01	6.232886299999999824e-02	6.168498239999999910e-01	4.571283423999999762e+00
1.131127880000000058e-01	1.042830399999999935e-02	5.170199420000000101e-01	1.131127880000000058e-01	1.613892670000000029e-01	6.007438090000000175e-01	4.570835468000000290e+00
1.171013419999999972e-01	1.117162900000000063e-02	5.351948069999999946e-01	1.171013419999999972e-01	2.527147989999999900e-01	5.404645890000000508e-01	4.570355873999999652e+00
1.212305399999999977e-01	1.196755099999999988e-02	5.540044680000000277e-01	1.212305399999999977e-01	3.164498079999999991e-01	4.367024030000000168e-01	4.569842446000000002e+00
1.255053409999999925e-01	1.281973500000000050e-02	5.734706550000000513e-01	1.255053409999999925e-01	3.317136760000000129e-01	2.997545469999999823e-01	4.569292841000000216e+00
1.299308779999999997e-01	1.373209400000000024e-02	5.936157970000000006e-01	1.299308779999999997e-01	2.819060549999999887e-01	1.507091469999999878e-01	4.568704561999999747e+00
1.345124679999999961e-01	1.470880100000000051e-02	6.144630359999999625e-01	1.345124679999999961e-01	1.609131010000000028e-01	1.920240100000000089e-02	4.568074946000000303e+00
1.392556130000000003e-01	1.575431000000000054e-02	6.360362470000000545e-01	1.392556130000000003e-01	-2.237349199999999830e-02	-6.272086100000000275e-02	4.567401153999999686e+00
1.441660090000000116e-01	1.687336899999999917e-02	6.583600539999999723e-01	1.441660090000000116e-01	-2.437524409999999864e-01	-6.891714200000000068e-02	4.566680165000000180e+00
1.492495550000000060e-01	1.807104199999999897e-02	6.814598480000000347e-01	1.492495550000000060e-01	-4.681662569999999746e-01	1.359259399999999951e-02	4.565908759000000039e+00
1.545123549999999901e-01	1.935272099999999981e-02	7.053618019999999822e-01	1.545123549999999901e-01	-6.569875710000000479e-01	1.808919700000000130e-01	4.565083511000000094e+00
1.599607299999999954e-01	2.072415500000000105e-02	7.300928890000000226e-01	1.599607299999999954e-01	-7.754564670000000381e-01	4.121081429999999823e-01	4.564200779000000097e+00
1.656012249999999908e-01	2.219145999999999966e-02	7.556808980000000453e-01	1.656012249999999908e-01	-7.990784840000000333e-01	6.714331970000000371e-01	4.563256689000000144e+00
1.714406139999999912e-01	2.376114699999999982e-02	7.821544470000000304e-01	1.714406139999999912e-01	-7.200130909999999940e-01	9.111608810000000336e-01	4.562247128000000096e+00
1.774859089999999973e-01	2.544014199999999892e-02	8.095430009999999843e-01	1.774859089999999973e-01	-5.552310240000000174e-01	1.077442806999999947e+00	4.561167724999999784e+00
1.837443719999999892e-01	2.723580600000000129e-02	8.378768829999999612e-01	1.837443719999999892e-01	-3.552065620000000035e-01	1.123931478000000039e+00	4.560013846000000370e+00
1.902235200000000070e-01	2.915596100000000107e-02	8.671872889999999723e-01	1.902235200000000070e-01	-2.036192009999999997e-01	1.037790876000000084e+00	4.558780577000000278e+00
1.969311340000000077e-01	3.120891300000000132e-02	8.975062990000000074e-01	1.969311340000000077e-01	-1.911523569999999950e-01	8.690928940000000047e-01	4.557462711000000333e+00
2.038752699999999973e-01	3.340347400000000244e-02	9.288668879999999461e-01	2.038752699999999973e-01	-3.610640929999999749e-01	7.321674289999999807e-01	4.556054738000000270e+00
2.110642679999999993e-01	3.574898800000000237e-02	9.613029370000000240e-01	2.110642679999999993e-01	-6.654697170000000161e-01	7.549813969999999985e-01	4.554550831000000244e+00
2.185067629999999927e-01	3.825535599999999731e-02	9.948492359999999701e-01	2.185067629999999927e-01	-9.789000169999999557e-01	1.009246990999999927e+00	4.552944831999999664e+00
2.262116929999999915e-01	4.093305900000000080e-02	1.029541500000000109e+00	2.262116929999999915e-01	-1.154019482999999902e+00	1.479052763999999964e+00	4.551230247000000340e+00
2.341883130000000091e-01	4.379318299999999942e-02	1.065416361999999895e+00	2.341883130000000091e-01	-1.066609321999999915e+00	2.070500259000000121e+00	4.549400226000000380e+00
2.424462019999999995e-01	4.684744400000000197e-02	1.102511387999999926e+00	2.424462019999999995e-01	-6.401358360000000136e-01	2.620262331999999805e+00	4.547447560000000166e+00
2.509952779999999883e-01	5.010820800000000130e-02	1.140865070999999897e+00	2.509952779999999883e-01	1.041450180000000059e-01	2.891608344999999858e+00	4.545364670999999746e+00
2.598458100000000104e-01	5.358851700000000218e-02	1.180516831999999905e+00	2.598458100000000104e-01	9.345803029999999456e-01	2.638616886999999966e+00	4.543143601999999781e+00
2.690084280000000216e-01	5.730210899999999691e-02	1.221507016999999973e+00	2.690084280000000216e-01	1.381547145999999948e+00	1.871782950999999917e+00	4.540776014000000416e+00
2.784941349999999760e-01	6.126343199999999961e-02	1.263876894000000028e+00	2.784941349999999760e-01	1.129727120999999945e+00	1.082061597999999902e+00	4.538253179999999887e+00
2.883143249999999824e-01	6.548767099999999730e-02	1.307668645999999990e+00	2.883143249999999824e-01	4.558932689999999899e-01	8.195100619999999836e-01	4.535565988000000104e+00
2.984807919999999948e-01	6.999075300000000277e-02	1.352925359000000105e+00	2.984807919999999948e-01	-8.294859999999999733e-02	1.146047770000000021e+00	4.532704939000000266e+00
3.090057460000000256e-01	7.478936299999999759e-02	1.399691014999999927e+00	3.090057460000000256e-01	-1.335244210000000042e-01	1.728173300999999995e+00	4.529660153000000022e+00
3.199018279999999992e-01	7.990094899999999889e-02	1.448010476000000102e+00	3.199018279999999992e-01	3.287207309999999882e-01	2.091043464999999824e+00	4.526421381999999660e+00
3.311821260000000211e-01	8.534373100000000600e-02	1.497929475000000066e+00	3.311821260000000211e-01	8.997321219999999675e-01	1.833504130999999981e+00	4.522978016999999795e+00
3.428601860000000112e-01	9.113668900000000683e-02	1.549494594000000003e+00	3.428601860000000112e-01	8.770933159999999562e-01	1.152035697999999941e+00	4.519319115000000053e+00
3.549500360000000243e-01	9.729956800000000294e-02	1.602753252000000073e+00	3.549500360000000243e-01	1.881809530000000119e-01	8.912683000000000133e-01	4.515433415000000394e+00
3.674661940000000238e-01	1.038528529999999950e-01	1.657753685999999949e+00	3.674661940000000238e-01	-4.066140429999999806e-01	1.411052740999999999e+00	4.511309373999999650e+00
3.804236939999999789e-01	1.108177570000000028e-01	1.714544939000000046e+00	3.804236939999999789e-01	-2.793107619999999902e-01	2.268186962000000140e+00	4.506935203000000278e+00
3.938380980000000253e-01	1.182161879999999998e-01	1.773176840999999948e+00	3.938380980000000253e-01	6.289431730000000220e-01	2.658779786999999839e+00	4.502298909000000293e+00
4.077255180000000090e-01	1.260707179999999983e-01	1.833699995999999999e+00	4.077255180000000090e-01	1.480505724999999995e+00	1.929804182000000035e+00	4.497388355000000004e+00
4.221026319999999776e-01	1.344045299999999943e-01	1.896165775999999914e+00	4.221026319999999776e-01	1.132715841000000001e+00	8.379386220000000218e-01	4.492191311000000020e+00
4.369867080000000015e-01	1.432413700000000067e-01	1.960626312999999898e+00	4.369867080000000015e-01	1.491485610000000128e-01	6.678891150000000332e-01	4.486695534999999957e+00
4.523956230000000245e-01	1.526054809999999873e-01	2.027134503000000088e+00	4.523956230000000245e-01	-3.903866449999999766e-01	1.174749720000000108e+00	4.480888848000000202e+00
4.683478830000000204e-01	1.625215299999999974e-01	2.095744010999999851e+00	4.683478830000000204e-01	-4.433886810000000067e-01	1.602250004000000061e+00	4.474759223999999591e+00
4.848626480000000072e-01	1.730145190000000055e-01	2.166509292999999836e+00	4.848626480000000072e-01	-4.952633490000000194e-01	1.831883847999999926e+00	4.468294891000000213e+00
5.019597519999999813e-01	1.841096979999999883e-01	2.239485626000000007e+00	5.019597519999999813e-01	-5.226313700000000395e-01	2.192582164000000056e+00	4.461484443999999883e+00
5.196597299999999864e-01	1.958324549999999886e-01	2.314729150999999874e+00	5.196597299999999864e-01	-2.276210069999999863e-01	2.398023956999999928e+00	4.454316962000000046e+00
5.379838399999999909e-01	2.082082110000000041e-01	2.392296932999999903e+00	5.379838399999999909e-01	-2.485131220000000030e-01	2.076520386999999968e+00	4.446782139999999828e+00
5.569540910000000400e-01	2.212622919999999993e-01	2.472247041000000145e+00	5.569540910000000400e-01	-1.042383550999999908e+00	2.286684918000000177e+00	4.438870426000000258e+00
5.765932649999999660e-01	2.350198129999999941e-01	2.554638649999999789e+00	5.765932649999999660e-01	-1.288709018000000039e+00	3.616739131000000107e+00	4.430573169999999728e+00
5.969249509999999814e-01	2.495055399999999979e-01	2.639532159999999905e+00	5.969249509999999814e-01	8.598593499999999945e-02	4.808164310000000441e+00	4.421882777000000431e+00
6.179735680000000286e-01	2.647437670000000187e-01	2.726989346999999952e+00	6.179735680000000286e-01	2.007786465000000131e+00	3.829816098999999863e+00	4.412792859999999706e+00
6.397643960000000130e-01	2.807581809999999956e-01	2.817073543999999874e+00	6.397643960000000130e-01	1.591730050000000007e+00	1.796148491999999930e+00	4.403298407000000303e+00
6.623236059999999537e-01	2.975717440000000269e-01	2.909849840000000132e+00	6.623236059999999537e-01	-1.616534259999999890e-01	1.438577857999999932e+00	4.393395937000000195e+00
6.856782940000000215e-01	3.152065729999999899e-01	3.005385325999999857e+00	6.856782940000000215e-01	-1.350094523999999963e+00	2.626844348000000107e+00	4.383083661999999769e+00
7.098565079999999972e-01	3.336838440000000072e-01	3.103749361999999845e+00	7.098565079999999972e-01	-9.867646709999999821e-01	4.250707821999999858e+00	4.372361631999999609e+00
7.348872889999999991e-01	3.530237090000000189e-01	3.205013876999999844e+00	7.348872889999999991e-01	3.928651770000000099e-01	4.296607947000000038e+00	4.361231884000000392e+00
7.608006990000000247e-01	3.732452359999999802e-01	3.309253711000000209e+00	7.608006990000000247e-01	-5.545022399999999935e-02	3.505157286999999844e+00	4.349698566999999905e+00
7.876278610000000402e-01	3.943663840000000143e-01	3.416546975000000153e+00	7.876278610000000402e-01	-9.188007009999999974e-01	4.535819244999999889e+00	4.337768053999999651e+00
8.154009960000000445e-01	4.164040059999999932e-01	3.526975451000000206e+00	8.154009960000000445e-01	-2.184802869999999952e-01	6.446655170999999740e+00	4.325449036000000191e+00
8.441534600000000221e-01	4.393738999999999839e-01	3.640625012000000105e+00	8.441534600000000221e-01	2.905568257000000099e+00	7.103271205000000421e+00	4.312752580999999807e+00
8.739197859999999762e-01	4.632909000000000055e-01	3.757586064999999920e+00	8.739197859999999762e-01	4.496293438000000364e+00	3.576619760999999897e+00	4.299692176999999838e+00
9.047357240000000189e-01	4.881690220000000080e-01	3.877954015999999893e+00	9.047357240000000189e-01	2.439113106999999836e+00	2.002257714000000188e+00	4.286283731000000152e+00
9.366382869999999583e-01	5.140216619999999903e-01	4.001829737000000442e+00	9.366382869999999583e-01	1.103077496000000046e+00	2.146618677000000197e+00	4.272545542999999668e+00
9.696657890000000002e-01	5.408618530000000035e-01	4.129320049999999576e+00	9.696657890000000002e-01	3.380263820000000141e-01	2.623115750000000190e+00	4.258498233000000077e+00
1.003857898999999998e+00	5.687025860000000099e-01	4.260538198999999970e+00	1.003857898999999998e+00	-3.389213269999999945e-01	3.223881731000000084e+00	4.244164639000000072e+00
1.039255682999999930e+00	5.975571929999999865e-01	4.395604312999999763e+00	1.039255682999999930e+00	-3.396910029999999914e-01	4.184415839999999776e+00	4.229569666999999811e+00
1.075901653999999930e+00	6.274397879999999983e-01	4.534645857000000113e+00	1.075901653999999930e+00	-2.920662889999999789e-01	4.531529091000000342e+00	4.214740111000000233e+00
1.113839825999999977e+00	6.583657720000000158e-01	4.677798048999999736e+00	1.113839825999999977e+00	-3.421235160000000164e-01	5.124810050999999866e+00	4.199704426000000268e+00
1.153115764999999904e+00	6.903524020000000316e-01	4.825204242999999948e+00	1.153115764999999904e+00	-2.534367730000000041e-01	6.198128041000000366e+00	4.184492477000000044e+00
1.193776641999999999e+00	7.234194059999999871e-01	4.977016275999999628e+00	1.193776641999999999e+00	9.602194720000000183e-01	7.089517855999999618e+00	4.169135248999999988e+00
1.235871291999999899e+00	7.575896579999999991e-01	5.133394757999999669e+00	1.235871291999999899e+00	3.055516059999999978e+00	6.902640190999999703e+00	4.153664537000000045e+00
1.279450272999999916e+00	7.928898850000000165e-01	5.294509310999999663e+00	1.279450272999999916e+00	3.719718585999999938e+00	4.529934141000000025e+00	4.138112611000000385e+00
1.324565924999999922e+00	8.293514239999999482e-01	5.460538749000000358e+00	1.324565924999999922e+00	2.023969972000000173e+00	2.840544003999999845e+00	4.122511869000000218e+00
1.371272433999999985e+00	8.670109990000000044e-01	5.631671192999999853e+00	1.371272433999999985e+00	2.499187579999999909e-01	3.255491242999999812e+00	4.106894481000000319e+00
1.419625896000000109e+00	9.059115269999999942e-01	5.808104121000000397e+00	1.419625896000000109e+00	-5.926203949999999665e-01	4.282381549000000120e+00	4.091292033000000217e+00
1.469684385999999954e+00	9.461029340000000065e-01	5.990044354000000126e+00	1.469684385999999954e+00	-1.113367508000000061e+00	4.863527194000000442e+00	4.075735178999999597e+00
1.521508026000000013e+00	9.876429799999999481e-01	6.177707976999999850e+00	1.521508026000000013e+00	-2.192769326000000074e+00	5.570008997000000406e+00	4.060253297000000039e+00
1.575159057000000029e+00	1.030598086999999996e+00	6.371320196000000102e+00	1.575159057000000029e+00	-3.367847890999999816e+00	7.515316138000000201e+00	4.044874177999999709e+00
1.630701917999999973e+00	1.075044157000000000e+00	6.571115135000000329e+00	1.630701917999999973e+00	-3.519624402999999901e+00	1.089820919499999974e+01	4.029623724000000351e+00
1.688203316999999926e+00	1.121067385999999999e+00	6.777335577999999749e+00	1.688203316999999926e+00	-9.681361579999999689e-01	1.529036843799999978e+01	4.014525685999999816e+00
1.747732314999999925e+00	1.168765059000000051e+00	6.990232664999999734e+00	1.747732314999999925e+00	6.316598789999999575e+00	1.682339182000000122e+01	3.999601428000000070e+00
1.809360410999999891e+00	1.218246337000000068e+00	7.210065532999999860e+00	1.809360410999999891e+00	1.147073492200000011e+01	1.055074680299999912e+01	3.984869730999999859e+00
1.873161620000000083e+00	1.269633020999999973e+00	7.437100921999999947e+00	1.873161620000000083e+00	9.474439205999999558e+00	4.703348523999999919e+00	3.970346627000000073e+00
1.939212571999999968e+00	1.323060303000000104e+00	7.671612740999999680e+00	1.939212571999999968e+00	5.579744789000000260e+00	3.003352173000000125e+00	3.956045279000000026e+00
2.007592595999999840e+00	1.378677509000000079e+00	7.913881607000000429e+00	2.007592595999999840e+00	2.905691581000000134e+00	3.960984654000000216e+00	3.941975889000000066e+00
2.078383818999999910e+00	1.436648821999999992e+00	8.164194348000000545e+00	2.078383818999999910e+00	2.101997879999999874e+00	5.403331800000000129e+00	3.928145645999999935e+00
2.151671263999999972e+00	1.497154005999999926e+00	8.422843483999999492e+00	2.151671263999999972e+00	2.126684349000000029e+00	6.149762203999999954e+00	3.914558709000000025e+00
2.227542951999999854e+00	1.560389124999999932e+00	8.690126679000000465e+00	2.227542951999999854e+00	1.837489085000000077e+00	6.314430661000000278e+00	3.901216213000000099e+00
2.306090009000000052e+00	1.626567262000000014e+00	8.966346171999999726e+00	2.306090009000000052e+00	1.255024235999999904e+00	6.427315414999999810e+00	3.888116308999999937e+00
2.387406771999999844e+00	1.695919254999999959e+00	9.251808172000000496e+00	2.387406771999999844e+00	1.820547899999999941e-01	7.395703832999999783e+00	3.875254222000000137e+00
2.471590905999999865e+00	1.768694436999999953e+00	9.546822230000000076e+00	2.471590905999999865e+00	-3.542008030000000085e-01	9.212263002000000256e+00	3.862622331999999936e+00
2.558743520000000160e+00	1.845161400999999923e+00	9.851700576000000709e+00	2.558743520000000160e+00	4.778589260000000172e-01	1.133073427000000066e+01	3.850210269000000185e+00
2.648969287999999978e+00	1.925608782999999935e+00	1.016675740900000058e+01	2.648969287999999978e+00	2.614059622000000083e+00	1.257939502800000042e+01	3.838005014000000159e+00
2.742376573000000040e+00	2.010346077999999981e+00	1.049230814300000070e+01	2.742376573000000040e+00	5.050387293000000000e+00	1.199443220899999929e+01	3.825991020000000020e+00
2.839077563000000026e+00	2.099704485999999815e+00	1.082866860100000039e+01	2.839077563000000026e+00	5.915548345999999569e+00	1.001089052000000024e+01	3.814150322000000148e+00
2.939188398999999841e+00	2.194037782000000103e+00	1.117615413400000079e+01	2.939188398999999841e+00	5.294932475000000416e+00	8.578979341000000147e+00	3.802462659000000134e+00
3.042829316999999811e+00	2.293723233000000139e+00	1.153507867100000084e+01	3.042829316999999811e+00	4.123924460999999653e+00	8.123100707000000753e+00	3.790905591000000019e+00
3.150124796000000060e+00	2.399162534999999874e+00	1.190575368200000028e+01	3.150124796000000060e+00	3.228454332000000093e+00	8.333917191999999474e+00	3.779454610000000159e+00
3.261203699999999817e+00	2.510782794999999901e+00	1.228848703100000073e+01	3.261203699999999817e+00	2.754920489999999944e+00	8.765158805000000442e+00	3.768083247999999941e+00
3.376199440999999801e+00	2.629037525999999847e+00	1.268358172599999989e+01	3.376199440999999801e+00	2.347557897000000171e+00	9.016531777999999164e+00	3.756763172999999956e+00
3.495250132999999870e+00	2.754407677000000110e+00	1.309133454000000008e+01	3.495250132999999870e+00	1.679859868999999950e+00	9.270515976000000435e+00	3.745464285000000171e+00
3.618498760000000036e+00	2.887402676999999862e+00	1.351203448300000076e+01	3.618498760000000036e+00	8.664585510000000212e-01	9.791477542000000867e+00	3.734154792000000000e+00
3.746093349000000128e+00	3.028561476999999780e+00	1.394596112700000035e+01	3.746093349000000128e+00	-6.137054399999999910e-02	1.059549364199999921e+01	3.722801283999999988e+00
3.878187146000000141e+00	3.178453599000000018e+00	1.439338275799999955e+01	3.878187146000000141e+00	-1.093510486000000004e+00	1.215189281800000032e+01	3.711368795999999914e+00
4.014938800999999557e+00	3.337680162999999922e+00	1.485455433499999955e+01	4.014938800999999557e+00	-1.137160406000000012e+00	1.468203134200000015e+01	3.699820862000000155e+00
4.156512558000000190e+00	3.506874879999999806e+00	1.532971525700000015e+01	4.156512558000000190e+00	8.811052129999999982e-01	1.668079794799999860e+01	3.688119556999999826e+00
4.303078454000000441e+00	3.686704993000000208e+00	1.581908691199999950e+01	4.303078454000000441e+00	2.665915312000000092e+00	1.577761196199999993e+01	3.676225539999999903e+00
4.454812518999999860e+00	3.877872143999999910e+00	1.632286999500000135e+01	4.454812518999999860e+00	1.570395780999999991e+00	1.493465803500000000e+01	3.664098080000000035e+00
4.611896992000000139e+00	4.081113146999999941e+00	1.684124158399999871e+01	4.611896992000000139e+00	5.987443700000000257e-02	1.620812416900000130e+01	3.651695086000000146e+00
4.774520539000000063e+00	4.297200632000000020e+00	1.737435196699999906e+01	4.774520539000000063e+00	-7.924280500000000504e-01	1.938805028100000172e+01	3.638973133999999998e+00
4.942878474999999661e+00	4.526943530999999687e+00	1.792232119499999854e+01	4.942878474999999661e+00	1.650561780000000089e+00	2.403383770099999950e+01	3.625887483000000078e+00
5.117173006999999885e+00	4.771187379999999756e+00	1.848523537699999864e+01	5.117173006999999885e+00	9.319827232999999822e+00	2.359641628600000018e+01	3.612392106000000158e+00
5.297613468999999853e+00	5.030814380999999891e+00	1.906314268299999881e+01	5.297613468999999853e+00	9.397274788000000711e+00	1.636543267000000057e+01	3.598439711999999790e+00
5.484416576000000099e+00	5.306743202999999909e+00	1.965604907799999879e+01	5.484416576000000099e+00	4.522251938000000138e+00	1.554325075400000067e+01	3.583981779000000145e+00
5.677806688000000435e+00	5.599928460000000108e+00	2.026391377399999882e+01	5.677806688000000435e+00	2.119101735000000097e+00	1.895945023799999873e+01	3.568968598000000103e+00
5.878016072000000314e+00	5.911359825999999984e+00	2.088664440899999875e+01	5.878016072000000314e+00	4.293385696999999723e+00	2.270959668000000065e+01	3.553349319000000062e+00
6.085285189999999567e+00	6.242060723999999894e+00	2.152409197300000088e+01	6.085285189999999567e+00	7.788333299999999682e+00	2.059781887000000111e+01	3.537072019000000012e+00
6.299862978000000169e+00	6.593086549999999768e+00	2.217604548899999983e+01	6.299862978000000169e+00	4.816706448999999779e+00	1.818678708199999861e+01	3.520083780000000218e+00
6.522007154999999834e+00	6.965522351999999806e+00	2.284222648100000086e+01	6.522007154999999834e+00	1.480548414000000035e+00	2.087270605399999823e+01	3.502330791999999970e+00
6.751984522999999960e+00	7.360479920000000398e+00	2.352228326699999883e+01	6.751984522999999960e+00	1.858858810000000084e+00	2.558363448900000137e+01	3.483758469000000080e+00
6.990071294999999907e+00	7.779094212000000397e+00	2.421578511199999895e+01	6.990071294999999907e+00	5.210577253000000297e+00	2.684004358600000018e+01	3.464311605999999877e+00
7.236553423000000151e+00	8.222519068000000431e+00	2.492221630599999926e+01	7.236553423000000151e+00	4.682014824000000353e+00	2.656818858500000147e+01	3.443934543000000126e+00
7.491726940999999584e+00	8.691922131000000107e+00	2.564097023200000081e+01	7.491726940999999584e+00	4.524233038000000207e+00	3.070974971200000070e+01	3.422571382000000106e+00
7.755898323000000261e+00	9.188478934999999126e+00	2.637134349999999827e+01	7.755898323000000261e+00	1.029143545700000040e+01	3.369978215700000135e+01	3.400166222000000182e+00
8.029384849999999574e+00	9.713366091999999341e+00	2.711253024199999828e+01	8.029384849999999574e+00	1.452136093500000058e+01	2.931030933499999946e+01	3.376663436999999934e+00
8.312514990000000381e+00	1.026775354299999954e+01	2.786361667899999972e+01	8.312514990000000381e+00	1.278402383100000073e+01	2.685104942699999953e+01	3.352007991999999881e+00
8.605628792999999277e+00	1.085279582499999940e+01	2.862357608499999984e+01	8.605628792999999277e+00	1.127246830700000046e+01	2.627366356399999958e+01	3.326145802000000096e+00
8.909078300999999200e+00	1.146962233200000014e+01	2.939126426700000039e+01	8.909078300999999200e+00	9.274323636000000093e+00	2.740518549000000093e+01	3.299024127000000028e+00
9.223227968999999860e+00	1.211932657300000038e+01	3.016541573900000017e+01	9.223227968999999860e+00	8.489107783999999768e+00	2.990440851500000008e+01	3.270592013999999992e+00
9.548455103000000221e+00	1.280295441400000023e+01	3.094464072699999946e+01	9.548455103000000221e+00	8.909014358000000300e+00	3.223979140899999862e+01	3.240800778000000104e+00
9.885150314000000549e+00	1.352149136000000063e+01	3.172742319800000033e+01	9.885150314000000549e+00	9.920629322999999999e+00	3.451244044799999955e+01	3.209604527000000207e+00
1.023371798600000027e+01	1.427584892099999969e+01	3.251212008099999906e+01	1.023371798600000027e+01	1.107832542699999934e+01	3.625752741899999876e+01	3.176960722000000015e+00
1.059457676399999926e+01	1.506685015999999955e+01	3.329696187999999779e+01	1.059457676399999926e+01	1.230573224299999957e+01	3.837800088400000220e+01	3.142830773000000022e+00
1.096816005300000008e+01	1.589521453400000084e+01	3.408005485300000004e+01	1.096816005300000008e+01	1.532531739999999942e+01	4.045955487700000219e+01	3.107180666000000091e+00
1.135491654099999970e+01	1.676154220000000095e+01	3.485938494999999904e+01	1.135491654099999970e+01	1.839829675000000009e+01	4.031489871400000169e+01	3.069981609000000056e+00
1.175531073900000045e+01	1.766629796599999835e+01	3.563282367600000100e+01	1.175531073900000045e+01	1.939434090700000013e+01	3.953654857200000095e+01	3.031210698999999842e+00
1.216982353600000089e+01	1.860979512300000138e+01	3.639813603700000044e+01	1.216982353600000089e+01	1.971188832800000057e+01	4.078955630299999768e+01	2.990851586999999867e+00
1.259895277799999924e+01	1.959217943000000162e+01	3.715299068499999890e+01	1.259895277799999924e+01	2.217947125099999894e+01	4.276466364499999884e+01	2.948895145999999912e+00
1.304321386700000041e+01	2.061341356000000147e+01	3.789497237300000165e+01	1.304321386700000041e+01	2.596126393500000162e+01	4.230397013999999700e+01	2.905340106999999783e+00
1.350314037899999953e+01	2.167326232799999985e+01	3.862159675299999861e+01	1.350314037899999953e+01	2.754955956599999922e+01	4.017528610099999753e+01	2.860193678999999989e+00
1.397928470299999937e+01	2.277127908499999975e+01	3.933032753300000195e+01	1.397928470299999937e+01	2.760888128699999911e+01	3.927168596900000352e+01	2.813472103000000057e+00
1.447221870699999968e+01	2.390679363699999982e+01	4.001859592600000326e+01	1.447221870699999968e+01	2.786619768599999958e+01	3.840880931499999917e+01	2.765201157999999992e+00
1.498253442699999916e+01	2.507890209900000045e+01	4.068382226500000343e+01	1.498253442699999916e+01	2.671068747400000021e+01	3.843589933599999853e+01	2.715416571000000001e+00
1.551084477000000028e+01	2.628645905400000160e+01	4.132343960499999724e+01	1.551084477000000028e+01	2.597128773500000065e+01	4.043878189099999787e+01	2.664164346000000183e+00
1.605778425800000164e+01	2.752807239699999897e+01	4.193491903900000040e+01	1.605778425800000164e+01	2.725391424900000104e+01	4.289622150499999975e+01	2.611500962000000037e+00
1.662400978899999870e+01	2.880210120499999960e+01	4.251579638999999844e+01	1.662400978899999870e+01	2.937682021699999879e+01	4.420670338499999730e+01	2.557493464999999855e+00
1.721020142200000080e+01	3.010665691999999893e+01	4.306369987699999768e+01	1.721020142200000080e+01	3.064535444699999900e+01	4.658521326799999684e+01	2.502219399999999982e+00
1.781706319499999935e+01	3.143960809100000020e+01	4.357637828400000046e+01	1.781706319499999935e+01	3.438961153999999709e+01	4.673628124300000053e+01	2.445766611999999895e+00
1.844532397600000095e+01	3.279858883299999661e+01	4.405172911500000055e+01	1.844532397600000095e+01	3.832770730200000031e+01	4.593569703099999657e+01	2.388232874999999922e+00
1.909573832899999957e+01	3.418101106600000350e+01	4.448782615300000032e+01	1.909573832899999957e+01	3.937014360100000232e+01	4.557230442400000214e+01	2.329725375999999848e+00
1.976908742799999885e+01	3.558408053200000154e+01	4.488294586699999655e+01	1.976908742799999885e+01	4.036399369800000159e+01	4.497918019099999754e+01	2.270360027000000169e+00
2.046617999400000087e+01	3.700481645100000350e+01	4.523559203599999989e+01	2.046617999400000087e+01	4.346674439600000284e+01	4.404827603500000066e+01	2.210260637000000195e+00
2.118785326100000077e+01	3.844007458099999752e+01	4.554451804100000345e+01	2.118785326100000077e+01	4.530828296399999999e+01	4.102691534800000284e+01	2.149557932000000005e+00
2.193497398899999951e+01	3.988657336299999656e+01	4.580874626599999999e+01	2.193497398899999951e+01	4.400608929399999880e+01	3.827608770300000174e+01	2.088388446999999815e+00
2.270843949900000069e+01	4.134092269700000344e+01	4.602758411800000005e+01	2.270843949900000069e+01	4.176043332300000088e+01	3.784585947499999747e+01	2.026893310999999809e+00
2.350917875500000065e+01	4.279965484899999950e+01	4.620063626900000031e+01	2.350917875500000065e+01	4.011556209199999756e+01	3.915196890600000046e+01	1.965216937000000108e+00
2.433815347499999859e+01	4.425925688099999888e+01	4.632781278099999867e+01	2.433815347499999859e+01	3.930785189099999855e+01	4.130354221799999692e+01	1.903505655000000019e+00
2.519635929300000043e+01	4.571620397099999877e+01	4.640933291500000024e+01	2.519635929300000043e+01	3.944427710299999745e+01	4.420646890399999762e+01	1.841906299999999996e+00
2.608482694799999990e+01	4.716699294299999679e+01	4.644572452900000314e+01	2.608482694799999990e+01	4.117789535299999670e+01	4.757065758499999930e+01	1.780564794000000006e+00
2.700462352399999943e+01	4.860817532699999788e+01	4.643781906899999967e+01	2.700462352399999943e+01	4.486111103000000355e+01	4.985482305000000025e+01	1.719624752999999950e+00
2.795685373499999926e+01	5.003638928200000180e+01	4.638674231499999934e+01	2.795685373499999926e+01	4.859336656400000010e+01	4.985402466200000049e+01	1.659226132999999992e+00
2.894266124700000020e+01	5.144838975300000072e+01	4.629390111899999738e+01	2.894266124700000020e+01	5.097965179999999918e+01	4.951258831199999833e+01	1.599503955000000088e+00
2.996323005500000036e+01	5.284107630100000108e+01	4.616096650400000101e+01	2.996323005500000036e+01	5.359525940599999672e+01	4.899253750300000121e+01	1.540587127000000001e+00
3.101978590099999877e+01	5.421151810599999976e+01	4.598985355399999975e+01	3.101978590099999877e+01	5.505551865799999689e+01	4.823647167200000041e+01	1.482597388000000072e+00
3.211359775300000052e+01	5.555697575199999960e+01	4.578269861300000088e+01	3.211359775300000052e+01	5.699131575199999844e+01	4.894329320899999658e+01	1.425648379999999937e+00
3.324597932300000025e+01	5.687491949099999999e+01	4.554183435099999855e+01	3.324597932300000025e+01	6.068152176800000319e+01	4.817554246000000262e+01	1.369844873999999990e+00
3.441829064499999902e+01	5.816304379599999663e+01	4.526976328199999955e+01	3.441829064499999902e+01	6.403719474199999695e+01	4.489651877200000030e+01	1.315282148999999956e+00
3.563193971199999766e+01	5.941927810800000032e+01	4.496913034199999970e+01	3.563193971199999766e+01	6.321510033300000231e+01	4.055656988700000198e+01	1.262045532999999997e+00
3.688838416699999811e+01	6.064179380499999894e+01	4.464269508299999956e+01	3.688838416699999811e+01	6.004854192599999863e+01	3.972566951900000021e+01	1.210210100000000066e+00
3.818913304800000219e+01	6.182900747800000119e+01	4.429330405799999681e+01	3.818913304800000219e+01	5.831118002200000205e+01	4.184585053800000054e+01	1.159840522999999957e+00
3.953574860700000215e+01	6.297958072699999832e+01	4.392386389499999666e+01	3.953574860700000215e+01	5.952713480700000304e+01	4.545335969300000301e+01	1.110991075999999911e+00
4.092984818499999733e+01	6.409241671200000212e+01	4.353731549999999828e+01	4.092984818499999733e+01	6.401922803899999792e+01	4.693295944999999847e+01	1.063705765999999997e+00
4.237310614900000161e+01	6.516665379500000199e+01	4.313660977800000040e+01	4.237310614900000161e+01	6.778624094600000660e+01	4.510507482999999951e+01	1.018018590000000057e+00
4.386725590999999724e+01	6.620165660199999991e+01	4.272468518600000209e+01	4.386725590999999724e+01	6.937786354399999311e+01	4.182200720899999880e+01	9.739539050000000087e-01
4.541409200399999690e+01	6.719700489900000662e+01	4.230444735100000031e+01	4.541409200399999690e+01	6.897486862700000643e+01	3.999848247700000314e+01	9.315268780000000026e-01
4.701547224000000114e+01	6.815248066799999549e+01	4.187875091600000133e+01	4.701547224000000114e+01	6.848984417799999846e+01	3.894737390800000298e+01	8.907440239999999676e-01
4.867331994199999912e+01	6.906805375999999796e+01	4.145038372799999848e+01	4.867331994199999912e+01	6.776413632499999551e+01	3.841550835000000319e+01	8.516037899999999716e-01
5.038962625100000281e+01	6.994386650699999564e+01	4.102205338600000317e+01	5.038962625100000281e+01	6.684015488000000005e+01	3.899265225399999935e+01	8.140971949999999957e-01
5.216645251900000346e+01	7.078021764800000426e+01	4.059637614199999689e+01	5.216645251900000346e+01	6.702601189000000659e+01	4.061923356900000215e+01	7.782084879999999760e-01
5.400593278499999883e+01	7.157754587899999876e+01	4.017586808499999762e+01	5.400593278499999883e+01	6.850678679799999315e+01	4.180364807200000143e+01	7.439158259999999467e-01
5.591027634099999943e+01	7.233641333999999290e+01	3.976293850700000121e+01	5.591027634099999943e+01	6.990310770600000012e+01	4.220551710600000206e+01	7.111919509999999889e-01
