1.000000000000000056e-01	6.905331600000000347e-02	9.562446000000000002e-01	1.000000000000000056e-01	8.072213000000000305e-02	1.120262112999999893e+00	9.562446001999999723e+00
1.027319859999999974e-01	6.973746899999999638e-02	9.823391710000000110e-01	1.027319859999999974e-01	8.949509699999999568e-02	1.147987647000000111e+00	9.562154938000000826e+00
1.055386100000000049e-01	7.045901899999999773e-02	1.009144183999999944e+00	1.055386100000000049e-01	9.869996300000000167e-02	1.176226999999999911e+00	9.561848325999999787e+00
1.084219109999999958e-01	7.121997900000000270e-02	1.036678851000000012e+00	1.084219109999999958e-01	1.083539429999999942e-01	1.204973719999999915e+00	9.561525372000000189e+00
1.113839830000000058e-01	7.202247300000000352e-02	1.064962890999999967e+00	1.113839830000000058e-01	1.184743520000000050e-01	1.234219489000000003e+00	9.561185241000000445e+00
1.144269779999999986e-01	7.286873100000000603e-02	1.094016547000000061e+00	1.144269779999999986e-01	1.290784990000000132e-01	1.263953955999999934e+00	9.560827062999999626e+00
1.175531070000000039e-01	7.376109999999999611e-02	1.123860596999999961e+00	1.175531070000000039e-01	1.401835610000000121e-01	1.294164536999999893e+00	9.560449928000000597e+00
1.207646420000000054e-01	7.470205100000000542e-02	1.154516367000000043e+00	1.207646420000000054e-01	1.518064329999999906e-01	1.324836217000000094e+00	9.560052886999999444e+00
1.240639159999999963e-01	7.569417900000000032e-02	1.186005745999999972e+00	1.240639159999999963e-01	1.639635540000000113e-01	1.355951335999999952e+00	9.559634947999999355e+00
1.274533250000000062e-01	7.674021500000000051e-02	1.218351198999999996e+00	1.274533250000000062e-01	1.766706949999999887e-01	1.387489360000000005e+00	9.559195075999999958e+00
1.309353329999999871e-01	7.784302899999999414e-02	1.251575781000000109e+00	1.309353329999999871e-01	1.899427220000000083e-01	1.419426647999999958e+00	9.558732195999999348e+00
1.345124679999999961e-01	7.900563500000000461e-02	1.285703151999999960e+00	1.345124679999999961e-01	2.037933140000000032e-01	1.451736200999999893e+00	9.558245186000000615e+00
1.381873309999999966e-01	8.023120499999999988e-02	1.320757592999999952e+00	1.381873309999999966e-01	2.182346330000000112e-01	1.484387410000000074e+00	9.557732878999999571e+00
1.419625899999999996e-01	8.152306500000000566e-02	1.356764019000000099e+00	1.419625899999999996e-01	2.332769510000000102e-01	1.517345794999999997e+00	9.557194064999999128e+00
1.458409880000000047e-01	8.288471299999999875e-02	1.393747996999999961e+00	1.458409880000000047e-01	2.489282140000000088e-01	1.550572744999999975e+00	9.556627486000000005e+00
1.498253439999999992e-01	8.431981900000000418e-02	1.431735760000000024e+00	1.498253439999999992e-01	2.651935440000000033e-01	1.584025251999999995e+00	9.556031838999999195e+00
1.539185519999999863e-01	8.583223600000000619e-02	1.470754222999999916e+00	1.539185519999999863e-01	2.820746690000000001e-01	1.617655661999999994e+00	9.555405775000000546e+00
1.581235860000000104e-01	8.742600600000000055e-02	1.510831003000000061e+00	1.581235860000000104e-01	2.995692779999999944e-01	1.651411430000000014e+00	9.554747900000000627e+00
1.624435009999999902e-01	8.910537100000000266e-02	1.551994432000000090e+00	1.624435009999999902e-01	3.176702739999999747e-01	1.685234907999999976e+00	9.554056773999999308e+00
1.668814349999999946e-01	9.087477900000000275e-02	1.594273577000000053e+00	1.668814349999999946e-01	3.363649530000000221e-01	1.719063154000000093e+00	9.553330915000000090e+00
1.714406139999999912e-01	9.273889200000000332e-02	1.637698255999999963e+00	1.714406139999999912e-01	3.556340539999999772e-01	1.752827794000000106e+00	9.552568797999999362e+00
1.761243479999999861e-01	9.470259799999999895e-02	1.682299060999999929e+00	1.761243479999999861e-01	3.754507129999999915e-01	1.786454943999999934e+00	9.551768858000000861e+00
1.809360409999999919e-01	9.677101500000000189e-02	1.728107370999999892e+00	1.809360409999999919e-01	3.957792840000000090e-01	1.819865212000000065e+00	9.550929494000000020e+00
1.858791890000000002e-01	9.894950499999999316e-02	1.775155376999999923e+00	1.858791890000000002e-01	4.165740350000000092e-01	1.852973796999999978e+00	9.550049067999999863e+00
1.909573830000000083e-01	1.012436810000000020e-01	1.823476096999999907e+00	1.909573830000000083e-01	4.377777130000000128e-01	1.885690724000000040e+00	9.549125913999999327e+00
1.961743129999999891e-01	1.036594150000000047e-01	1.873103404000000083e+00	1.961743129999999891e-01	4.593199620000000261e-01	1.917921232000000087e+00	9.548158342000000687e+00
2.015337690000000015e-01	1.062028510000000009e-01	1.924072038999999901e+00	2.015337690000000015e-01	4.811156169999999954e-01	1.949566356999999917e+00	9.547144640999999154e+00
2.070396439999999949e-01	1.088804119999999959e-01	1.976417641999999919e+00	2.070396439999999949e-01	5.030628609999999723e-01	1.980523752000000082e+00	9.546083087999999606e+00
2.126959390000000005e-01	1.116988109999999951e-01	2.030176770000000186e+00	2.126959390000000005e-01	5.250412639999999520e-01	2.010688776999999927e+00	9.544971956999999563e+00
2.185067629999999927e-01	1.146650599999999992e-01	2.085386923999999809e+00	2.185067629999999927e-01	5.469097250000000132e-01	2.039955925000000114e+00	9.543809525000000349e+00
2.244763379999999975e-01	1.177864809999999984e-01	2.142086573999999910e+00	2.244763379999999975e-01	5.685043530000000178e-01	2.068220623000000202e+00	9.542594087999999530e+00
2.306090010000000079e-01	1.210707169999999944e-01	2.200315187000000172e+00	2.306090010000000079e-01	5.896363140000000502e-01	2.095381471000000051e+00	9.541323967000000295e+00
2.369092070000000105e-01	1.245257389999999964e-01	2.260113254000000182e+00	2.369092070000000105e-01	6.100897229999999727e-01	2.121342964000000109e+00	9.539997530000000836e+00
2.433815350000000099e-01	1.281598610000000138e-01	2.321522320000000139e+00	2.433815350000000099e-01	6.296196360000000380e-01	2.146018768999999882e+00	9.538613201000000430e+00
2.500306849999999748e-01	1.319817460000000109e-01	2.384585020999999916e+00	2.500306849999999748e-01	6.479502569999999739e-01	2.169335584000000150e+00	9.537169482999999559e+00
2.568614900000000256e-01	1.360004210000000102e-01	2.449345109999999881e+00	2.568614900000000256e-01	6.647734600000000382e-01	2.191237624999999856e+00	9.535664977999999792e+00
2.638789100000000221e-01	1.402252840000000056e-01	2.515847501000000097e+00	2.638789100000000221e-01	6.797477629999999493e-01	2.211691763000000144e+00	9.534098410000000356e+00
2.710880460000000269e-01	1.446661200000000091e-01	2.584138304000000108e+00	2.710880460000000269e-01	6.924979319999999827e-01	2.230693292999999855e+00	9.532468649000000127e+00
2.784941349999999760e-01	1.493331079999999922e-01	2.654264867999999833e+00	2.784941349999999760e-01	7.026153619999999655e-01	2.248272317000000076e+00	9.530774745000000436e+00
2.861025569999999796e-01	1.542368379999999872e-01	2.726275830000000067e+00	2.861025569999999796e-01	7.096594590000000480e-01	2.264500632999999929e+00	9.529015955000000204e+00
2.939188400000000145e-01	1.593883229999999984e-01	2.800221156000000100e+00	2.939188400000000145e-01	7.131601779999999779e-01	2.279499031999999925e+00	9.527191782999999248e+00
3.019486630000000060e-01	1.647990109999999953e-01	2.876152204999999906e+00	3.019486630000000060e-01	7.126219510000000312e-01	2.293444785999999791e+00	9.525302017999999649e+00
3.101978590000000202e-01	1.704808060000000125e-01	2.954121779999999919e+00	3.101978590000000202e-01	7.075291259999999527e-01	2.306579092000000220e+00	9.523346774000000181e+00
3.186724220000000107e-01	1.764460830000000036e-01	3.034184193000000196e+00	3.186724220000000107e-01	6.973530639999999670e-01	2.319214155000000055e+00	9.521326542000000615e+00
3.273785100000000114e-01	1.827077079999999965e-01	3.116395336000000071e+00	3.273785100000000114e-01	6.815609529999999694e-01	2.331739520999999815e+00	9.519242237000000273e+00
3.363224459999999971e-01	1.892790649999999963e-01	3.200812754000000204e+00	3.363224459999999971e-01	6.596262819999999527e-01	2.344627250999999912e+00	9.517095253000000810e+00
3.455107290000000164e-01	1.961740790000000012e-01	3.287495729000000200e+00	3.455107290000000164e-01	6.310408539999999844e-01	2.358435463000000176e+00	9.514887524000000596e+00
3.549500360000000243e-01	2.034072520000000106e-01	3.376505369999999839e+00	3.549500360000000243e-01	5.953280530000000237e-01	2.373809812000000186e+00	9.512621582999999603e+00
3.646472219999999931e-01	2.109937010000000057e-01	3.467904707999999836e+00	3.646472219999999931e-01	5.520569389999999688e-01	2.391482478999999994e+00	9.510300627999999534e+00
3.746093349999999877e-01	2.189492000000000105e-01	3.561758805000000194e+00	3.746093349999999877e-01	5.008566290000000532e-01	2.412268355999999780e+00	9.507928591000000651e+00
3.848436109999999744e-01	2.272902380000000055e-01	3.658134872000000204e+00	3.848436109999999744e-01	4.414302680000000145e-01	2.437058240999999903e+00	9.505510207000000378e+00
3.953574859999999802e-01	2.360340820000000062e-01	3.757102387000000210e+00	3.953574859999999802e-01	3.735678290000000179e-01	2.466809028000000126e+00	9.503051084000000870e+00
4.061585990000000090e-01	2.451988539999999939e-01	3.858733234999999873e+00	4.061585990000000090e-01	2.971569479999999763e-01	2.502531126000000050e+00	9.500557776999999149e+00
4.172547970000000106e-01	2.548036249999999781e-01	3.963101851999999869e+00	4.172547970000000106e-01	2.121909899999999960e-01	2.545273524999999815e+00	9.498037852999999586e+00
4.286541409999999885e-01	2.648685230000000224e-01	4.070285376000000177e+00	4.286541409999999885e-01	1.187737130000000030e-01	2.596107228999999794e+00	9.495499957999999907e+00
4.403649139999999962e-01	2.754148670000000076e-01	4.180363813999999678e+00	4.403649139999999962e-01	1.712001299999999990e-02	2.656107920999999816e+00	9.492953874999999542e+00
4.523956230000000245e-01	2.864653149999999981e-01	4.293420206000000405e+00	4.523956230000000245e-01	-9.244748699999999486e-02	2.726338918000000167e+00	9.490410572000000045e+00
4.647550100000000239e-01	2.980440540000000027e-01	4.409540808000000034e+00	4.647550100000000239e-01	-2.095059609999999906e-01	2.807835529000000108e+00	9.487882241999999522e+00
4.774520540000000146e-01	3.101770070000000046e-01	4.528815268999999866e+00	4.774520540000000146e-01	-3.335436960000000006e-01	2.901591931000000013e+00	9.485382317999999202e+00
4.904959790000000264e-01	3.228920829999999964e-01	4.651336813000000348e+00	4.904959790000000264e-01	-4.639745399999999909e-01	3.008551576999999977e+00	9.482925470999999717e+00
5.038962630000000109e-01	3.362194660000000224e-01	4.777202415999999729e+00	5.038962630000000109e-01	-6.001546509999999834e-01	3.129601976000000008e+00	9.480527584000000729e+00
5.176626399999999517e-01	3.501919459999999762e-01	4.906512976000000137e+00	5.176626399999999517e-01	-7.414004690000000064e-01	3.265574466999999981e+00	9.478205684000000630e+00
5.318051129999999960e-01	3.648452930000000149e-01	5.039373463999999636e+00	5.318051129999999960e-01	-8.870067919999999884e-01	3.417249346999999826e+00	9.475977840000000540e+00
5.463339560000000095e-01	3.802186889999999986e-01	5.175893062000000100e+00	5.463339560000000095e-01	-1.036263783999999966e+00	3.585366511999999783e+00	9.473863014999999166e+00
5.612597259999999588e-01	3.963552040000000165e-01	5.316185250000000195e+00	5.612597259999999588e-01	-1.188471827000000092e+00	3.770641515999999971e+00	9.471880855000000210e+00
5.765932649999999660e-01	4.133023330000000217e-01	5.460367869999999790e+00	5.765932649999999660e-01	-1.342953175999999971e+00	3.973786903000000148e+00	9.470051423999999329e+00
5.923457149999999949e-01	4.311125760000000251e-01	5.608563120000000346e+00	5.923457149999999949e-01	-1.499059522999999894e+00	4.195538565999999747e+00	9.468394861000000162e+00
6.085285190000000455e-01	4.498440759999999816e-01	5.760897479999999682e+00	6.085285190000000455e-01	-1.656174604999999911e+00	4.436686979000000086e+00	9.466930965999999614e+00
6.251534349999999796e-01	4.695612920000000190e-01	5.917501554000000219e+00	6.251534349999999796e-01	-1.813711019000000091e+00	4.698113294999999745e+00	9.465678693999999282e+00
6.422325420000000173e-01	4.903357079999999812e-01	6.078509807999999737e+00	6.422325420000000173e-01	-1.971100269999999988e+00	4.980830523999999926e+00	9.464655569999999685e+00
6.597782479999999561e-01	5.122465609999999891e-01	6.244060186999999651e+00	6.597782479999999561e-01	-2.127774794000000025e+00	5.286030359999999817e+00	9.463877002000000260e+00
6.778032999999999975e-01	5.353815600000000341e-01	6.414293600999999789e+00	6.778032999999999975e-01	-2.283140166999999998e+00	5.615136576000000268e+00	9.463355521000000437e+00
6.963207940000000207e-01	5.598375799999999458e-01	6.589353251000000355e+00	6.963207940000000207e-01	-2.436534845000000171e+00	5.969866355999999818e+00	9.463099921999999609e+00
7.153441830000000223e-01	5.857212929999999762e-01	6.769383809999999890e+00	7.153441830000000223e-01	-2.587173448999999792e+00	6.352301381000000191e+00	9.463114352999999923e+00
7.348872889999999991e-01	6.131496920000000239e-01	6.954530422000000378e+00	7.348872889999999991e-01	-2.734067566999999865e+00	6.764970843000000400e+00	9.463397345000000627e+00
7.549643099999999718e-01	6.422504669999999916e-01	7.144937557000000439e+00	7.549643099999999718e-01	-2.875915018000000156e+00	7.210948773000000145e+00	9.463940827000000056e+00
7.755898319999999790e-01	6.731621749999999738e-01	7.340747707000000233e+00	7.755898319999999790e-01	-3.010943935999999876e+00	7.693967765000000014e+00	9.464729164999999611e+00
7.967788409999999599e-01	7.060341449999999464e-01	7.542099974000000095e+00	7.967788409999999599e-01	-3.136691175000000165e+00	8.218549811999999122e+00	9.465738275999999729e+00
8.185467309999999719e-01	7.410260610000000137e-01	7.749128598000000423e+00	8.185467309999999719e-01	-3.249684196000000025e+00	8.790151343999999867e+00	9.466934882000000329e+00
8.409093159999999623e-01	7.783071649999999675e-01	7.961961484999999783e+00	8.409093159999999623e-01	-3.344980223999999946e+00	9.415311336000000253e+00	9.468275987000000171e+00
8.638828440000000386e-01	8.180550349999999860e-01	8.180718857000000455e+00	8.638828440000000386e-01	-3.415493972000000156e+00	1.010177381499999960e+01	9.469708666000000719e+00
8.874840059999999919e-01	8.604539129999999592e-01	8.405512127999999805e+00	8.874840059999999919e-01	-3.451013802999999935e+00	1.085852007699999966e+01	9.471170262999999423e+00
9.117299479999999567e-01	9.056925780000000259e-01	8.636443188999999521e+00	9.117299479999999567e-01	-3.436766619000000134e+00	1.169557380300000027e+01	9.472589118000000141e+00
9.366382869999999583e-01	9.539618399999999498e-01	8.873604261000000548e+00	9.366382869999999583e-01	-3.351354753999999936e+00	1.262330114000000059e+01	9.473885902999999331e+00
9.622271169999999652e-01	1.005451735999999929e+00	9.117078525000000155e+00	9.622271169999999652e-01	-3.163894652999999835e+00	1.365066128600000006e+01	9.474975669000000877e+00
9.885150310000000440e-01	1.060348647999999949e+00	9.366941719999999805e+00	9.885150310000000440e-01	-2.830359201999999907e+00	1.478139028000000010e+01	9.475770648999999324e+00
1.015521128000000051e+00	1.118832615000000086e+00	9.623264869999999860e+00	1.015521128000000051e+00	-2.289777374999999893e+00	1.600636757499999874e+01	9.476183812000000373e+00
1.043265026999999900e+00	1.181075217999999927e+00	9.886118248000000719e+00	1.043265026999999900e+00	-1.462761189000000073e+00	1.728964498899999924e+01	9.476133095999999867e+00
1.071766884999999947e+00	1.247238531999999900e+00	1.015557655499999967e+01	1.071766884999999947e+00	-2.588752129999999929e-01	1.854611249999999956e+01	9.475546122000000793e+00
1.101047410999999920e+00	1.317475685000000007e+00	1.043172515000000011e+01	1.101047410999999920e+00	1.394311336999999984e+00	1.961455843799999954e+01	9.474365087000000685e+00
1.131127876999999948e+00	1.391933596999999967e+00	1.071466692699999967e+01	1.131127876999999948e+00	3.485884969999999861e+00	2.024784992400000050e+01	9.472551379000000438e+00
1.162030136000000047e+00	1.470758435999999891e+00	1.100452917099999972e+01	1.162030136000000047e+00	5.831021991000000071e+00	2.016886820399999891e+01	9.470089309000000455e+00
1.193776641999999999e+00	1.554104127000000002e+00	1.130146944400000031e+01	1.193776641999999999e+00	8.037518225999999544e+00	1.922751270499999876e+01	9.466988253000000242e+00
1.226390456999999934e+00	1.642143968000000065e+00	1.160567927900000029e+01	1.226390456999999934e+00	9.645294850000000864e+00	1.756955165000000108e+01	9.463282440000000406e+00
1.259895277999999896e+00	1.735084928000000026e+00	1.191738424699999932e+01	1.259895277999999896e+00	1.038785202100000049e+01	1.561376859199999956e+01	9.459027632999999824e+00
1.294315445000000064e+00	1.833183594000000083e+00	1.223683898100000000e+01	1.294315445000000064e+00	1.031898480899999981e+01	1.381228293400000062e+01	9.454294177999999604e+00
1.329675967000000014e+00	1.936762011999999977e+00	1.256431590799999931e+01	1.329675967000000014e+00	9.697694646000000418e+00	1.243928004500000029e+01	9.449156197000000645e+00
1.366002533999999935e+00	2.046220933999999936e+00	1.290008704699999953e+01	1.366002533999999935e+00	8.804345036999999152e+00	1.156533552800000031e+01	9.443677243999999860e+00
1.403321537999999924e+00	2.162047410000000003e+00	1.324439915600000006e+01	1.403321537999999924e+00	7.843952245999999739e+00	1.114084476600000073e+01	9.437893455999999404e+00
1.441660090999999921e+00	2.284813359999999793e+00	1.359744387399999965e+01	1.441660090999999921e+00	6.937488447999999863e+00	1.107653601099999996e+01	9.431795994999999877e+00
1.481046048999999920e+00	2.415162105999999920e+00	1.395932616600000031e+01	1.481046048999999920e+00	6.147207109000000003e+00	1.128530357200000012e+01	9.425315422000000609e+00
1.521508026000000013e+00	2.553780909999999960e+00	1.433003616699999938e+01	1.521508026000000013e+00	5.502561548000000080e+00	1.169497612400000008e+01	9.418311257999999242e+00
1.563075417999999939e+00	2.701359711999999913e+00	1.470943103499999971e+01	1.563075417999999939e+00	5.017153797999999831e+00	1.224723621799999940e+01	9.410570254999999662e+00
1.605778426000000092e+00	2.858539384000000183e+00	1.509723416399999962e+01	1.605778426000000092e+00	4.696892418000000013e+00	1.289189598699999983e+01	9.401816540000000444e+00
1.649648073999999909e+00	3.025856892000000187e+00	1.549305834199999943e+01	1.649648073999999909e+00	4.541259982999999778e+00	1.358108512799999978e+01	9.391735476999999221e+00
1.694716235000000015e+00	3.203698929999999834e+00	1.589645647300000064e+01	1.694716235000000015e+00	4.539388414000000260e+00	1.426636977100000081e+01	9.380010732000000573e+00
1.741015651999999969e+00	3.392278794000000097e+00	1.630699777099999892e+01	1.741015651999999969e+00	4.663536524999999600e+00	1.490186264999999999e+01	9.366370571999999228e+00
1.788579963000000106e+00	3.591651634000000204e+00	1.672435909800000076e+01	1.788579963000000106e+00	4.865366950000000301e+00	1.545528109400000005e+01	9.350635388000000603e+00
1.837443724999999972e+00	3.801778867999999978e+00	1.714841169800000031e+01	1.837443724999999972e+00	5.082676105000000000e+00	1.592383776600000012e+01	9.332754776999999891e+00
1.887642437000000006e+00	4.022642052000000135e+00	1.757927575600000125e+01	1.887642437000000006e+00	5.260254486000000007e+00	1.634429832800000071e+01	9.312820801000000870e+00
1.939212571999999968e+00	4.254390368000000144e+00	1.801731314699999942e+01	1.939212571999999968e+00	5.377076485999999989e+00	1.678550281200000072e+01	9.291045967000000516e+00
1.992191596000000064e+00	4.497487240999999969e+00	1.846303644600000027e+01	1.992191596000000064e+00	5.464452383000000246e+00	1.732298233999999937e+01	9.267701200999999500e+00
2.046617998999999966e+00	4.752806647999999967e+00	1.891693214300000037e+01	2.046617998999999966e+00	5.607302340000000385e+00	1.800707673499999828e+01	9.243020509000000828e+00
2.102531325000000173e+00	5.021626387000000413e+00	1.937922638699999922e+01	2.102531325000000173e+00	5.933033500999999710e+00	1.883195520499999986e+01	9.217092823999999851e+00
2.159972194999999928e+00	5.305481454999999791e+00	1.984965552599999938e+01	2.159972194999999928e+00	6.588400293000000296e+00	1.969883078000000154e+01	9.189773633999999802e+00
2.218982340999999803e+00	5.605879283000000157e+00	2.032732926099999915e+01	2.218982340999999803e+00	7.677605594000000089e+00	2.036903951700000093e+01	9.160653909000000539e+00
2.279604636999999823e+00	5.923936120999999666e+00	2.081077548800000088e+01	2.279604636999999823e+00	9.112266396000000768e+00	2.046068403099999955e+01	9.129116140000000712e+00
2.341883125999999926e+00	6.260055376999999588e+00	2.129821796299999903e+01	2.341883125999999926e+00	1.042424138300000003e+01	1.965128584099999998e+01	9.094483719999999494e+00
2.405863055000000195e+00	6.613806068999999788e+00	2.178805425699999887e+01	2.405863055000000195e+00	1.089132771400000088e+01	1.811020222399999824e+01	9.056232114000000166e+00
2.471590905999999865e+00	6.984136065999999587e+00	2.227938731500000102e+01	2.471590905999999865e+00	1.014895369699999961e+01	1.657482334699999882e+01	9.014188901000000698e+00
2.539114434000000031e+00	7.369943241999999728e+00	2.277236669199999852e+01	2.539114434000000031e+00	8.489933426000000338e+00	1.573910729199999992e+01	8.968625592000000424e+00
2.608482695000000184e+00	7.770841502999999761e+00	2.326808764200000113e+01	2.608482695000000184e+00	6.437003507000000013e+00	1.583032488799999982e+01	8.920161781999999207e+00
2.679746086999999832e+00	8.187774079000000427e+00	2.376793729399999933e+01	2.679746086999999832e+00	4.341384191000000392e+00	1.678133603399999885e+01	8.869473643999999268e+00
2.752956386000000144e+00	8.623067008999999672e+00	2.427255706600000096e+01	2.752956386000000144e+00	2.351732729000000077e+00	1.851059618300000054e+01	8.816905778000000637e+00
2.828166780000000102e+00	9.079685912000000414e+00	2.478089647099999837e+01	2.828166780000000102e+00	5.353846190000000060e-01	2.106400281000000163e+01	8.762176489999999873e+00
2.905431912000000061e+00	9.559863063999999966e+00	2.528997653400000090e+01	2.905431912000000061e+00	-9.695530460000000295e-01	2.468423667000000066e+01	8.704377627999999589e+00
2.984807916999999922e+00	1.006375089500000009e+01	2.579577882199999905e+01	2.984807916999999922e+00	-1.675323573000000010e+00	2.986055447300000054e+01	8.642358080999999359e+00
3.066352462999999862e+00	1.058903236699999972e+01	2.629507324700000126e+01	3.066352462999999862e+00	-2.623482800000000170e-02	3.709290846300000055e+01	8.575359017000000250e+00
3.150124796000000060e+00	1.113212875299999993e+01	2.678721245899999914e+01	3.150124796000000060e+00	7.539050349000000040e+00	4.468623567000000207e+01	8.503540080000000501e+00
3.236185777000000208e+00	1.169067019000000052e+01	2.727450657600000028e+01	3.236185777000000208e+00	2.093682272599999905e+01	4.410202364700000288e+01	8.427979249999999922e+00
3.324597932000000089e+00	1.226569662700000052e+01	2.776036583999999863e+01	3.324597932000000089e+00	2.710977458300000009e+01	3.395241735799999816e+01	8.349991911000000044e+00
3.415425496000000116e+00	1.286164842500000027e+01	2.824598788100000135e+01	3.415425496000000116e+00	2.450331947300000124e+01	2.675185858800000105e+01	8.270122688000000721e+00
3.508734456000000002e+00	1.348339365400000034e+01	2.872797712999999931e+01	3.508734456000000002e+00	2.044970918900000001e+01	2.473350100900000115e+01	8.187560925999999739e+00
3.604592604000000033e+00	1.413197075499999933e+01	2.919938131800000036e+01	3.604592604000000033e+00	1.753071956999999870e+01	2.561381580500000155e+01	8.100605123999999435e+00
3.703069584000000081e+00	1.480265575700000014e+01	2.965435258899999837e+01	3.703069584000000081e+00	1.620182122599999985e+01	2.800621592799999959e+01	8.008046274999999881e+00
3.804236942000000177e+00	1.548811710500000061e+01	3.009302335900000003e+01	3.804236942000000177e+00	1.678597104600000023e+01	3.112627373700000177e+01	7.910396702999999974e+00
3.908168177999999937e+00	1.618508114300000145e+01	3.052150185300000018e+01	3.908168177999999937e+00	1.979669341099999968e+01	3.388459877100000028e+01	7.809669508999999898e+00
4.014938800999999557e+00	1.689828130500000114e+01	3.094535355500000051e+01	4.014938800999999557e+00	2.497845489899999905e+01	3.407781546500000047e+01	7.707552988999999855e+00
4.124626382999999841e+00	1.763624213699999999e+01	3.136199908600000086e+01	4.124626382999999841e+00	2.910510699800000012e+01	2.993663822799999963e+01	7.603597556000000424e+00
4.237310615000000169e+00	1.840136444899999901e+01	3.176082925300000070e+01	4.237310615000000169e+00	2.846496368500000074e+01	2.450903947300000141e+01	7.495515938999999683e+00
4.353073365000000194e+00	1.918494408500000148e+01	3.213337694300000180e+01	4.353073365000000194e+00	2.468053746600000053e+01	2.210102499799999975e+01	7.381767833999999695e+00
4.471998736999999835e+00	1.997530920399999843e+01	3.248337235999999706e+01	4.471998736999999835e+00	2.104051585999999929e+01	2.308751705799999954e+01	7.263725745000000344e+00
4.594173135000000130e+00	2.077197592799999981e+01	3.282268647699999775e+01	4.594173135000000130e+00	1.925090133200000153e+01	2.624415274100000062e+01	7.144416527999999822e+00
4.719685319999999962e+00	2.158714902299999849e+01	3.315470998899999699e+01	4.719685319999999962e+00	2.041368173500000083e+01	2.997782045199999956e+01	7.024771302000000439e+00
4.848626481000000155e+00	2.242856334800000084e+01	3.346649845700000014e+01	4.848626481000000155e+00	2.429603798899999845e+01	3.114682403799999832e+01	6.902263678999999819e+00
4.981090296999999723e+00	2.328512011400000148e+01	3.374457455600000344e+01	4.981090296999999723e+00	2.613268766599999893e+01	2.842682603000000086e+01	6.774535803000000023e+00
5.117173006999999885e+00	2.413971893000000080e+01	3.399542075000000096e+01	5.117173006999999885e+00	2.384829555900000031e+01	2.722088082000000142e+01	6.643398748000000076e+00
5.256973477999999922e+00	2.499514139400000090e+01	3.423680385600000164e+01	5.256973477999999922e+00	2.172481292899999872e+01	3.015596169000000160e+01	6.512645346000000224e+00
5.400593278999999747e+00	2.587026265300000105e+01	3.446733318700000126e+01	5.400593278999999747e+00	2.365078472900000151e+01	3.550213520599999839e+01	6.382138297000000016e+00
5.548136752999999644e+00	2.676569036200000085e+01	3.466504690200000027e+01	5.548136752999999644e+00	3.141062872299999853e+01	3.742737601599999664e+01	6.248051993999999887e+00
5.699711094000000422e+00	2.765725411200000039e+01	3.482542870999999707e+01	5.699711094000000422e+00	3.643068439099999978e+01	3.124738031500000091e+01	6.110034022999999870e+00
5.855426426000000184e+00	2.853779673100000025e+01	3.497242778500000071e+01	5.855426426000000184e+00	3.464720583999999803e+01	2.689493176599999913e+01	5.972652585999999708e+00
6.015395879999999806e+00	2.943164460199999866e+01	3.511245250999999712e+01	6.015395879999999806e+00	3.357482580399999961e+01	2.604406469999999985e+01	5.837097542999999611e+00
6.179735678000000121e+00	3.034358008799999951e+01	3.521791927900000019e+01	6.179735678000000121e+00	3.324446132700000334e+01	2.404551390499999997e+01	5.698936187000000153e+00
6.348565215999999900e+00	3.124247238599999932e+01	3.528451284599999838e+01	6.348565215999999900e+00	3.012859660399999839e+01	2.262907992699999937e+01	5.557871998000000424e+00
6.522007154999999834e+00	3.212602658400000166e+01	3.534438166999999709e+01	6.522007154999999834e+00	2.711441771399999823e+01	2.503413997999999907e+01	5.419249140999999881e+00
6.700187503999999628e+00	3.302650176800000281e+01	3.539333298700000086e+01	6.700187503999999628e+00	2.776406027799999876e+01	2.893112218799999980e+01	5.282439180999999984e+00
6.883235714999999644e+00	3.393061241699999897e+01	3.539796179599999704e+01	6.883235714999999644e+00	3.092057253200000133e+01	3.008265968399999934e+01	5.142633968000000166e+00
7.071284778999999965e+00	3.480582074400000181e+01	3.538007589200000069e+01	7.071284778999999965e+00	3.272587856900000247e+01	2.956558733299999986e+01	5.003344795000000289e+00
7.264471318000000011e+00	3.568231818200000305e+01	3.536486496399999879e+01	7.264471318000000011e+00	3.537990893100000278e+01	2.857935563099999854e+01	4.868195277999999959e+00
7.462935685999999791e+00	3.657171891400000163e+01	3.531298621700000240e+01	7.462935685999999791e+00	3.554612931599999825e+01	2.377367334999999926e+01	4.731782197000000245e+00
7.666822074999999792e+00	3.742913068299999679e+01	3.522952292499999771e+01	7.666822074999999792e+00	3.061383919100000028e+01	2.273849581200000003e+01	4.595062020000000302e+00
7.876278611000000041e+00	3.827810958199999902e+01	3.515421669199999855e+01	7.876278611000000041e+00	2.883213218099999864e+01	2.621173484599999881e+01	4.463302839999999883e+00
8.091457472000000095e+00	3.914041402600000197e+01	3.504546693199999652e+01	8.091457472000000095e+00	2.992627804800000035e+01	2.691626118800000000e+01	4.331168650000000397e+00
8.312514990000000381e+00	3.996521936199999914e+01	3.490822243400000247e+01	8.312514990000000381e+00	2.730154116199999947e+01	2.783014324499999859e+01	4.199477833000000437e+00
8.539611769000000407e+00	4.078577127399999824e+01	3.478276404300000024e+01	8.539611769000000407e+00	2.752598132900000039e+01	3.362673105599999701e+01	4.073108354999999570e+00
8.772912802000000454e+00	4.161033875100000046e+01	3.461686421000000280e+01	8.772912802000000454e+00	3.346650507100000027e+01	3.464650880399999977e+01	3.945880347000000121e+00
9.012587587000000511e+00	4.239179498200000040e+01	3.444218618000000021e+01	9.012587587000000511e+00	3.321326712900000189e+01	3.282777264799999983e+01	3.821564656000000060e+00
9.258810254000000128e+00	4.318606811899999798e+01	3.426958782900000244e+01	9.258810254000000128e+00	3.484386913299999833e+01	3.513958165300000047e+01	3.701294970999999823e+00
9.511759690999999961e+00	4.395449940299999980e+01	3.405522807399999863e+01	9.511759690999999961e+00	3.655169203900000241e+01	3.382984961300000037e+01	3.580328896000000150e+00
9.771619673000000006e+00	4.470140028800000209e+01	3.386016648100000026e+01	9.771619673000000006e+00	3.770852377500000330e+01	3.600112848100000207e+01	3.465153947000000123e+00
1.003857899399999987e+01	4.545478261699999933e+01	3.363093188700000269e+01	1.003857899399999987e+01	4.206453311399999961e+01	3.309459071900000282e+01	3.350168576000000176e+00
1.031283160699999968e+01	4.616293870799999866e+01	3.340383828099999874e+01	1.031283160699999968e+01	4.010143079400000232e+01	3.179581205299999880e+01	3.239055920999999838e+00
1.059457676399999926e+01	4.688770616699999749e+01	3.316830762400000054e+01	1.059457676399999926e+01	4.214845769499999761e+01	3.044818027899999890e+01	3.130687366000000083e+00
1.088401916099999944e+01	4.756614799900000179e+01	3.291520275900000314e+01	1.088401916099999944e+01	3.814667646400000223e+01	2.936930131200000105e+01	3.024177214999999919e+00
1.118136908399999996e+01	4.825621503200000006e+01	3.267196551499999657e+01	1.118136908399999996e+01	3.913610806199999814e+01	3.254376318500000309e+01	2.922000451999999804e+00
1.148684256700000006e+01	4.890600081400000221e+01	3.240256842899999867e+01	1.148684256700000006e+01	3.850385930899999920e+01	3.295253957799999966e+01	2.820842041000000133e+00
1.180066154400000045e+01	4.956266523899999754e+01	3.215013143000000184e+01	1.180066154400000045e+01	4.278643780200000180e+01	3.566718566000000123e+01	2.724434668999999865e+00
1.212305401300000085e+01	5.018095424399999871e+01	3.187246749299999848e+01	1.212305401300000085e+01	4.276108957699999991e+01	3.223769834699999848e+01	2.629079063999999910e+00
1.245425420099999947e+01	5.080775098000000156e+01	3.161024253700000131e+01	1.245425420099999947e+01	4.435131861299999656e+01	3.220753729900000195e+01	2.538108025000000101e+00
1.279450273199999977e+01	5.139255259099999762e+01	3.133218615799999895e+01	1.279450273199999977e+01	4.079372487799999902e+01	3.172790051500000175e+01	2.448878773000000120e+00
1.314404680700000050e+01	5.199047162499999786e+01	3.105821076300000172e+01	1.314404680700000050e+01	4.313643121399999814e+01	3.404325431299999849e+01	2.362910846000000120e+00
1.350314037899999953e+01	5.254575478999999660e+01	3.078822466800000157e+01	1.350314037899999953e+01	4.264629092399999877e+01	3.609252756899999781e+01	2.280078840999999912e+00
1.387204433800000025e+01	5.310794688299999677e+01	3.050217661599999985e+01	1.387204433800000025e+01	4.637744080400000257e+01	3.421215451700000187e+01	2.198823465999999893e+00
1.425102670300000085e+01	5.364617598899999962e+01	3.024066530800000052e+01	1.425102670300000085e+01	4.656577197299999682e+01	3.612981268299999726e+01	2.121999063000000074e+00
1.464036281499999959e+01	5.416335609200000079e+01	2.995688739999999939e+01	1.464036281499999959e+01	4.601399467299999912e+01	3.442255953200000107e+01	2.046184768999999903e+00
1.504033553600000062e+01	5.468663846199999767e+01	2.968645793199999972e+01	1.504033553600000062e+01	4.934467801899999984e+01	3.562787123799999733e+01	1.973789604999999892e+00
1.545123545799999931e+01	5.517610455700000216e+01	2.942570116199999930e+01	1.545123545799999931e+01	4.973253056699999775e+01	3.698822366499999958e+01	1.904423839999999979e+00
1.587336110999999939e+01	5.565732880800000260e+01	2.914849516499999993e+01	1.587336110999999939e+01	5.005428680100000349e+01	3.364959380100000175e+01	1.836315256000000007e+00
1.630701917700000081e+01	5.613938137499999925e+01	2.888693456000000026e+01	1.630701917700000081e+01	5.347727347800000075e+01	3.409942815400000171e+01	1.771441747999999983e+00
1.675252472400000059e+01	5.659420699700000057e+01	2.863676754700000160e+01	1.675252472400000059e+01	5.305478260699999993e+01	3.429429080199999902e+01	1.709400105999999919e+00
1.721020142200000080e+01	5.703377579699999700e+01	2.837639756500000132e+01	1.721020142200000080e+01	5.142838807100000054e+01	3.167872828000000140e+01	1.648812635999999943e+00
1.768038178500000157e+01	5.747471909899999787e+01	2.811960692099999903e+01	1.768038178500000157e+01	5.132339270100000306e+01	3.114879390500000156e+01	1.590441159999999909e+00
1.816340741100000145e+01	5.790524261800000261e+01	2.787917025499999824e+01	1.816340741100000145e+01	5.312106751500000001e+01	3.299427219999999750e+01	1.534908600999999928e+00
1.865962923200000034e+01	5.831545916099999971e+01	2.764594710100000086e+01	1.865962923200000034e+01	5.277330458400000168e+01	3.413915501799999674e+01	1.481591448000000089e+00
1.916940776499999899e+01	5.871187617300000028e+01	2.741124171999999959e+01	1.916940776499999899e+01	5.143783280800000313e+01	3.445337087899999773e+01	1.429947239999999953e+00
1.969311337899999970e+01	5.910261003200000118e+01	2.717801521199999826e+01	1.969311337899999970e+01	5.203883704100000074e+01	3.420855996099999885e+01	1.380077121000000018e+00
2.023112655899999979e+01	5.948829060500000310e+01	2.695243024499999862e+01	2.023112655899999979e+01	5.377601835299999777e+01	3.453857932799999730e+01	1.332225873000000060e+00
2.078383818600000055e+01	5.986574598800000047e+01	2.673676192799999995e+01	2.078383818600000055e+01	5.584807434900000089e+01	3.525755447000000231e+01	1.286420808999999998e+00
2.135164981899999859e+01	6.023292006100000151e+01	2.652997027900000049e+01	2.135164981899999859e+01	5.843951295800000167e+01	3.555058054599999906e+01	1.242525542999999955e+00
2.193497398899999951e+01	6.058984806200000151e+01	2.633049182499999930e+01	2.193497398899999951e+01	6.039210699000000204e+01	3.533985770299999984e+01	1.200388559000000077e+00
2.253423449599999984e+01	6.093754593900000316e+01	2.613754480500000099e+01	2.253423449599999984e+01	6.095145083300000266e+01	3.420391264700000278e+01	1.159903826000000082e+00
2.314986671899999848e+01	6.127702082599999756e+01	2.595103667200000075e+01	2.314986671899999848e+01	6.063629279599999933e+01	3.384671575899999851e+01	1.121001558999999981e+00
2.378231793000000138e+01	6.160890281300000026e+01	2.577112165000000132e+01	2.378231793000000138e+01	6.073564499399999761e+01	3.453369654499999797e+01	1.083625309999999953e+00
2.443204762199999891e+01	6.193339110899999866e+01	2.559796490700000149e+01	2.443204762199999891e+01	6.232208513100000147e+01	3.521054013599999877e+01	1.047720817000000082e+00
2.509952784100000045e+01	6.225027680499999860e+01	2.543184806100000017e+01	2.509952784100000045e+01	6.484217779899999812e+01	3.417413298000000310e+01	1.013240098000000033e+00
2.578524352899999883e+01	6.255916941800000330e+01	2.527358295200000171e+01	2.578524352899999883e+01	6.593151236100000290e+01	3.108224381999999864e+01	9.801568449999999988e-01
2.648969287599999944e+01	6.286034201199999671e+01	2.512483362700000100e+01	2.648969287599999944e+01	6.411602525000000696e+01	2.840617831200000154e+01	9.484758370000000438e-01
2.721338768400000063e+01	6.315608452499999714e+01	2.498715966299999991e+01	2.721338768400000063e+01	6.116234432499999940e+01	2.843277566500000120e+01	9.181936459999999744e-01
2.795685373499999926e+01	6.345022465499999953e+01	2.485894380399999903e+01	2.795685373499999926e+01	5.982219451800000343e+01	3.073207631100000015e+01	8.891896080000000202e-01
2.872063117800000143e+01	6.374254552400000051e+01	2.473427238300000042e+01	2.872063117800000143e+01	6.074017738700000280e+01	3.314951770900000128e+01	8.612022569999999710e-01
2.950527491700000127e+01	6.402470393400000148e+01	2.461205309500000027e+01	2.950527491700000127e+01	6.238629501199999794e+01	3.405974526300000349e+01	8.341577279999999872e-01
3.031135501600000026e+01	6.429490470599999696e+01	2.450401675299999837e+01	3.031135501600000026e+01	6.355815513000000294e+01	3.495967558299999922e+01	8.084104699999999921e-01
3.113945711299999886e+01	6.456874959499999989e+01	2.441053176899999855e+01	3.113945711299999886e+01	6.645790064400000574e+01	3.628415744699999834e+01	7.839099980000000523e-01
3.199018284799999989e+01	6.484021335299999578e+01	2.431367642300000043e+01	3.199018284799999989e+01	7.039886519799999576e+01	3.310565347899999722e+01	7.600355570000000283e-01
3.286415029399999810e+01	6.509556954599999301e+01	2.423115122800000165e+01	3.286415029399999810e+01	6.885017936100000213e+01	3.051363886000000036e+01	7.373125729999999711e-01
3.376199441100000342e+01	6.536028690400000585e+01	2.415989597100000097e+01	3.376199441100000342e+01	6.941929886600000543e+01	2.964744400600000063e+01	7.155944539999999909e-01
3.468436750800000112e+01	6.560944836400000213e+01	2.408845484600000120e+01	3.468436750800000112e+01	6.699167374799999664e+01	2.793032880399999840e+01	6.945046590000000242e-01
3.563193971199999766e+01	6.586431045899999503e+01	2.403628424900000127e+01	3.563193971199999766e+01	6.660783730900000421e+01	2.983545784700000070e+01	6.745713100000000351e-01
3.660539946000000100e+01	6.610558038499999611e+01	2.398269464699999887e+01	3.660539946000000100e+01	6.547992834800000139e+01	3.004438323899999830e+01	6.551682269999999919e-01
3.760545399699999791e+01	6.635494456200000002e+01	2.394376835099999923e+01	3.760545399699999791e+01	6.724194660400000600e+01	3.190254413799999966e+01	6.367099929999999741e-01
3.863282988699999976e+01	6.658905102600000703e+01	2.391451406599999885e+01	3.863282988699999976e+01	6.743961805099999651e+01	3.295712407300000280e+01	6.190205100000000238e-01
3.968827354599999779e+01	6.682601978700000700e+01	2.388568587399999998e+01	3.968827354599999779e+01	6.895139839700000550e+01	3.169425961800000024e+01	6.018323230000000024e-01
4.077255178299999727e+01	6.706362125299999377e+01	2.387301234599999944e+01	4.077255178299999727e+01	7.085006341400000451e+01	3.188752552800000117e+01	5.855167580000000260e-01
4.188645235399999933e+01	6.729204851400000109e+01	2.387081879300000153e+01	4.188645235399999933e+01	7.071929038400000422e+01	3.206155425600000086e+01	5.698935440000000296e-01
4.303078453700000239e+01	6.751600844099999676e+01	2.387319701099999847e+01	4.303078453700000239e+01	7.007294899599999383e+01	3.192555451599999827e+01	5.547934410000000538e-01
4.420637972000000104e+01	6.773933721000000219e+01	2.388267614800000160e+01	4.420637972000000104e+01	7.024089959100000158e+01	3.182891795700000159e+01	5.402540609999999521e-01
4.541409200399999690e+01	6.796130113600000300e+01	2.390170816099999840e+01	4.541409200399999690e+01	7.123204209700000433e+01	3.187366037399999996e+01	5.263059789999999794e-01
4.665479882199999651e+01	6.818062184699999762e+01	2.393063737599999996e+01	4.665479882199999651e+01	7.250040925000000414e+01	3.170504574499999961e+01	5.129298159999999829e-01
4.792940158300000064e+01	6.839695687900000109e+01	2.396934764799999940e+01	4.792940158300000064e+01	7.346212105499999723e+01	3.117818190399999878e+01	5.000969520000000390e-01
4.923882631699999735e+01	6.861088802099999384e+01	2.401799241499999837e+01	4.923882631699999735e+01	7.394487074600000653e+01	3.063430585100000059e+01	4.877856400000000203e-01
5.058402435699999700e+01	6.882385671999999488e+01	2.407612308099999865e+01	5.058402435699999700e+01	7.429119217800000285e+01	3.033265998199999913e+01	4.759629819999999789e-01
5.196597302499999671e+01	6.903622402400000624e+01	2.414112915000000115e+01	5.196597302499999671e+01	7.483006718800000101e+01	2.984047490100000033e+01	4.645564730000000253e-01
5.338567634199999645e+01	6.924331921099999931e+01	2.421185667299999977e+01	5.338567634199999645e+01	7.465481292900000199e+01	2.869911311699999956e+01	4.535272069999999878e-01
5.484416576099999929e+01	6.944387805700000627e+01	2.429651380199999977e+01	5.484416576099999929e+01	7.335626629600000115e+01	2.888689707700000042e+01	4.430099989999999877e-01
5.634250091300000207e+01	6.964991831700000091e+01	2.439252871200000072e+01	5.634250091300000207e+01	7.372564618500000222e+01	2.994725906300000062e+01	4.329330140000000049e-01
5.788177037700000227e+01	6.984864047199999959e+01	2.449041796999999931e+01	5.788177037700000227e+01	7.317102923000000203e+01	2.976818732299999937e+01	4.231110730000000042e-01
5.946309247399999975e+01	7.004789830900000425e+01	2.460687819600000026e+01	5.946309247399999975e+01	7.382914567400000294e+01	3.199139379500000047e+01	4.138176670000000001e-01
6.108761607499999968e+01	7.024156253399999628e+01	2.472448186800000158e+01	6.108761607499999968e+01	7.469833122900000433e+01	3.183312252600000036e+01	4.047380380000000222e-01
6.275652144000000021e+01	7.043928906600000062e+01	2.485658786100000128e+01	6.275652144000000021e+01	7.709062852799999632e+01	3.188969422399999942e+01	3.960797589999999757e-01
6.447102107300000284e+01	7.062903322200000389e+01	2.500010053100000107e+01	6.447102107300000284e+01	7.716391509999999698e+01	3.155639607699999871e+01	3.877726790000000090e-01
6.623236060300000361e+01	7.081643636500000127e+01	2.514948169799999889e+01	6.623236060300000361e+01	7.641659980599999358e+01	3.067796992099999898e+01	3.797159190000000129e-01
6.804181968899999333e+01	7.100380359199999702e+01	2.530856082300000054e+01	6.804181968899999333e+01	7.634669341299999701e+01	3.060117956799999916e+01	3.719559669999999985e-01
6.990071295200000634e+01	7.118930406399999811e+01	2.547884033000000059e+01	6.990071295200000634e+01	7.688027399800000694e+01	3.066808373299999957e+01	3.645004359999999832e-01
7.181039092499999299e+01	7.137212484600000550e+01	2.566027842000000092e+01	7.181039092499999299e+01	7.697952254899999502e+01	3.048278077999999880e+01	3.573337799999999898e-01
7.377224104200000454e+01	7.155297785000000488e+01	2.585310351500000081e+01	7.377224104200000454e+01	7.682590042500000038e+01	3.121843283999999841e+01	3.504448709999999911e-01
7.578768863599999861e+01	7.173353562699999486e+01	2.605605554899999987e+01	7.578768863599999861e+01	7.763634646699999564e+01	3.177965414399999844e+01	3.438032750000000193e-01
7.785819798500000388e+01	7.191109509999999716e+01	2.626586982599999942e+01	7.785819798500000388e+01	7.823463447999999687e+01	3.149570720799999890e+01	3.373552240000000091e-01
7.998527336799999432e+01	7.208135691100000031e+01	2.648945232399999838e+01	7.998527336799999432e+01	7.774254057500000670e+01	3.182108025300000165e+01	3.311791179999999946e-01
8.217046016099999406e+01	7.225604336000000671e+01	2.672506122300000087e+01	8.217046016099999406e+01	7.895341123599999378e+01	3.249537140399999657e+01	3.252392789999999922e-01
8.441534595999999624e+01	7.242139550500000666e+01	2.696980817500000072e+01	8.441534595999999624e+01	7.868794361000000492e+01	3.251099958799999712e+01	3.194893990000000072e-01
8.672156173400000512e+01	7.259011698000000479e+01	2.722507489599999886e+01	8.672156173400000512e+01	7.989360096599999395e+01	3.212902432199999936e+01	3.139366310000000215e-01
8.909078300900000613e+01	7.275434424099999831e+01	2.749556903299999888e+01	8.909078300900000613e+01	8.034145034899999871e+01	3.246935312800000162e+01	3.086241710000000027e-01
9.152473108799999579e+01	7.291408650399999658e+01	2.777660319199999961e+01	9.152473108799999579e+01	8.005223827300000039e+01	3.263790763600000133e+01	3.034874060000000151e-01
9.402517429700000662e+01	7.307163761799999691e+01	2.806871555900000104e+01	9.402517429700000662e+01	7.986880704799999364e+01	3.297124200399999694e+01	2.985234090000000173e-01
9.659392927400000417e+01	7.322712272600000460e+01	2.837248111199999911e+01	9.659392927400000417e+01	8.019627388700000381e+01	3.345295584899999852e+01	2.937294440000000062e-01
9.923286228800000686e+01	7.337894584500000406e+01	2.868731555100000108e+01	9.923286228800000686e+01	8.075595489900000246e+01	3.346955095199999874e+01	2.890908810000000217e-01
1.019438905939999955e+02	7.352477073500000415e+01	2.901645354200000071e+01	1.019438905939999955e+02	8.062601141199999688e+01	3.350529099100000252e+01	2.846316079999999804e-01
1.047289838239999966e+02	7.367163856800000588e+01	2.936092537200000052e+01	1.047289838239999966e+02	8.121295552200000145e+01	3.403084646599999985e+01	2.803514779999999873e-01
1.075901654219999983e+02	7.381133466599999338e+01	2.971399308699999864e+01	1.075901654219999983e+02	8.061915700500000526e+01	3.371235158799999709e+01	2.761775949999999979e-01
