1.000000000000000056e-01	3.285499999999999901e-04	1.679738809999999916e-01	1.000000000000000056e-01	1.381866099999999944e-02	1.832837059999999907e-01	1.679738812999999942e+00
1.027319859999999974e-01	3.467410000000000197e-04	1.725628660000000092e-01	1.027319859999999974e-01	1.443841600000000079e-02	1.881278839999999952e-01	1.679738436000000057e+00
1.055386100000000049e-01	3.659390000000000212e-04	1.772772179999999864e-01	1.055386100000000049e-01	1.508978100000000003e-02	1.930908349999999885e-01	1.679738036999999906e+00
1.084219109999999958e-01	3.862010000000000247e-04	1.821203620000000079e-01	1.084219109999999958e-01	1.577419299999999885e-02	1.981746859999999888e-01	1.679737615999999933e+00
1.113839830000000058e-01	4.075850000000000219e-04	1.870958159999999981e-01	1.113839830000000058e-01	1.649313200000000063e-02	2.033815320000000038e-01	1.679737172999999917e+00
1.144269779999999986e-01	4.301530000000000132e-04	1.922071949999999974e-01	1.144269779999999986e-01	1.724811700000000031e-02	2.087134320000000043e-01	1.679736703999999969e+00
1.175531070000000039e-01	4.539720000000000235e-04	1.974582109999999946e-01	1.175531070000000039e-01	1.804070899999999852e-02	2.141723939999999882e-01	1.679736209000000091e+00
1.207646420000000054e-01	4.791090000000000236e-04	2.028526790000000080e-01	1.207646420000000054e-01	1.887250099999999986e-02	2.197603690000000110e-01	1.679735686999999977e+00
1.240639159999999963e-01	5.056390000000000017e-04	2.083945190000000003e-01	1.240639159999999963e-01	1.974511899999999848e-02	2.254792429999999959e-01	1.679735135999999907e+00
1.274533250000000062e-01	5.336390000000000317e-04	2.140877539999999912e-01	1.274533250000000062e-01	2.066021599999999861e-02	2.313308219999999915e-01	1.679734553999999935e+00
1.309353329999999871e-01	5.631889999999999639e-04	2.199365219999999954e-01	1.309353329999999871e-01	2.161946400000000143e-02	2.373168250000000090e-01	1.679733941000000064e+00
1.345124679999999961e-01	5.943749999999999598e-04	2.259450709999999973e-01	1.345124679999999961e-01	2.262455000000000022e-02	2.434388690000000022e-01	1.679733292000000100e+00
1.381873309999999966e-01	6.272899999999999657e-04	2.321177650000000037e-01	1.381873309999999966e-01	2.367716300000000107e-02	2.496984560000000131e-01	1.679732607999999905e+00
1.419625899999999996e-01	6.620270000000000364e-04	2.384590880000000135e-01	1.419625899999999996e-01	2.477898799999999832e-02	2.560969579999999857e-01	1.679731885999999896e+00
1.458409880000000047e-01	6.986880000000000434e-04	2.449736469999999888e-01	1.458409880000000047e-01	2.593169199999999924e-02	2.626356060000000214e-01	1.679731123999999909e+00
1.498253439999999992e-01	7.373800000000000450e-04	2.516661729999999930e-01	1.498253439999999992e-01	2.713691299999999862e-02	2.693154700000000012e-01	1.679730318999999916e+00
1.539185519999999863e-01	7.782140000000000541e-04	2.585415280000000204e-01	1.539185519999999863e-01	2.839623700000000125e-02	2.761374429999999824e-01	1.679729470000000058e+00
1.581235860000000104e-01	8.213110000000000245e-04	2.656047060000000237e-01	1.581235860000000104e-01	2.971118899999999896e-02	2.831022260000000124e-01	1.679728573000000003e+00
1.624435009999999902e-01	8.667940000000000497e-04	2.728608370000000227e-01	1.624435009999999902e-01	3.108320200000000075e-02	2.902103070000000007e-01	1.679727626999999890e+00
1.668814349999999946e-01	9.147969999999999626e-04	2.803151910000000191e-01	1.668814349999999946e-01	3.251359799999999772e-02	2.974619410000000075e-01	1.679726626999999972e+00
1.714406139999999912e-01	9.654590000000000003e-04	2.879731830000000214e-01	1.714406139999999912e-01	3.400355900000000264e-02	3.048571359999999730e-01	1.679725571999999945e+00
1.761243479999999861e-01	1.018926000000000076e-03	2.958403749999999888e-01	1.761243479999999861e-01	3.555409400000000136e-02	3.123956270000000091e-01	1.679724459000000003e+00
1.809360409999999919e-01	1.075355000000000061e-03	3.039224810000000221e-01	1.809360409999999919e-01	3.716599899999999818e-02	3.200768600000000186e-01	1.679723282999999956e+00
1.858791890000000002e-01	1.134908999999999918e-03	3.122253709999999738e-01	1.858791890000000002e-01	3.883982200000000301e-02	3.278999690000000133e-01	1.679722042000000082e+00
1.909573830000000083e-01	1.197762000000000002e-03	3.207550759999999723e-01	1.909573830000000083e-01	4.057580999999999688e-02	3.358637600000000112e-01	1.679720732000000050e+00
1.961743129999999891e-01	1.264095999999999926e-03	3.295177890000000054e-01	1.961743129999999891e-01	4.237385800000000036e-02	3.439666889999999921e-01	1.679719348999999973e+00
2.015337690000000015e-01	1.334104999999999926e-03	3.385198759999999973e-01	2.015337690000000015e-01	4.423344800000000160e-02	3.522068489999999885e-01	1.679717888999999964e+00
2.070396439999999949e-01	1.407990999999999930e-03	3.477678739999999769e-01	2.070396439999999949e-01	4.615358299999999803e-02	3.605819510000000117e-01	1.679716347000000054e+00
2.126959390000000005e-01	1.485968999999999962e-03	3.572684990000000171e-01	2.126959390000000005e-01	4.813271100000000163e-02	3.690893169999999723e-01	1.679714719999999994e+00
2.185067629999999927e-01	1.568266000000000018e-03	3.670286500000000118e-01	2.185067629999999927e-01	5.016864199999999940e-02	3.777258669999999929e-01	1.679713001000000094e+00
2.244763379999999975e-01	1.655121999999999973e-03	3.770554159999999766e-01	2.244763379999999975e-01	5.225845300000000332e-02	3.864881190000000188e-01	1.679711187000000105e+00
2.306090010000000079e-01	1.746787999999999987e-03	3.873560770000000208e-01	2.306090010000000079e-01	5.439838699999999944e-02	3.953721920000000112e-01	1.679709270999999893e+00
2.369092070000000105e-01	1.843531000000000033e-03	3.979381129999999822e-01	2.369092070000000105e-01	5.658373900000000095e-02	4.043738199999999949e-01	1.679707249000000013e+00
2.433815350000000099e-01	1.945632999999999998e-03	4.088092090000000067e-01	2.433815350000000099e-01	5.880873100000000298e-02	4.134883679999999950e-01	1.679705114000000110e+00
2.500306849999999748e-01	2.053389999999999990e-03	4.199772569999999927e-01	2.500306849999999748e-01	6.106637899999999702e-02	4.227108689999999891e-01	1.679702859000000048e+00
2.568614900000000256e-01	2.167116000000000181e-03	4.314503670000000013e-01	2.568614900000000256e-01	6.334834100000000245e-02	4.320360730000000204e-01	1.679700479000000080e+00
2.638789100000000221e-01	2.287140000000000006e-03	4.432368689999999778e-01	2.638789100000000221e-01	6.564476599999999329e-02	4.414585070000000000e-01	1.679697964999999904e+00
2.710880460000000269e-01	2.413811999999999989e-03	4.553453199999999979e-01	2.710880460000000269e-01	6.794411699999999832e-02	4.509725669999999909e-01	1.679695310999999913e+00
2.784941349999999760e-01	2.547499999999999851e-03	4.677845119999999857e-01	2.784941349999999760e-01	7.023299700000000534e-02	4.605726219999999871e-01	1.679692508999999889e+00
2.861025569999999796e-01	2.688592999999999972e-03	4.805634750000000177e-01	2.861025569999999796e-01	7.249595999999999818e-02	4.702531500000000086e-01	1.679689548999999893e+00
2.939188400000000145e-01	2.837500000000000178e-03	4.936914849999999855e-01	2.939188400000000145e-01	7.471531600000000384e-02	4.800089129999999815e-01	1.679686425000000094e+00
3.019486630000000060e-01	2.994655000000000147e-03	5.071780729999999515e-01	3.019486630000000060e-01	7.687093200000000293e-02	4.898351539999999948e-01	1.679683124999999944e+00
3.101978590000000202e-01	3.160514000000000118e-03	5.210330290000000364e-01	3.101978590000000202e-01	7.894003500000000562e-02	4.997278459999999756e-01	1.679679640999999890e+00
3.186724220000000107e-01	3.335559000000000093e-03	5.352664080000000268e-01	3.186724220000000107e-01	8.089702099999999951e-02	5.096839800000000364e-01	1.679675961999999911e+00
3.273785100000000114e-01	3.520299000000000171e-03	5.498885409999999530e-01	3.273785100000000114e-01	8.271326900000000593e-02	5.197019099999999892e-01	1.679672076999999986e+00
3.363224459999999971e-01	3.715271000000000025e-03	5.649100419999999456e-01	3.363224459999999971e-01	8.435698099999999755e-02	5.297817409999999727e-01	1.679667975000000091e+00
3.455107290000000164e-01	3.921041999999999583e-03	5.803418099999999580e-01	3.455107290000000164e-01	8.579304699999999728e-02	5.399257819999999652e-01	1.679663643000000040e+00
3.549500360000000243e-01	4.138209000000000332e-03	5.961950459999999508e-01	3.549500360000000243e-01	8.698295000000000332e-02	5.501390569999999869e-01	1.679659068000000088e+00
3.646472219999999931e-01	4.367404000000000078e-03	6.124812520000000315e-01	3.646472219999999931e-01	8.788471900000000003e-02	5.604298749999999663e-01	1.679654237000000050e+00
3.746093349999999877e-01	4.609292000000000077e-03	6.292122449999999478e-01	3.746093349999999877e-01	8.845295599999999925e-02	5.708104609999999912e-01	1.679649136000000098e+00
3.848436109999999744e-01	4.864577000000000137e-03	6.464001649999999710e-01	3.848436109999999744e-01	8.863893300000000308e-02	5.812976389999999771e-01	1.679643749000000019e+00
3.953574859999999802e-01	5.133999000000000201e-03	6.640574809999999495e-01	3.953574859999999802e-01	8.839079599999999370e-02	5.919135650000000304e-01	1.679638060000000044e+00
4.061585990000000090e-01	5.418342999999999944e-03	6.821970010000000251e-01	4.061585990000000090e-01	8.765388000000000346e-02	6.026865009999999856e-01	1.679632052999999958e+00
4.172547970000000106e-01	5.718433999999999670e-03	7.008318839999999605e-01	4.172547970000000106e-01	8.637115600000000448e-02	6.136516029999999899e-01	1.679625710000000050e+00
4.286541409999999885e-01	6.035144000000000099e-03	7.199756440000000257e-01	4.286541409999999885e-01	8.448382399999999903e-02	6.248517230000000255e-01	1.679619012000000078e+00
4.403649139999999962e-01	6.369391999999999762e-03	7.396421669999999615e-01	4.403649139999999962e-01	8.193206599999999784e-02	6.363381759999999776e-01	1.679611938999999943e+00
4.523956230000000245e-01	6.722150999999999994e-03	7.598457119999999509e-01	4.523956230000000245e-01	7.865597000000000560e-02	6.481714669999999456e-01	1.679604470999999988e+00
4.647550100000000239e-01	7.094444000000000097e-03	7.806009280000000272e-01	4.647550100000000239e-01	7.459662200000000132e-02	6.604219209999999673e-01	1.679596585999999947e+00
4.774520540000000146e-01	7.487353999999999885e-03	8.019228640000000130e-01	4.774520540000000146e-01	6.969736699999999618e-02	6.731702000000000519e-01	1.679588260000000055e+00
4.904959790000000264e-01	7.902019999999999184e-03	8.238269759999999886e-01	4.904959790000000264e-01	6.390522899999999396e-02	6.865076540000000227e-01	1.679579469999999963e+00
5.038962630000000109e-01	8.339647999999999853e-03	8.463291410000000070e-01	5.038962630000000109e-01	5.717245800000000239e-02	7.005364670000000515e-01	1.679570189000000102e+00
5.176626399999999517e-01	8.801509000000000763e-03	8.694456659999999504e-01	5.176626399999999517e-01	4.945818700000000068e-02	7.153695749999999798e-01	1.679560391000000097e+00
5.318051129999999960e-01	9.288941999999999685e-03	8.931933020000000223e-01	5.318051129999999960e-01	4.073013999999999801e-02	7.311303129999999761e-01	1.679550046999999990e+00
5.463339560000000095e-01	9.803364999999999649e-03	9.175892559999999643e-01	5.463339560000000095e-01	3.096635299999999855e-02	7.479517810000000377e-01	1.679539126999999965e+00
5.612597259999999588e-01	1.034627100000000063e-02	9.426512000000000224e-01	5.612597259999999588e-01	2.015684499999999962e-02	7.659759130000000082e-01	1.679527600999999981e+00
5.765932649999999660e-01	1.091923499999999936e-02	9.683972880000000227e-01	5.765932649999999660e-01	8.305178999999999340e-03	7.853522649999999938e-01	1.679515434000000029e+00
5.923457149999999949e-01	1.152392200000000068e-02	9.948461629999999500e-01	5.923457149999999949e-01	-4.570142999999999602e-03	8.062365339999999492e-01	1.679502591999999961e+00
6.085285190000000455e-01	1.216208600000000077e-02	1.022016977000000049e+00	6.085285190000000455e-01	-1.843450699999999928e-02	8.287888599999999606e-01	1.679489038000000045e+00
6.251534349999999796e-01	1.283558199999999989e-02	1.049929399000000041e+00	6.251534349999999796e-01	-3.323627600000000210e-02	8.531719519999999557e-01	1.679474732999999942e+00
6.422325420000000173e-01	1.354636300000000050e-02	1.078603632999999951e+00	6.422325420000000173e-01	-4.890616200000000302e-02	8.795491069999999967e-01	1.679459636999999894e+00
6.597782479999999561e-01	1.429649199999999919e-02	1.108060427000000070e+00	6.597782479999999561e-01	-6.535688300000000450e-02	9.080822020000000050e-01	1.679443706999999897e+00
6.778032999999999975e-01	1.508814900000000035e-02	1.138321093000000062e+00	6.778032999999999975e-01	-8.248309800000000469e-02	9.389296999999999782e-01	1.679426896999999919e+00
6.963207940000000207e-01	1.592363000000000112e-02	1.169407518999999951e+00	6.963207940000000207e-01	-1.001615559999999988e-01	9.722447640000000391e-01	1.679409158999999985e+00
7.153441830000000223e-01	1.680535999999999835e-02	1.201342184999999896e+00	7.153441830000000223e-01	-1.182514139999999991e-01	1.008173489000000034e+00	1.679390442999999955e+00
7.348872889999999991e-01	1.773589999999999889e-02	1.234148178999999956e+00	7.348872889999999991e-01	-1.365946389999999899e-01	1.046853283999999995e+00	1.679370696000000107e+00
7.549643099999999718e-01	1.871794900000000109e-02	1.267849210000000060e+00	7.549643099999999718e-01	-1.550164009999999981e-01	1.088411376999999902e+00	1.679349862000000027e+00
7.755898319999999790e-01	1.975435899999999911e-02	1.302469628999999962e+00	7.755898319999999790e-01	-1.733253929999999943e-01	1.132963396000000067e+00	1.679327879999999995e+00
7.967788409999999599e-01	2.084813799999999870e-02	1.338034442999999962e+00	7.967788409999999599e-01	-1.913139919999999883e-01	1.180611910000000098e+00	1.679304687999999990e+00
8.185467309999999719e-01	2.200246100000000093e-02	1.374569334000000032e+00	8.185467309999999719e-01	-2.087582520000000053e-01	1.231444814000000054e+00	1.679280220000000101e+00
8.409093159999999623e-01	2.322067699999999860e-02	1.412100672000000001e+00	8.409093159999999623e-01	-2.254177410000000048e-01	1.285533358999999987e+00	1.679254403999999923e+00
8.638828440000000386e-01	2.450632300000000000e-02	1.450655540000000077e+00	8.638828440000000386e-01	-2.410353309999999916e-01	1.342929644000000033e+00	1.679227164999999911e+00
8.874840059999999919e-01	2.586313000000000153e-02	1.490261746000000054e+00	8.874840059999999919e-01	-2.553371469999999865e-01	1.403663356999999889e+00	1.679198425000000050e+00
9.117299479999999567e-01	2.729503499999999874e-02	1.530947845000000029e+00	9.117299479999999567e-01	-2.680330269999999793e-01	1.467737604000000085e+00	1.679168100000000052e+00
9.366382869999999583e-01	2.880619200000000130e-02	1.572743159999999918e+00	9.366382869999999583e-01	-2.788179700000000261e-01	1.535123741000000042e+00	1.679136100000000020e+00
9.622271169999999652e-01	3.040098499999999843e-02	1.615677795999999944e+00	9.622271169999999652e-01	-2.873752849999999803e-01	1.605755335000000006e+00	1.679102330999999948e+00
9.885150310000000440e-01	3.208404100000000064e-02	1.659782665000000046e+00	9.885150310000000440e-01	-2.933822189999999996e-01	1.679521669000000106e+00	1.679066692999999999e+00
1.015521128000000051e+00	3.386023999999999978e-02	1.705089505999999977e+00	1.015521128000000051e+00	-2.965190030000000032e-01	1.756261719999999915e+00	1.679029080999999923e+00
1.043265026999999900e+00	3.573473099999999875e-02	1.751630905000000071e+00	1.043265026999999900e+00	-2.964820340000000054e-01	1.835760209999999892e+00	1.678989384000000085e+00
1.071766884999999947e+00	3.771294699999999667e-02	1.799440315000000012e+00	1.071766884999999947e+00	-2.930014750000000112e-01	1.917748221999999947e+00	1.678947484000000046e+00
1.101047410999999920e+00	3.980062100000000130e-02	1.848552084000000040e+00	1.101047410999999920e+00	-2.858623809999999987e-01	2.001911741999999883e+00	1.678903255999999899e+00
1.131127876999999948e+00	4.200379800000000191e-02	1.899001469999999969e+00	1.131127876999999948e+00	-2.749265419999999960e-01	2.087912154000000076e+00	1.678856571999999936e+00
1.162030136000000047e+00	4.432885999999999771e-02	1.950824670000000038e+00	1.162030136000000047e+00	-2.601493280000000130e-01	2.175422433000000044e+00	1.678807294999999922e+00
1.193776641999999999e+00	4.678253599999999957e-02	2.004058842000000062e+00	1.193776641999999999e+00	-2.415822230000000126e-01	2.264180929000000120e+00	1.678755280999999933e+00
1.226390456999999934e+00	4.937192800000000242e-02	2.058742126999999922e+00	1.226390456999999934e+00	-2.193483139999999887e-01	2.354060261999999959e+00	1.678700381000000075e+00
1.259895277999999896e+00	5.210452799999999718e-02	2.114913678000000186e+00	1.259895277999999896e+00	-1.935761470000000040e-01	2.445141616999999989e+00	1.678642436000000071e+00
1.294315445000000064e+00	5.498824199999999968e-02	2.172613679999999992e+00	1.294315445000000064e+00	-1.642791040000000091e-01	2.537775351000000068e+00	1.678581281999999897e+00
1.329675967000000014e+00	5.803140999999999855e-02	2.231883378000000029e+00	1.329675967000000014e+00	-1.311739199999999994e-01	2.632598917000000149e+00	1.678516745999999893e+00
1.366002533999999935e+00	6.124283500000000241e-02	2.292765102000000166e+00	1.366002533999999935e+00	-9.344309700000000274e-02	2.730475082999999970e+00	1.678448645000000017e+00
1.403321537999999924e+00	6.463180699999999945e-02	2.355302292999999825e+00	1.403321537999999924e+00	-4.946006099999999961e-02	2.832307596000000149e+00	1.678376786999999926e+00
1.441660090999999921e+00	6.820812599999999393e-02	2.419539526999999968e+00	1.441660090999999921e+00	3.487229000000000110e-03	2.938684958000000069e+00	1.678300968000000060e+00
1.481046048999999920e+00	7.198213800000000107e-02	2.485522540999999919e+00	1.481046048999999920e+00	6.941167700000000496e-02	3.049290205999999781e+00	1.678220972999999949e+00
1.521508026000000013e+00	7.596475599999999440e-02	2.553298261000000124e+00	1.521508026000000013e+00	1.536603900000000078e-01	3.161996117999999800e+00	1.678136571000000021e+00
1.563075417999999939e+00	8.016749500000000528e-02	2.622914826999999782e+00	1.563075417999999939e+00	2.625149119999999892e-01	3.271569649999999996e+00	1.678047518999999932e+00
1.605778426000000092e+00	8.460250399999999504e-02	2.694421618999999879e+00	1.605778426000000092e+00	4.018701290000000204e-01	3.368037623000000202e+00	1.677953554999999985e+00
1.649648073999999909e+00	8.928259500000000626e-02	2.767869285000000179e+00	1.649648073999999909e+00	5.742294430000000061e-01	3.435245532999999796e+00	1.677854402999999994e+00
1.694716235000000015e+00	9.422127800000000553e-02	2.843309773000000096e+00	1.694716235000000015e+00	7.734030699999999703e-01	3.451253556000000167e+00	1.677749769999999918e+00
1.741015651999999969e+00	9.943280100000000121e-02	2.920796358000000037e+00	1.741015651999999969e+00	9.780389959999999938e-01	3.393618393000000122e+00	1.677639345000000004e+00
1.788579963000000106e+00	1.049321839999999978e-01	3.000383672999999973e+00	1.788579963000000106e+00	1.149331957000000015e+00	3.251770872999999895e+00	1.677522803000000007e+00
1.837443724999999972e+00	1.107352649999999994e-01	3.082127744000000114e+00	1.837443724999999972e+00	1.241138454999999974e+00	3.041522184000000184e+00	1.677399803999999994e+00
1.887642437000000006e+00	1.168587440000000005e-01	3.166086022000000000e+00	1.887642437000000006e+00	1.222383570000000086e+00	2.807219125000000037e+00	1.677269995000000069e+00
1.939212571999999968e+00	1.233202350000000003e-01	3.252317412000000019e+00	1.939212571999999968e+00	1.094395363000000065e+00	2.603200735000000154e+00	1.677133006999999898e+00
1.992191596000000064e+00	1.301383210000000012e-01	3.340882305000000052e+00	1.992191596000000064e+00	8.864128039999999986e-01	2.469144922999999991e+00	1.676988453999999962e+00
2.046617998999999966e+00	1.373326079999999949e-01	3.431842603999999852e+00	2.046617998999999966e+00	6.362973889999999910e-01	2.420144973000000199e+00	1.676835934000000083e+00
2.102531325000000173e+00	1.449237879999999978e-01	3.525261747000000057e+00	2.102531325000000173e+00	3.750889820000000152e-01	2.453144376000000015e+00	1.676675018000000073e+00
2.159972194999999928e+00	1.529336930000000094e-01	3.621204731000000177e+00	2.159972194999999928e+00	1.227118769999999970e-01	2.558002783000000058e+00	1.676505252999999973e+00
2.218982340999999803e+00	1.613853540000000086e-01	3.719738126999999839e+00	2.218982340999999803e+00	-1.091000010000000020e-01	2.725114699000000140e+00	1.676326151000000042e+00
2.279604636999999823e+00	1.703030510000000108e-01	3.820930108999999852e+00	2.279604636999999823e+00	-3.116808289999999926e-01	2.948416056000000118e+00	1.676137189000000083e+00
2.341883125999999926e+00	1.797123760000000070e-01	3.924850477000000115e+00	2.341883125999999926e+00	-4.742078069999999812e-01	3.224928556000000057e+00	1.675937809999999972e+00
2.405863055000000195e+00	1.896402819999999934e-01	4.031570699000000424e+00	2.405863055000000195e+00	-5.787322769999999617e-01	3.550847536000000026e+00	1.675727423999999965e+00
2.471590905999999865e+00	2.001151599999999864e-01	4.141163949000000066e+00	2.471590905999999865e+00	-5.971316629999999792e-01	3.911863107999999922e+00	1.675505416000000025e+00
2.539114434000000031e+00	2.111669210000000074e-01	4.253705150000000046e+00	2.539114434000000031e+00	-4.982244319999999949e-01	4.265513552999999902e+00	1.675271146999999905e+00
2.608482695000000184e+00	2.228270960000000023e-01	4.369271015999999896e+00	2.608482695000000184e+00	-2.823500239999999772e-01	4.528216475999999879e+00	1.675023960999999950e+00
2.679746086999999832e+00	2.351289460000000053e-01	4.487940065000000089e+00	2.679746086999999832e+00	-3.566215699999999988e-02	4.615125153000000147e+00	1.674763175000000048e+00
2.752956386000000144e+00	2.481075769999999958e-01	4.609792621999999618e+00	2.752956386000000144e+00	9.147189299999999856e-02	4.543964063999999858e+00	1.674488068999999912e+00
2.828166780000000102e+00	2.618000309999999886e-01	4.734910808999999610e+00	2.828166780000000102e+00	1.853857899999999947e-02	4.451082170000000282e+00	1.674197873000000003e+00
2.905431912000000061e+00	2.762453619999999943e-01	4.863378523999999814e+00	2.905431912000000061e+00	-2.126911439999999986e-01	4.468566315000000344e+00	1.673891755999999953e+00
2.984807916999999922e+00	2.914846950000000159e-01	4.995281458000000008e+00	2.984807916999999922e+00	-5.157908599999999621e-01	4.658870832999999934e+00	1.673568817999999903e+00
3.066352462999999862e+00	3.075612910000000144e-01	5.130707138000000000e+00	3.066352462999999862e+00	-8.106052740000000423e-01	5.048955947999999694e+00	1.673228109999999935e+00
3.150124796000000060e+00	3.245206460000000237e-01	5.269744998000000180e+00	3.150124796000000060e+00	-1.000400449000000025e+00	5.666386175000000414e+00	1.672868645000000098e+00
3.236185777000000208e+00	3.424106579999999789e-01	5.412486448000000117e+00	3.236185777000000208e+00	-9.019446749999999735e-01	6.510721455999999741e+00	1.672489412000000009e+00
3.324597932000000089e+00	3.612818360000000228e-01	5.559024892000000051e+00	3.324597932000000089e+00	-2.200626499999999985e-01	7.357745740999999562e+00	1.672089378999999987e+00
3.415425496000000116e+00	3.811874989999999852e-01	5.709455658999999628e+00	3.415425496000000116e+00	1.000353368000000076e+00	7.518376743000000140e+00	1.671667459000000022e+00
3.508734456000000002e+00	4.021839099999999778e-01	5.863875890000000091e+00	3.508734456000000002e+00	1.791684258999999946e+00	6.738519112999999727e+00	1.671222476999999929e+00
3.604592604000000033e+00	4.243303099999999883e-01	6.022384457000000246e+00	3.604592604000000033e+00	1.687606562999999893e+00	5.916075119000000271e+00	1.670753152999999935e+00
3.703069584000000081e+00	4.476889239999999881e-01	6.185081999000000330e+00	3.703069584000000081e+00	1.188193966000000046e+00	5.560701251000000234e+00	1.670258108000000075e+00
3.804236942000000177e+00	4.723250629999999894e-01	6.352071073000000290e+00	3.804236942000000177e+00	6.793811320000000542e-01	5.592394490000000218e+00	1.669735921000000012e+00
3.908168177999999937e+00	4.983074120000000051e-01	6.523456293999999822e+00	3.908168177999999937e+00	2.903521139999999945e-01	5.847159517999999778e+00	1.669185152000000061e+00
4.014938800999999557e+00	5.257084380000000001e-01	6.699344284999999566e+00	4.014938800999999557e+00	3.513940399999999908e-02	6.197398984000000333e+00	1.668604334000000078e+00
4.124626382999999841e+00	5.546046820000000155e-01	6.879843391999999724e+00	4.124626382999999841e+00	-1.415723620000000071e-01	6.571758663999999861e+00	1.667991899000000000e+00
4.237310615000000169e+00	5.850767609999999452e-01	7.065063387000000361e+00	4.237310615000000169e+00	-3.060481509999999905e-01	7.000435962000000067e+00	1.667346114000000101e+00
4.353073365000000194e+00	6.172091979999999589e-01	7.255115466000000346e+00	4.353073365000000194e+00	-4.178681499999999938e-01	7.589466838999999965e+00	1.666665102999999926e+00
4.471998736999999835e+00	6.510904889999999945e-01	7.450112590999999895e+00	4.471998736999999835e+00	-2.576124450000000232e-01	8.366125433000000555e+00	1.665946935000000018e+00
4.594173135000000130e+00	6.868136710000000145e-01	7.650169748999999797e+00	4.594173135000000130e+00	4.387972390000000056e-01	9.002337570999999983e+00	1.665189691999999999e+00
4.719685319999999962e+00	7.244770440000000145e-01	7.855403632999999886e+00	4.719685319999999962e+00	1.324917139000000077e+00	8.878198342999999326e+00	1.664391394999999996e+00
4.848626481000000155e+00	7.641843409999999892e-01	8.065931910999999843e+00	4.848626481000000155e+00	1.531305047000000030e+00	8.249078525999999911e+00	1.663549860999999908e+00
4.981090296999999723e+00	8.060442399999999674e-01	8.281872935999999186e+00	4.981090296999999723e+00	1.113821431000000084e+00	7.927455861000000326e+00	1.662662679000000088e+00
5.117173006999999885e+00	8.501701609999999798e-01	8.503346369000000848e+00	5.117173006999999885e+00	5.924824319999999478e-01	8.078354905999999502e+00	1.661727356000000100e+00
5.256973477999999922e+00	8.966811999999999561e-01	8.730473745999999480e+00	5.256973477999999922e+00	2.141961460000000039e-01	8.490752013999999903e+00	1.660741448000000009e+00
5.400593278999999747e+00	9.457033419999999468e-01	8.963377741000000398e+00	5.400593278999999747e+00	-8.535236899999999738e-02	8.987136409999999742e+00	1.659702420999999983e+00
5.548136752999999644e+00	9.973692549999999546e-01	9.202180796000000385e+00	5.548136752999999644e+00	-4.299768099999999871e-01	9.697851718000000787e+00	1.658607421999999998e+00
5.699711094000000422e+00	1.051817113000000026e+00	9.447005264999999596e+00	5.699711094000000422e+00	-5.318741649999999543e-01	1.090721256800000027e+01	1.657453352999999963e+00
5.855426426000000184e+00	1.109191064000000004e+00	9.697974896999999928e+00	5.855426426000000184e+00	3.760355630000000171e-01	1.223485993499999935e+01	1.656237170999999897e+00
6.015395879999999806e+00	1.169643439999999979e+00	9.955214523000000426e+00	6.015395879999999806e+00	1.774553824999999918e+00	1.221361078500000019e+01	1.654955836999999930e+00
6.179735678000000121e+00	1.233335000999999931e+00	1.021884760700000072e+01	6.179735678000000121e+00	1.811009413000000068e+00	1.170485588700000079e+01	1.653605937000000026e+00
6.348565215999999900e+00	1.300432712999999962e+00	1.048899606800000051e+01	6.348565215999999900e+00	1.395842880000000008e+00	1.245539609299999917e+01	1.652183715999999913e+00
6.522007154999999834e+00	1.371110311000000026e+00	1.076578282999999914e+01	6.522007154999999834e+00	2.470938872000000064e+00	1.404398863299999967e+01	1.650685528999999985e+00
6.700187503999999628e+00	1.445551776999999927e+00	1.104933085899999945e+01	6.700187503999999628e+00	4.989102431000000060e+00	1.361669289900000024e+01	1.649107708000000061e+00
6.883235714999999644e+00	1.523950383999999936e+00	1.133975936999999945e+01	6.883235714999999644e+00	5.574964450999999599e+00	1.169726711200000047e+01	1.647446033000000032e+00
7.071284778999999965e+00	1.606505451000000084e+00	1.163718558999999964e+01	7.071284778999999965e+00	5.118979095000000257e+00	1.051306119800000083e+01	1.645696073000000093e+00
7.264471318000000011e+00	1.693425957000000093e+00	1.194172764099999995e+01	7.264471318000000011e+00	4.198766049999999694e+00	9.619066471000000007e+00	1.643853642999999920e+00
7.462935685999999791e+00	1.784933303000000082e+00	1.225349944899999954e+01	7.462935685999999791e+00	2.690878391000000036e+00	9.492709191999999518e+00	1.641914115999999924e+00
7.666822074999999792e+00	1.881255762000000109e+00	1.257260941700000068e+01	7.666822074999999792e+00	1.372272651999999926e+00	1.040265480899999950e+01	1.639872334999999959e+00
7.876278611000000041e+00	1.982630423999999891e+00	1.289916629899999911e+01	7.876278611000000041e+00	8.215068119999999752e-01	1.179999699100000043e+01	1.637723465000000100e+00
8.091457472000000095e+00	2.089309089999999980e+00	1.323327386000000061e+01	8.091457472000000095e+00	6.904354959999999819e-01	1.314161653000000030e+01	1.635462326000000077e+00
8.312514990000000381e+00	2.201550852000000003e+00	1.357502738200000003e+01	8.312514990000000381e+00	1.123112537999999994e+00	1.502810474300000010e+01	1.633083056000000033e+00
8.539611769000000407e+00	2.319624173999999872e+00	1.392452193599999966e+01	8.539611769000000407e+00	3.322580574999999925e+00	1.598092559100000010e+01	1.630580208000000031e+00
8.772912802000000454e+00	2.443813970999999974e+00	1.428184430199999966e+01	8.772912802000000454e+00	4.410553475999999584e+00	1.500979151900000019e+01	1.627947824000000043e+00
9.012587587000000511e+00	2.574410740999999891e+00	1.464707149200000025e+01	9.012587587000000511e+00	4.702147964999999985e+00	1.450287810899999918e+01	1.625179377999999897e+00
9.258810254000000128e+00	2.711718369000000184e+00	1.502027946199999953e+01	9.258810254000000128e+00	4.333958913000000024e+00	1.364364054700000040e+01	1.622268849999999984e+00
9.511759690999999961e+00	2.856055468000000097e+00	1.540152901199999924e+01	9.511759690999999961e+00	3.073420197999999992e+00	1.409252565100000076e+01	1.619209222000000059e+00
9.771619673000000006e+00	3.007745204999999977e+00	1.579087509100000020e+01	9.771619673000000006e+00	3.005945318999999838e+00	1.547030773300000028e+01	1.615993623999999906e+00
1.003857899399999987e+01	3.167130896999999834e+00	1.618836356199999926e+01	1.003857899399999987e+01	3.392231570999999946e+00	1.638944862600000008e+01	1.612615050000000050e+00
1.031283160699999968e+01	3.334560601999999818e+00	1.659402332299999827e+01	1.031283160699999968e+01	4.741982504000000098e+00	1.725131903000000122e+01	1.609065672000000058e+00
1.059457676399999926e+01	3.510398138999999862e+00	1.700787961300000006e+01	1.059457676399999926e+01	5.359538190000000313e+00	1.619491513899999902e+01	1.605338276999999980e+00
1.088401916099999944e+01	3.695018573000000028e+00	1.742993412799999930e+01	1.088401916099999944e+01	4.907889535999999886e+00	1.653161891999999966e+01	1.601424425000000040e+00
1.118136908399999996e+01	3.888805662000000218e+00	1.786018415499999890e+01	1.118136908399999996e+01	5.291472360000000208e+00	1.667689262900000102e+01	1.597316395000000000e+00
1.148684256700000006e+01	4.092159838999999799e+00	1.829860150600000068e+01	1.148684256700000006e+01	5.472146142999999796e+00	1.682898955900000004e+01	1.593005336000000050e+00
1.180066154400000045e+01	4.305485477000000394e+00	1.874514992699999993e+01	1.180066154400000045e+01	5.214402442999999998e+00	1.629731290100000152e+01	1.588482971999999993e+00
1.212305401300000085e+01	4.529205521999999817e+00	1.919976608200000001e+01	1.212305401300000085e+01	4.530849553999999557e+00	1.720323442500000155e+01	1.583740042999999931e+00
1.245425420099999947e+01	4.763744961000000444e+00	1.966237586800000159e+01	1.245425420099999947e+01	4.644844332999999992e+00	1.741787427499999907e+01	1.578767829000000011e+00
1.279450273199999977e+01	5.009545626000000418e+00	2.013287424900000033e+01	1.279450273199999977e+01	4.314361445000000295e+00	1.838070275000000109e+01	1.573556602000000026e+00
1.314404680700000050e+01	5.267052685000000345e+00	2.061114470900000128e+01	1.314404680700000050e+01	4.134562022999999975e+00	1.889225673900000047e+01	1.568097330000000067e+00
1.350314037899999953e+01	5.536721582000000197e+00	2.109703466999999932e+01	1.350314037899999953e+01	4.878898842999999985e+00	2.056649888800000170e+01	1.562379866999999978e+00
1.387204433800000025e+01	5.819016871999999729e+00	2.159037807800000053e+01	1.387204433800000025e+01	5.554485863000000023e+00	2.034293752700000013e+01	1.556394829000000035e+00
1.425102670300000085e+01	6.114401949000000336e+00	2.209097239500000143e+01	1.425102670300000085e+01	6.021408306999999738e+00	2.000838060399999918e+01	1.550131990999999987e+00
1.464036281499999959e+01	6.423355457999999629e+00	2.259859095699999898e+01	1.464036281499999959e+01	5.183372027999999965e+00	2.029033971500000177e+01	1.543581346999999937e+00
1.504033553600000062e+01	6.746348687000000233e+00	2.311298021700000049e+01	1.504033553600000062e+01	4.264720117000000421e+00	2.037674689299999997e+01	1.536733018000000062e+00
1.545123545799999931e+01	7.083859748000000067e+00	2.363384652199999891e+01	1.545123545799999931e+01	3.701772215000000088e+00	2.203543236899999869e+01	1.529576491999999899e+00
1.587336110999999939e+01	7.436369560000000156e+00	2.416087254600000023e+01	1.587336110999999939e+01	2.614471723999999941e+00	2.399425971999999874e+01	1.522101864999999998e+00
1.630701917700000081e+01	7.804348556999999964e+00	2.469370459199999956e+01	1.630701917700000081e+01	3.132850658000000177e+00	2.603769976699999944e+01	1.514299107999999894e+00
1.675252472400000059e+01	8.188268166000000292e+00	2.523194818200000000e+01	1.675252472400000059e+01	5.001082234000000071e+00	2.890632842500000166e+01	1.506157943000000055e+00
1.721020142200000080e+01	8.588595841000000064e+00	2.577517852000000076e+01	1.721020142200000080e+01	6.916367847000000069e+00	3.090411178500000133e+01	1.497668615000000036e+00
1.768038178500000157e+01	9.005784177000000668e+00	2.632293419699999859e+01	1.768038178500000157e+01	9.035514128000000866e+00	3.063322045800000026e+01	1.488821594000000026e+00
1.816340741100000145e+01	9.440273810000000765e+00	2.687471076199999942e+01	1.816340741100000145e+01	1.101801406200000066e+01	2.946310058099999907e+01	1.479607330999999970e+00
1.865962923200000034e+01	9.892494186000000411e+00	2.742996486299999859e+01	1.865962923200000034e+01	1.194199799299999931e+01	2.911576862000000077e+01	1.470016607999999891e+00
1.916940776499999899e+01	1.036285675899999958e+01	2.798811641400000028e+01	1.916940776499999899e+01	1.201554408099999982e+01	2.988671427499999922e+01	1.460040746000000000e+00
1.969311337899999970e+01	1.085174953699999989e+01	2.854854581800000091e+01	1.969311337899999970e+01	1.209529671700000009e+01	3.083345100400000049e+01	1.449671530999999902e+00
2.023112655899999979e+01	1.135953499800000088e+01	2.911059214799999850e+01	2.023112655899999979e+01	1.311852439499999967e+01	3.110886995399999932e+01	1.438901192999999967e+00
2.078383818600000055e+01	1.188654783600000009e+01	2.967355391999999981e+01	2.078383818600000055e+01	1.437705602499999991e+01	3.054763919499999858e+01	1.427722523999999993e+00
2.135164981899999859e+01	1.243309118900000065e+01	3.023669055799999938e+01	2.135164981899999859e+01	1.445830689599999985e+01	2.983979768900000096e+01	1.416129001999999915e+00
2.193497398899999951e+01	1.299943224599999958e+01	3.079922350000000009e+01	2.193497398899999951e+01	1.495778071099999984e+01	3.034262181900000144e+01	1.404114885999999895e+00
2.253423449599999984e+01	1.358579800499999912e+01	3.136033722499999854e+01	2.253423449599999984e+01	1.562572459599999952e+01	3.046693760599999834e+01	1.391675285000000040e+00
2.314986671899999848e+01	1.419237125799999966e+01	3.191918065200000143e+01	2.314986671899999848e+01	1.634053167300000098e+01	3.048924704999999946e+01	1.378806238999999989e+00
2.378231793000000138e+01	1.481928665400000078e+01	3.247486905299999904e+01	2.378231793000000138e+01	1.592895692899999993e+01	3.051390450599999937e+01	1.365504789999999913e+00
2.443204762199999891e+01	1.546662673600000026e+01	3.302648645299999686e+01	2.443204762199999891e+01	1.558611340899999931e+01	3.101262153900000129e+01	1.351769076999999930e+00
2.509952784100000045e+01	1.613441797899999841e+01	3.357308849500000036e+01	2.509952784100000045e+01	1.481136393000000062e+01	3.301823097100000126e+01	1.337598408999999933e+00
2.578524352899999883e+01	1.682262683700000139e+01	3.411370581599999952e+01	2.578524352899999883e+01	1.642240890900000139e+01	3.555539466300000129e+01	1.322993354000000066e+00
2.648969287599999944e+01	1.753115599299999872e+01	3.464734810000000209e+01	2.648969287599999944e+01	1.847400776199999939e+01	3.665143299900000073e+01	1.307955825000000072e+00
2.721338768400000063e+01	1.825984124800000075e+01	3.517300876699999890e+01	2.721338768400000063e+01	2.160861247400000096e+01	3.772304454700000065e+01	1.292489167000000050e+00
2.795685373499999926e+01	1.900844942200000176e+01	3.568966949600000049e+01	2.795685373499999926e+01	2.430625585099999952e+01	3.474086661100000128e+01	1.276598211999999899e+00
2.872063117800000143e+01	1.977667591999999885e+01	3.619630342199999973e+01	2.872063117800000143e+01	2.320827087300000002e+01	3.260700466699999822e+01	1.260289274000000015e+00
2.950527491700000127e+01	2.056413910399999878e+01	3.669187933199999918e+01	2.950527491700000127e+01	2.114024951000000030e+01	3.313810792799999660e+01	1.243570156000000093e+00
3.031135501600000026e+01	2.137037577899999974e+01	3.717537294299999928e+01	3.031135501600000026e+01	2.050529695099999827e+01	3.532136559100000284e+01	1.226450381999999895e+00
3.113945711299999886e+01	2.219484884999999963e+01	3.764577640600000308e+01	3.113945711299999886e+01	2.195352719399999941e+01	3.747590398700000236e+01	1.208941320999999958e+00
3.199018284799999989e+01	2.303694756999999882e+01	3.810209012899999692e+01	3.199018284799999989e+01	2.346527267100000103e+01	3.893180968699999767e+01	1.191055715999999931e+00
3.286415029399999810e+01	2.389596761500000000e+01	3.854333734299999747e+01	3.286415029399999810e+01	2.681327309199999931e+01	4.008754773100000079e+01	1.172807968999999950e+00
3.376199441100000342e+01	2.477113590100000096e+01	3.896858577900000142e+01	3.376199441100000342e+01	2.914149682000000041e+01	3.773758036499999946e+01	1.154214567999999996e+00
3.468436750800000112e+01	2.566160060300000012e+01	3.937692042100000123e+01	3.468436750800000112e+01	2.947865424600000139e+01	3.704849591699999678e+01	1.135293021999999930e+00
3.563193971199999766e+01	2.656642512499999853e+01	3.976749228399999936e+01	3.563193971199999766e+01	2.957775041500000057e+01	3.506839720699999674e+01	1.116063076999999959e+00
3.660539946000000100e+01	2.748461136599999932e+01	4.013948350900000150e+01	3.660539946000000100e+01	2.841983522299999976e+01	3.571085328499999889e+01	1.096545429999999932e+00
3.760545399699999791e+01	2.841507992800000082e+01	4.049215596799999872e+01	3.760545399699999791e+01	2.730071214699999871e+01	3.600991388399999948e+01	1.076762854000000047e+00
3.863282988699999976e+01	2.935668803600000132e+01	4.082481496500000162e+01	3.863282988699999976e+01	2.795214706999999876e+01	3.880749562300000122e+01	1.056738920999999998e+00
3.968827354599999779e+01	3.030823857000000032e+01	4.113685429299999896e+01	3.968827354599999779e+01	2.921988958500000066e+01	4.123561011000000320e+01	1.036498960999999941e+00
4.077255178299999727e+01	3.126846395999999828e+01	4.142773989799999868e+01	4.077255178299999727e+01	3.257628305299999738e+01	4.082715268900000183e+01	1.016069343000000069e+00
4.188645235399999933e+01	3.223605413899999661e+01	4.169701334599999853e+01	4.188645235399999933e+01	3.474734530599999971e+01	3.877820212299999980e+01	9.954773199999999989e-01
4.303078453700000239e+01	3.320965772400000304e+01	4.194430969100000084e+01	4.303078453700000239e+01	3.476854642400000017e+01	3.899554784699999743e+01	9.747512189999999466e-01
4.420637972000000104e+01	3.418788253700000013e+01	4.216935643299999725e+01	4.420637972000000104e+01	3.438272873999999746e+01	4.015937982100000170e+01	9.539201510000000495e-01
4.541409200399999690e+01	3.516930610099999654e+01	4.237197363300000319e+01	4.541409200399999690e+01	3.588065049600000123e+01	4.124190480400000069e+01	9.330137800000000148e-01
4.665479882199999651e+01	3.615248516900000197e+01	4.255207784400000293e+01	4.665479882199999651e+01	3.772183618599999733e+01	4.113194989699999837e+01	9.120621869999999687e-01
4.792940158300000064e+01	3.713596339699999760e+01	4.270968489199999851e+01	4.792940158300000064e+01	3.948006958999999938e+01	4.053336394800000164e+01	8.910957259999999769e-01
4.923882631699999735e+01	3.811827928400000332e+01	4.284491099800000313e+01	4.923882631699999735e+01	4.059305142899999908e+01	3.888123327200000290e+01	8.701448470000000546e-01
5.058402435699999700e+01	3.909797496499999880e+01	4.295797259900000142e+01	5.058402435699999700e+01	4.074788645400000320e+01	3.756434148599999645e+01	8.492399160000000391e-01
5.196597302499999671e+01	4.007360471799999857e+01	4.304918402799999910e+01	5.196597302499999671e+01	3.965586832599999667e+01	3.654423239799999834e+01	8.284110070000000325e-01
5.338567634199999645e+01	4.104373976099999766e+01	4.311895482599999951e+01	5.338567634199999645e+01	3.815305993700000187e+01	3.790052206899999732e+01	8.076877129999999738e-01
5.484416576099999929e+01	4.200697440399999749e+01	4.316779458999999974e+01	5.484416576099999929e+01	3.937913643800000330e+01	4.015980491599999880e+01	7.870991200000000410e-01
5.634250091300000207e+01	4.296194797900000140e+01	4.319630841800000098e+01	5.634250091300000207e+01	4.084559699700000124e+01	4.040845448400000350e+01	7.666736069999999792e-01
5.788177037700000227e+01	4.390733635499999821e+01	4.320517353399999649e+01	5.788177037700000227e+01	4.241053481600000197e+01	4.139891713400000128e+01	7.464383559999999695e-01
5.946309247399999975e+01	4.484185721299999727e+01	4.319517135699999955e+01	5.946309247399999975e+01	4.430409613900000210e+01	3.993919630900000328e+01	7.264198610000000000e-01
6.108761607499999968e+01	4.576429490900000019e+01	4.316714100099999740e+01	6.108761607499999968e+01	4.451516528100000158e+01	4.001411285799999717e+01	7.066430769999999528e-01
6.275652144000000021e+01	4.667348347699999778e+01	4.312201483100000132e+01	6.275652144000000021e+01	4.442660038999999728e+01	3.932203596099999743e+01	6.871320119999999587e-01
6.447102107300000284e+01	4.756832033599999932e+01	4.306077378700000224e+01	6.447102107300000284e+01	4.565458349499999713e+01	3.974882224299999933e+01	6.679089780000000420e-01
6.623236060300000361e+01	4.844777959200000339e+01	4.298446688300000318e+01	6.623236060300000361e+01	4.692843771100000083e+01	4.042499542000000190e+01	6.489949400000000201e-01
6.804181968899999333e+01	4.931090024200000244e+01	4.289419911400000274e+01	6.804181968899999333e+01	4.766260952999999745e+01	4.011048593499999981e+01	6.304093469999999533e-01
6.990071295200000634e+01	5.015679403000000036e+01	4.279111914300000308e+01	6.990071295200000634e+01	4.762126557799999915e+01	3.962936455799999891e+01	6.121699959999999940e-01
7.181039092499999299e+01	5.098464906800000307e+01	4.267641534700000250e+01	7.181039092499999299e+01	4.740255885500000232e+01	4.003826647500000036e+01	5.942930379999999957e-01
7.377224104200000454e+01	5.179373022499999735e+01	4.255131008000000037e+01	7.377224104200000454e+01	4.807152996100000308e+01	4.115139790799999986e+01	5.767929710000000432e-01
7.578768863599999861e+01	5.258338008300000155e+01	4.241705164700000097e+01	7.578768863599999861e+01	4.967666680699999660e+01	4.173178755600000045e+01	5.596826139999999672e-01
7.785819798500000388e+01	5.335301574399999680e+01	4.227490470000000045e+01	7.785819798500000388e+01	5.107210435900000078e+01	4.179751548000000128e+01	5.429730689999999749e-01
7.998527336799999432e+01	5.410212319800000103e+01	4.212615241400000343e+01	7.998527336799999432e+01	5.288955311600000186e+01	4.137797327799999891e+01	5.266738570000000230e-01
8.217046016099999406e+01	5.483027553899999873e+01	4.197208823799999777e+01	8.217046016099999406e+01	5.294926938900000124e+01	4.022326855699999726e+01	5.107929070000000182e-01
8.441534595999999624e+01	5.553710252199999786e+01	4.181399429199999673e+01	8.441534595999999624e+01	5.411329058199999764e+01	4.077753052799999978e+01	4.953364089999999775e-01
8.672156173400000512e+01	5.622231651399999919e+01	4.165316409799999775e+01	8.672156173400000512e+01	5.452685184300000287e+01	4.026036060900000280e+01	4.803092019999999907e-01
8.909078300900000613e+01	5.688568154600000071e+01	4.149087524400000149e+01	8.909078300900000613e+01	5.492705916399999921e+01	3.926530894500000102e+01	4.657145650000000248e-01
9.152473108799999579e+01	5.752703304399999951e+01	4.132839007100000117e+01	9.152473108799999579e+01	5.542459669600000183e+01	3.931637611600000071e+01	4.515543459999999953e-01
9.402517429700000662e+01	5.814626427500000005e+01	4.116695812599999726e+01	9.402517429700000662e+01	5.626412599799999725e+01	3.977843323300000122e+01	4.378291069999999952e-01
9.659392927400000417e+01	5.874332197500000063e+01	4.100780740900000154e+01	9.659392927400000417e+01	5.752964882999999929e+01	3.926487926699999775e+01	4.245381440000000062e-01
9.923286228800000686e+01	5.931820295100000351e+01	4.085214073099999865e+01	9.923286228800000686e+01	5.745633365100000134e+01	3.899924006300000201e+01	4.116795560000000020e-01
1.019438905939999955e+02	5.987094845699999723e+01	4.070113698000000113e+01	1.019438905939999955e+02	5.860527139399999896e+01	3.894494058699999783e+01	3.992503789999999886e-01
1.047289838239999966e+02	6.040164962099999713e+01	4.055594875700000301e+01	1.047289838239999966e+02	5.835513095799999661e+01	3.770118109799999928e+01	3.872466560000000224e-01
1.075901654219999983e+02	6.091042774699999995e+01	4.041768672199999912e+01	1.075901654219999983e+02	5.830673500500000017e+01	3.890480972999999665e+01	3.756633939999999838e-01
