1.000000000000000056e-01	4.875708699999999757e-02	2.202494399999999908e-01	1.000000000000000056e-01	9.162404200000000276e-02	1.810163330000000015e-01	2.202494397999999798e+00
1.027319859999999974e-01	4.894600300000000181e-02	2.262412119999999971e-01	1.027319859999999974e-01	9.122331000000000190e-02	1.860274869999999914e-01	2.202247026000000218e+00
1.055386100000000049e-01	4.914497300000000152e-02	2.323945839999999874e-01	1.055386100000000049e-01	9.080098500000000072e-02	1.911810879999999990e-01	2.201986392999999875e+00
1.084219109999999958e-01	4.935450599999999938e-02	2.387138020000000027e-01	1.084219109999999958e-01	9.035594199999999465e-02	1.964814950000000060e-01	2.201711815999999988e+00
1.113839830000000058e-01	4.957513699999999829e-02	2.452032140000000027e-01	1.113839830000000058e-01	8.988700199999999363e-02	2.019332229999999950e-01	2.201422577999999852e+00
1.144269779999999986e-01	4.980742300000000344e-02	2.518672730000000026e-01	1.144269779999999986e-01	8.939292899999999598e-02	2.075409559999999987e-01	2.201117929000000029e+00
1.175531070000000039e-01	5.005194699999999941e-02	2.587105359999999910e-01	1.175531070000000039e-01	8.887243000000000226e-02	2.133095489999999872e-01	2.200797085000000042e+00
1.207646420000000054e-01	5.030931599999999976e-02	2.657376710000000086e-01	1.207646420000000054e-01	8.832415200000000299e-02	2.192440400000000011e-01	2.200459227000000073e+00
1.240639159999999963e-01	5.058016399999999690e-02	2.729534550000000115e-01	1.240639159999999963e-01	8.774668100000000692e-02	2.253496590000000077e-01	2.200103497999999824e+00
1.274533250000000062e-01	5.086515099999999734e-02	2.803627759999999802e-01	1.274533250000000062e-01	8.713853700000000202e-02	2.316318350000000081e-01	2.199729002999999850e+00
1.309353329999999871e-01	5.116496300000000080e-02	2.879706349999999748e-01	1.309353329999999871e-01	8.649817699999999554e-02	2.380962120000000015e-01	2.199334809999999862e+00
1.345124679999999961e-01	5.148031399999999924e-02	2.957821489999999942e-01	1.345124679999999961e-01	8.582399100000000225e-02	2.447486530000000104e-01	2.198919946999999819e+00
1.381873309999999966e-01	5.181194699999999709e-02	3.038025520000000035e-01	1.381873309999999966e-01	8.511429900000000437e-02	2.515952570000000166e-01	2.198483400000000199e+00
1.419625899999999996e-01	5.216063199999999844e-02	3.120371960000000167e-01	1.419625899999999996e-01	8.436735300000000604e-02	2.586423669999999841e-01	2.198024116000000028e+00
1.458409880000000047e-01	5.252716699999999961e-02	3.204915509999999856e-01	1.458409880000000047e-01	8.358133299999999377e-02	2.658965870000000176e-01	2.197540999000000106e+00
1.498253439999999992e-01	5.291237900000000244e-02	3.291712119999999908e-01	1.498253439999999992e-01	8.275434800000000535e-02	2.733647949999999938e-01	2.197032909999999895e+00
1.539185519999999863e-01	5.331712300000000099e-02	3.380818959999999929e-01	1.539185519999999863e-01	8.188443600000000488e-02	2.810541550000000277e-01	2.196498671000000069e+00
1.581235860000000104e-01	5.374228200000000233e-02	3.472294430000000265e-01	1.581235860000000104e-01	8.096956199999999493e-02	2.889721359999999906e-01	2.195937057000000081e+00
1.624435009999999902e-01	5.418876400000000038e-02	3.566198210000000035e-01	1.624435009999999902e-01	8.000762000000000151e-02	2.971265289999999726e-01	2.195346803000000069e+00
1.668814349999999946e-01	5.465750899999999995e-02	3.662591259999999904e-01	1.668814349999999946e-01	7.899643400000000426e-02	3.055254629999999971e-01	2.194726602999999887e+00
1.714406139999999912e-01	5.514947600000000283e-02	3.761535830000000136e-01	1.714406139999999912e-01	7.793375900000000522e-02	3.141774239999999829e-01	2.194075108999999912e+00
1.761243479999999861e-01	5.566565400000000191e-02	3.863095469999999754e-01	1.761243479999999861e-01	7.681728399999999957e-02	3.230912770000000100e-01	2.193390931999999793e+00
1.809360409999999919e-01	5.620705200000000040e-02	3.967335080000000125e-01	1.809360409999999919e-01	7.564463500000000173e-02	3.322762850000000046e-01	2.192672647000000197e+00
1.858791890000000002e-01	5.677469899999999792e-02	4.074320880000000256e-01	1.858791890000000002e-01	7.441338100000000066e-02	3.417421350000000024e-01	2.191918792000000060e+00
1.909573830000000083e-01	5.736964600000000331e-02	4.184120450000000102e-01	1.909573830000000083e-01	7.312103699999999984e-02	3.514989579999999725e-01	2.191127872000000032e+00
1.961743129999999891e-01	5.799295499999999881e-02	4.296802760000000276e-01	1.961743129999999891e-01	7.176507199999999920e-02	3.615573559999999964e-01	2.190298362000000054e+00
2.015337690000000015e-01	5.864570399999999989e-02	4.412438189999999816e-01	2.015337690000000015e-01	7.034291700000000480e-02	3.719284319999999755e-01	2.189428710000000056e+00
2.070396439999999949e-01	5.932897699999999802e-02	4.531098510000000079e-01	2.070396439999999949e-01	6.885197699999999477e-02	3.826238120000000076e-01	2.188517345000000169e+00
2.126959390000000005e-01	6.004386500000000182e-02	4.652856980000000253e-01	2.126959390000000005e-01	6.728964199999999674e-02	3.936556780000000089e-01	2.187562681000000175e+00
2.185067629999999927e-01	6.079145500000000119e-02	4.777788290000000160e-01	2.185067629999999927e-01	6.565329899999999830e-02	4.050367999999999746e-01	2.186563120999999832e+00
2.244763379999999975e-01	6.157282900000000253e-02	4.905968680000000193e-01	2.244763379999999975e-01	6.394035200000000585e-02	4.167805669999999907e-01	2.185517069999999951e+00
2.306090010000000079e-01	6.238905499999999882e-02	5.037475919999999663e-01	2.306090010000000079e-01	6.214824000000000043e-02	4.289010209999999934e-01	2.184422941999999868e+00
2.369092070000000105e-01	6.324118099999999354e-02	5.172389379999999814e-01	2.369092070000000105e-01	6.027446000000000192e-02	4.414128900000000022e-01	2.183279170000000047e+00
2.433815350000000099e-01	6.413022799999999746e-02	5.310790060000000201e-01	2.433815350000000099e-01	5.831659299999999990e-02	4.543316299999999863e-01	2.182084216999999882e+00
2.500306849999999748e-01	6.505717799999999329e-02	5.452760679999999471e-01	2.500306849999999748e-01	5.627233400000000024e-02	4.676734559999999874e-01	2.180836595000000155e+00
2.568614900000000256e-01	6.602296700000000185e-02	5.598385740000000332e-01	2.568614900000000256e-01	5.413952500000000084e-02	4.814553859999999852e-01	2.179534872000000068e+00
2.638789100000000221e-01	6.702847300000000508e-02	5.747751580000000082e-01	2.638789100000000221e-01	5.191619499999999832e-02	4.956952740000000190e-01	2.178177698999999912e+00
2.710880460000000269e-01	6.807450600000000684e-02	5.900946519999999973e-01	2.710880460000000269e-01	4.960060399999999953e-02	5.104118549999999699e-01	2.176763821999999848e+00
2.784941349999999760e-01	6.916179299999999919e-02	6.058060939999999617e-01	2.784941349999999760e-01	4.719129200000000274e-02	5.256247819999999571e-01	2.175292110000000001e+00
2.861025569999999796e-01	7.029096899999999482e-02	6.219187440000000233e-01	2.861025569999999796e-01	4.468713299999999694e-02	5.413546630000000137e-01	2.173761572000000086e+00
2.939188400000000145e-01	7.146255899999999495e-02	6.384420950000000428e-01	2.939188400000000145e-01	4.208740100000000345e-02	5.576231040000000361e-01	2.172171391000000007e+00
3.019486630000000060e-01	7.267696599999999563e-02	6.553858980000000223e-01	3.019486630000000060e-01	3.939183500000000004e-02	5.744527379999999628e-01	2.170520950999999865e+00
3.101978590000000202e-01	7.393445599999999562e-02	6.727601770000000148e-01	3.101978590000000202e-01	3.660071699999999789e-02	5.918672659999999475e-01	2.168809866000000142e+00
3.186724220000000107e-01	7.523514400000000379e-02	6.905752550000000545e-01	3.186724220000000107e-01	3.371495699999999679e-02	6.098914850000000110e-01	2.167038017999999955e+00
3.273785100000000114e-01	7.657897399999999410e-02	7.088417809999999486e-01	3.273785100000000114e-01	3.073618700000000162e-02	6.285513139999999721e-01	2.165205595999999844e+00
3.363224459999999971e-01	7.796571200000000645e-02	7.275707630000000092e-01	3.363224459999999971e-01	2.766686200000000040e-02	6.478738149999999640e-01	2.163313130000000140e+00
3.455107290000000164e-01	7.939492700000000402e-02	7.467736029999999525e-01	3.455107290000000164e-01	2.451037099999999955e-02	6.678872070000000383e-01	2.161361541000000219e+00
3.549500360000000243e-01	8.086598100000000344e-02	7.664621339999999616e-01	3.549500360000000243e-01	2.127115799999999834e-02	6.886208750000000212e-01	2.159352181000000037e+00
3.646472219999999931e-01	8.237801899999999677e-02	7.866486689999999671e-01	3.646472219999999931e-01	1.795485399999999926e-02	7.101053600000000188e-01	2.157286882999999822e+00
3.746093349999999877e-01	8.392996099999999737e-02	8.073460529999999524e-01	3.746093349999999877e-01	1.456841099999999986e-02	7.323723479999999508e-01	2.155168004000000082e+00
3.848436109999999744e-01	8.552050199999999824e-02	8.285677099999999573e-01	3.848436109999999744e-01	1.112025699999999971e-02	7.554546359999999572e-01	2.152998482000000102e+00
3.953574859999999802e-01	8.714810700000000243e-02	8.503277150000000395e-01	3.953574859999999802e-01	7.620449999999999967e-03	7.793860830000000073e-01	2.150781874999999843e+00
4.061585990000000090e-01	8.881102899999999967e-02	8.726408540000000214e-01	4.061585990000000090e-01	4.080839999999999641e-03	8.042015470000000166e-01	2.148522417000000129e+00
4.172547970000000106e-01	9.050731300000000590e-02	8.955226990000000331e-01	4.172547970000000106e-01	5.152410000000000496e-04	8.299367859999999819e-01	2.146225056000000020e+00
4.286541409999999885e-01	9.223483000000000376e-02	9.189896829999999461e-01	4.286541409999999885e-01	-3.060392999999999794e-03	8.566283489999999556e-01	2.143895500000000176e+00
4.403649139999999962e-01	9.399130699999999616e-02	9.430591860000000493e-01	4.403649139999999962e-01	-6.627799000000000190e-03	8.843134230000000429e-01	2.141540245999999925e+00
4.523956230000000245e-01	9.577437499999999493e-02	9.677496119999999813e-01	4.523956230000000245e-01	-1.016623300000000021e-02	9.130296519999999694e-01	2.139166610000000190e+00
4.647550100000000239e-01	9.758163200000000148e-02	9.930804850000000128e-01	4.647550100000000239e-01	-1.365230400000000052e-02	9.428149150000000311e-01	2.136782741999999846e+00
4.774520540000000146e-01	9.941071799999999514e-02	1.019072529000000005e+00	4.774520540000000146e-01	-1.705983399999999942e-02	9.737070669999999817e-01	2.134397622999999911e+00
4.904959790000000264e-01	1.012594130000000064e-01	1.045747755999999917e+00	4.904959790000000264e-01	-2.035972800000000055e-02	1.005743622000000004e+00	2.132021057000000219e+00
5.038962630000000109e-01	1.031257520000000011e-01	1.073129543000000075e+00	5.038962630000000109e-01	-2.351989399999999952e-02	1.038961395000000065e+00	2.129663630000000030e+00
5.176626399999999517e-01	1.050081560000000053e-01	1.101242706999999932e+00	5.176626399999999517e-01	-2.650520199999999854e-02	1.073396087000000110e+00	2.127336650999999801e+00
5.318051129999999960e-01	1.069055960000000055e-01	1.130113555999999964e+00	5.318051129999999960e-01	-2.927751500000000048e-02	1.109081811999999889e+00	2.125052070000000182e+00
5.463339560000000095e-01	1.088177619999999984e-01	1.159769936000000001e+00	5.463339560000000095e-01	-3.179580600000000284e-02	1.146050578000000097e+00	2.122822355999999910e+00
5.612597259999999588e-01	1.107452740000000047e-01	1.190241241999999922e+00	5.612597259999999588e-01	-3.401639800000000324e-02	1.184331711000000009e+00	2.120660342999999948e+00
5.765932649999999660e-01	1.126898919999999998e-01	1.221558409000000012e+00	5.765932649999999660e-01	-3.589334300000000116e-02	1.223951253999999933e+00	2.118579045999999799e+00
5.923457149999999949e-01	1.146547579999999955e-01	1.253753861000000080e+00	5.923457149999999949e-01	-3.737899299999999925e-02	1.264931346000000012e+00	2.116591425999999831e+00
6.085285190000000455e-01	1.166446450000000051e-01	1.286861416000000036e+00	6.085285190000000455e-01	-3.842479900000000254e-02	1.307289621000000013e+00	2.114710117000000000e+00
6.251534349999999796e-01	1.186662069999999958e-01	1.320916146000000069e+00	6.251534349999999796e-01	-3.898237899999999756e-02	1.351038683999999934e+00	2.112947112000000072e+00
6.422325420000000173e-01	1.207282370000000021e-01	1.355954176000000011e+00	6.422325420000000173e-01	-3.900491400000000164e-02	1.396185720999999935e+00	2.111313405999999837e+00
6.597782479999999561e-01	1.228419000000000039e-01	1.392012417999999974e+00	6.597782479999999561e-01	-3.844890200000000008e-02	1.442732375000000067e+00	2.109818597999999934e+00
6.778032999999999975e-01	1.250209479999999929e-01	1.429128240000000050e+00	6.778032999999999975e-01	-3.727630600000000211e-02	1.490674993000000059e+00	2.108470467000000070e+00
6.963207940000000207e-01	1.272818860000000107e-01	1.467339063000000055e+00	6.963207940000000207e-01	-3.545709899999999887e-02	1.540005453000000024e+00	2.107274514000000210e+00
7.153441830000000223e-01	1.296440759999999970e-01	1.506681882000000083e+00	7.153441830000000223e-01	-3.297215800000000141e-02	1.590712791999999931e+00	2.106233499000000009e+00
7.348872889999999991e-01	1.321297519999999892e-01	1.547192730999999988e+00	7.348872889999999991e-01	-2.981639599999999848e-02	1.642785898000000078e+00	2.105346974999999787e+00
7.549643099999999718e-01	1.347639340000000019e-01	1.588906079000000027e+00	7.549643099999999718e-01	-2.600193099999999896e-02	1.696217596999999966e+00	2.104610850999999894e+00
7.755898319999999790e-01	1.375741930000000113e-01	1.631854190000000093e+00	7.755898319999999790e-01	-2.156092299999999920e-02	1.751010441999999889e+00	2.104016997000000000e+00
7.967788409999999599e-01	1.405902619999999936e-01	1.676066469000000003e+00	7.967788409999999599e-01	-1.654757899999999976e-02	1.807184528999999928e+00	2.103552934000000096e+00
8.185467309999999719e-01	1.438434540000000095e-01	1.721568822999999915e+00	8.185467309999999719e-01	-1.103859599999999948e-02	1.864787544999999991e+00	2.103201636000000097e+00
8.409093159999999623e-01	1.473658760000000068e-01	1.768383086000000048e+00	8.409093159999999623e-01	-5.131102999999999706e-03	1.923907121000000053e+00	2.102941485000000110e+00
8.638828440000000386e-01	1.511894099999999963e-01	1.816526569000000091e+00	8.638828440000000386e-01	1.063020999999999931e-03	1.984685287000000020e+00	2.102746433000000081e+00
8.874840059999999919e-01	1.553444870000000033e-01	1.866011805000000079e+00	8.874840059999999919e-01	7.427742000000000198e-03	2.047334477999999791e+00	2.102586404000000186e+00
9.117299479999999567e-01	1.598586459999999931e-01	1.916846572000000082e+00	9.117299479999999567e-01	1.385969899999999963e-02	2.112154083000000071e+00	2.102428000000000186e+00
9.366382869999999583e-01	1.647549409999999881e-01	1.969034286000000078e+00	9.366382869999999583e-01	2.029251799999999897e-02	2.179546080000000163e+00	2.102235530999999824e+00
9.622271169999999652e-01	1.700502720000000023e-01	2.022574861999999918e+00	9.622271169999999652e-01	2.672968699999999850e-02	2.250027798000000079e+00	2.101972418999999981e+00
9.885150310000000440e-01	1.757537560000000110e-01	2.077466123000000220e+00	9.885150310000000440e-01	3.328681700000000326e-02	2.324239488999999992e+00	2.101602966999999822e+00
1.015521128000000051e+00	1.818653130000000007e-01	2.133705823000000112e+00	1.015521128000000051e+00	4.024397200000000285e-02	2.402944036000000061e+00	2.101094467999999882e+00
1.043265026999999900e+00	1.883746749999999914e-01	2.191294306000000081e+00	1.043265026999999900e+00	4.810885899999999687e-02	2.487015716000000154e+00	2.100419596000000055e+00
1.071766884999999947e+00	1.952610750000000062e-01	2.250237740999999847e+00	1.071766884999999947e+00	5.769215899999999980e-02	2.577414076999999804e+00	2.099558935000000126e+00
1.101047410999999920e+00	2.024938940000000076e-01	2.310551800999999905e+00	1.101047410999999920e+00	7.019722600000000146e-02	2.675137107999999930e+00	2.098503458999999793e+00
1.131127876999999948e+00	2.100345210000000018e-01	2.372265513999999964e+00	1.131127876999999948e+00	8.732724899999999568e-02	2.781143917000000076e+00	2.097256697000000170e+00
1.162030136000000047e+00	2.178396469999999974e-01	2.435424904000000002e+00	1.162030136000000047e+00	1.114128080000000021e-01	2.896229846999999857e+00	2.095836267000000142e+00
1.193776641999999999e+00	2.258660730000000005e-01	2.500095869999999998e+00	1.193776641999999999e+00	1.455587309999999968e-01	3.020824669000000018e+00	2.094274409000000059e+00
1.226390456999999934e+00	2.340769319999999876e-01	2.566365719999999850e+00	1.226390456999999934e+00	1.937959479999999957e-01	3.154665957999999826e+00	2.092617162999999891e+00
1.259895277999999896e+00	2.424489890000000036e-01	2.634342650999999869e+00	1.259895277999999896e+00	2.611910210000000232e-01	3.296276264999999928e+00	2.090921917999999824e+00
1.294315445000000064e+00	2.509803580000000145e-01	2.704152606000000070e+00	1.294315445000000064e+00	3.537946840000000259e-01	3.442154603000000090e+00	2.089253138000000121e+00
1.329675967000000014e+00	2.596976850000000114e-01	2.775933059000000203e+00	1.329675967000000014e+00	4.781764969999999781e-01	3.585615740000000162e+00	2.087676340999999880e+00
1.366002533999999935e+00	2.686615740000000141e-01	2.849823660000000203e+00	1.366002533999999935e+00	6.400877799999999951e-01	3.715365734999999781e+00	2.086250639000000184e+00
1.403321537999999924e+00	2.779688450000000199e-01	2.925954110999999802e+00	1.403321537999999924e+00	8.416163859999999941e-01	3.814359400999999927e+00	2.085020454999999995e+00
1.441660090999999921e+00	2.877502319999999947e-01	3.004430289000000087e+00	1.441660090999999921e+00	1.076442380000000032e+00	3.860392934000000054e+00	2.084007392999999819e+00
1.481046048999999920e+00	2.981623689999999827e-01	3.085320289000000216e+00	1.481046048999999920e+00	1.324296616999999898e+00	3.830849451999999822e+00	2.083203484000000216e+00
1.521508026000000013e+00	3.093734699999999838e-01	3.168642771000000025e+00	1.521508026000000013e+00	1.548861672999999994e+00	3.713169538999999908e+00	2.082567241000000013e+00
1.563075417999999939e+00	3.215430799999999811e-01	3.254360543000000217e+00	1.563075417999999939e+00	1.705357851000000036e+00	3.517385682000000013e+00	2.082024006000000149e+00
1.605778426000000092e+00	3.347976189999999908e-01	3.342382530000000074e+00	1.605778426000000092e+00	1.758514450999999923e+00	3.280123409000000212e+00	2.081471812000000199e+00
1.649648073999999909e+00	3.492051829999999746e-01	3.432576894999999961e+00	1.649648073999999909e+00	1.699329531000000060e+00	3.052290879000000068e+00	2.080793443000000131e+00
1.694716235000000015e+00	3.647548440000000225e-01	3.524796745000000175e+00	1.694716235000000015e+00	1.546443172999999893e+00	2.878236513000000052e+00	2.079874300999999814e+00
1.741015651999999969e+00	3.813471390000000016e-01	3.618917285000000206e+00	1.741015651999999969e+00	1.332794575000000092e+00	2.782698374000000197e+00	2.078624210000000083e+00
1.788579963000000106e+00	3.988025230000000199e-01	3.714879612999999914e+00	1.788579963000000106e+00	1.090617517999999952e+00	2.771603278999999809e+00	2.076999456999999882e+00
1.837443724999999972e+00	4.168925960000000042e-01	3.812732031999999993e+00	1.837443724999999972e+00	8.438624989999999881e-01	2.840293711000000165e+00	2.075019757999999825e+00
1.887642437000000006e+00	4.353940139999999959e-01	3.912656323999999852e+00	1.887642437000000006e+00	6.078795809999999467e-01	2.981546327999999857e+00	2.072774084000000183e+00
1.939212571999999968e+00	4.541577259999999838e-01	4.014965669999999598e+00	1.939212571999999968e+00	3.926583630000000102e-01	3.190514284999999894e+00	2.070410293000000124e+00
1.992191596000000064e+00	4.731779469999999876e-01	4.120064623000000203e+00	1.992191596000000064e+00	2.071590020000000087e-01	3.467010361999999901e+00	2.068106617999999841e+00
2.046617998999999966e+00	4.926390999999999964e-01	4.228370441000000035e+00	2.046617998999999966e+00	6.438125899999999624e-02	3.816072416999999994e+00	2.066028170000000053e+00
2.102531325000000173e+00	5.129179539999999538e-01	4.340207948999999843e+00	2.102531325000000173e+00	-1.164802700000000003e-02	4.246563584999999641e+00	2.064277425000000221e+00
2.159972194999999928e+00	5.345247730000000086e-01	4.455703966999999821e+00	2.159972194999999928e+00	2.488581700000000105e-02	4.764484957999999715e+00	2.062852465000000191e+00
2.218982340999999803e+00	5.579824859999999997e-01	4.574717918000000161e+00	2.218982340999999803e+00	2.549204010000000187e-01	5.350608711999999656e+00	2.061628806999999952e+00
2.279604636999999823e+00	5.836654119999999946e-01	4.696847357000000223e+00	2.279604636999999823e+00	7.887102969999999491e-01	5.903023634000000186e+00	2.060378050000000183e+00
2.341883125999999926e+00	6.116451010000000243e-01	4.821535031999999887e+00	2.341883125999999926e+00	1.660826372000000051e+00	6.161136370000000362e+00	2.058828205000000189e+00
2.405863055000000195e+00	6.416108590000000333e-01	4.948272943000000090e+00	2.405863055000000195e+00	2.587513679999999816e+00	5.823159824000000206e+00	2.056755862999999795e+00
2.471590905999999865e+00	6.729310339999999835e-01	5.076850547000000269e+00	2.471590905999999865e+00	3.046728011999999985e+00	5.007772335000000297e+00	2.054082063000000069e+00
2.539114434000000031e+00	7.048819079999999460e-01	5.207545292999999909e+00	2.539114434000000031e+00	2.905515067000000062e+00	4.231872139000000033e+00	2.050929734999999976e+00
2.608482695000000184e+00	7.369928430000000086e-01	5.341136502000000341e+00	2.608482695000000184e+00	2.453072571999999951e+00	3.787673808000000086e+00	2.047602812000000050e+00
2.679746086999999832e+00	7.693681900000000073e-01	5.478670219999999702e+00	2.679746086999999832e+00	1.949550538000000000e+00	3.654295519000000159e+00	2.044473634000000040e+00
2.752956386000000144e+00	8.028025210000000467e-01	5.621015549000000000e+00	2.752956386000000144e+00	1.505459598999999926e+00	3.729751724000000213e+00	2.041810606999999944e+00
2.828166780000000102e+00	8.385536909999999899e-01	5.768389217000000180e+00	2.828166780000000102e+00	1.151472336999999957e+00	3.933793301000000131e+00	2.039621304000000190e+00
2.905431912000000061e+00	8.777860029999999814e-01	5.920113010999999759e+00	2.905431912000000061e+00	8.925644999999999829e-01	4.213597969000000276e+00	2.037601702999999986e+00
2.984807916999999922e+00	9.209023840000000183e-01	6.074837009000000343e+00	2.984807916999999922e+00	7.262832030000000438e-01	4.529468840999999912e+00	2.035252244000000044e+00
3.066352462999999862e+00	9.671573519999999702e-01	6.231263120999999572e+00	3.066352462999999862e+00	6.419202859999999511e-01	4.845834832999999620e+00	2.032141835000000007e+00
3.150124796000000060e+00	1.014933427000000110e+00	6.389062140000000056e+00	3.150124796000000060e+00	6.149484649999999997e-01	5.134373101999999633e+00	2.028193342999999871e+00
3.236185777000000208e+00	1.062736514000000021e+00	6.549375554000000044e+00	3.236185777000000208e+00	6.108631599999999606e-01	5.385277148000000125e+00	2.023794678999999874e+00
3.324597932000000089e+00	1.110398680999999943e+00	6.714351383000000340e+00	3.324597932000000089e+00	6.014993130000000354e-01	5.609873816000000346e+00	2.019598014000000052e+00
3.415425496000000116e+00	1.159582859999999993e+00	6.885750604000000052e+00	3.415425496000000116e+00	5.753935780000000166e-01	5.825613350000000246e+00	2.016074017999999857e+00
3.508734456000000002e+00	1.212930931000000045e+00	7.063475297000000097e+00	3.508734456000000002e+00	5.266470250000000464e-01	6.041551808000000356e+00	2.013111959999999812e+00
3.604592604000000033e+00	1.272128903999999894e+00	7.245265910999999726e+00	3.604592604000000033e+00	4.361006110000000269e-01	6.267398893000000193e+00	2.010009648000000038e+00
3.703069584000000081e+00	1.336262068999999997e+00	7.428265614999999933e+00	3.703069584000000081e+00	2.748118350000000043e-01	6.541917247999999852e+00	2.005975164000000088e+00
3.804236942000000177e+00	1.402173192000000013e+00	7.611637785000000100e+00	3.804236942000000177e+00	3.861234999999999667e-02	6.949005656999999836e+00	2.000831677999999947e+00
3.908168177999999937e+00	1.467217926000000006e+00	7.797915074999999696e+00	3.908168177999999937e+00	-2.087961779999999989e-01	7.606631891000000145e+00	1.995286466999999897e+00
4.014938800999999557e+00	1.532273798999999936e+00	7.991139956999999683e+00	4.014938800999999557e+00	-2.735971930000000163e-01	8.638902401999999370e+00	1.990351623000000014e+00
4.124626382999999841e+00	1.601679711999999922e+00	8.192813233000000750e+00	4.124626382999999841e+00	3.045879020000000215e-01	1.002121801100000020e+01	1.986316449999999900e+00
4.237310615000000169e+00	1.679168922999999980e+00	8.399658743999999899e+00	4.237310615000000169e+00	2.072243561000000067e+00	1.094108137099999922e+01	1.982308946999999932e+00
4.353073365000000194e+00	1.763387225000000003e+00	8.606539167999999407e+00	4.353073365000000194e+00	3.920871534999999852e+00	1.004725106000000068e+01	1.977117876999999968e+00
4.471998736999999835e+00	1.848632250000000088e+00	8.812603911000000068e+00	4.471998736999999835e+00	4.084117533999999772e+00	8.559828616000000778e+00	1.970618605000000079e+00
4.594173135000000130e+00	1.931691139000000002e+00	9.023400755000000828e+00	4.594173135000000130e+00	3.381881791000000081e+00	7.992238333999999611e+00	1.964096800999999948e+00
4.719685319999999962e+00	2.017034839999999996e+00	9.244523014000000316e+00	4.719685319999999962e+00	2.811226806000000078e+00	8.231134840999999369e+00	1.958715970999999945e+00
4.848626481000000155e+00	2.112116831999999889e+00	9.473516589000000820e+00	4.848626481000000155e+00	2.754209204999999994e+00	8.806135478999999933e+00	1.953855721000000045e+00
4.981090296999999723e+00	2.216871731999999984e+00	9.701946591000000453e+00	4.981090296999999723e+00	3.183277915000000124e+00	9.174261683999999306e+00	1.947755614000000079e+00
5.117173006999999885e+00	2.322462290999999901e+00	9.927643839999999997e+00	5.117173006999999885e+00	3.599703710000000001e+00	9.124026896000000164e+00	1.940064138000000105e+00
5.256973477999999922e+00	2.424542993999999840e+00	1.015964124399999946e+01	5.256973477999999922e+00	3.795100753999999910e+00	9.049992269000000533e+00	1.932602719999999996e+00
5.400593278999999747e+00	2.532006009999999918e+00	1.040459704200000068e+01	5.400593278999999747e+00	4.131231013999999924e+00	9.021139275999999541e+00	1.926565564999999980e+00
5.548136752999999644e+00	2.653645571000000203e+00	1.065420554099999961e+01	5.548136752999999644e+00	4.542755929000000137e+00	8.541290177000000483e+00	1.920321364999999947e+00
5.699711094000000422e+00	2.781700391999999855e+00	1.089806120499999942e+01	5.699711094000000422e+00	4.317547097000000278e+00	7.738258873000000371e+00	1.912037473999999904e+00
5.855426426000000184e+00	2.904441004000000159e+00	1.114394393899999969e+01	5.855426426000000184e+00	3.536352609999999785e+00	7.379265150000000162e+00	1.903182300999999965e+00
6.015395879999999806e+00	3.030109293999999842e+00	1.140497788499999920e+01	6.015395879999999806e+00	2.786236050999999936e+00	7.523715015999999700e+00	1.895964640000000090e+00
6.179735678000000121e+00	3.173058678999999938e+00	1.167222419900000041e+01	6.179735678000000121e+00	2.205282496000000148e+00	7.829007051999999689e+00	1.888790202000000029e+00
6.348565215999999900e+00	3.322976316000000097e+00	1.193076952200000029e+01	6.348565215999999900e+00	1.567027270000000083e+00	8.226633625999999921e+00	1.879285966999999946e+00
6.522007154999999834e+00	3.465140927000000204e+00	1.219348387500000008e+01	6.522007154999999834e+00	8.871724319999999553e-01	9.029432861000000088e+00	1.869590692999999915e+00
6.700187503999999628e+00	3.615872502999999849e+00	1.247419100299999961e+01	6.700187503999999628e+00	7.149253920000000484e-01	1.033304227700000055e+01	1.861767450000000101e+00
6.883235714999999644e+00	3.786751998999999813e+00	1.275284552499999968e+01	6.883235714999999644e+00	1.470357992999999919e+00	1.124486644899999988e+01	1.852739911000000017e+00
7.071284778999999965e+00	3.954054145000000187e+00	1.302254545399999941e+01	7.071284778999999965e+00	1.864895519999999918e+00	1.118435168899999965e+01	1.841609532000000105e+00
7.264471318000000011e+00	4.118309154000000305e+00	1.330995642599999940e+01	7.264471318000000011e+00	1.591570115999999979e+00	1.153285914900000009e+01	1.832198908999999931e+00
7.462935685999999791e+00	4.306639257999999693e+00	1.360500286399999936e+01	7.462935685999999791e+00	1.782497951000000080e+00	1.223828000500000002e+01	1.823009528000000046e+00
7.666822074999999792e+00	4.498203440000000164e+00	1.388494642799999923e+01	7.666822074999999792e+00	2.008969612000000016e+00	1.244341812000000047e+01	1.811043257999999989e+00
7.876278611000000041e+00	4.681077840000000378e+00	1.418047842200000019e+01	7.876278611000000041e+00	1.876594847000000010e+00	1.298856250100000054e+01	1.800403353000000095e+00
8.091457472000000095e+00	4.890485126999999821e+00	1.448692239300000040e+01	8.091457472000000095e+00	2.442191865999999933e+00	1.352207356999999988e+01	1.790397148999999910e+00
8.312514990000000381e+00	5.102590656000000280e+00	1.477500414200000023e+01	8.312514990000000381e+00	2.371887141999999837e+00	1.314406784400000028e+01	1.777440901999999934e+00
8.539611769000000407e+00	5.307092821000000349e+00	1.508339421500000022e+01	8.539611769000000407e+00	1.423943729000000102e+00	1.385365512999999993e+01	1.766285706999999983e+00
8.772912802000000454e+00	5.543190211999999839e+00	1.539473717399999941e+01	8.772912802000000454e+00	1.578018637000000002e+00	1.533240066299999960e+01	1.754803396000000015e+00
9.012587587000000511e+00	5.769656395000000160e+00	1.569059141600000018e+01	9.012587587000000511e+00	1.938166249000000008e+00	1.612723588100000072e+01	1.740964098000000071e+00
9.258810254000000128e+00	6.004671525000000010e+00	1.601503789399999889e+01	9.258810254000000128e+00	2.700576401999999820e+00	1.760924677399999894e+01	1.729707969999999984e+00
9.511759690999999961e+00	6.264005368000000296e+00	1.632004922200000152e+01	9.511759690999999961e+00	4.264741689000000058e+00	1.729598758299999872e+01	1.715776023999999955e+00
9.771619673000000006e+00	6.504696058000000392e+00	1.663611613000000133e+01	9.771619673000000006e+00	3.757609701999999885e+00	1.744489029300000027e+01	1.702493209000000007e+00
1.003857899399999987e+01	6.782152975999999889e+00	1.696022293900000122e+01	1.003857899399999987e+01	4.911444420999999672e+00	1.840847736399999945e+01	1.689504356000000040e+00
1.031283160699999968e+01	7.044378110000000248e+00	1.726721793500000146e+01	1.031283160699999968e+01	5.155897804000000306e+00	1.788186913899999908e+01	1.674343050999999916e+00
1.059457676399999926e+01	7.330106723000000102e+00	1.760285959999999861e+01	1.059457676399999926e+01	5.564403006000000040e+00	1.847402027300000071e+01	1.661497197000000092e+00
1.088401916099999944e+01	7.618238792999999731e+00	1.790848288899999829e+01	1.088401916099999944e+01	5.271381126999999722e+00	1.818160492799999872e+01	1.645392444000000065e+00
1.118136908399999996e+01	7.913508910000000007e+00	1.824778761099999969e+01	1.118136908399999996e+01	5.662035172999999588e+00	2.004332088900000031e+01	1.631981510999999996e+00
1.148684256700000006e+01	8.224126441999999315e+00	1.855527822099999824e+01	1.148684256700000006e+01	6.912957867000000256e+00	1.919946529899999987e+01	1.615350615999999961e+00
1.180066154400000045e+01	8.534133396999999732e+00	1.889594382299999964e+01	1.180066154400000045e+01	6.716497419999999607e+00	1.978850957999999949e+01	1.601261400000000057e+00
1.212305401300000085e+01	8.862089291000000202e+00	1.920388467600000126e+01	1.212305401300000085e+01	6.467121539999999946e+00	1.930697848799999861e+01	1.584079774999999968e+00
1.245425420099999947e+01	9.192692261999999559e+00	1.954602231799999856e+01	1.245425420099999947e+01	5.914492713999999651e+00	2.170186923900000053e+01	1.569425354999999911e+00
1.279450273199999977e+01	9.531969497000000402e+00	1.985321707700000005e+01	1.279450273199999977e+01	7.313575716999999976e+00	2.288586089700000059e+01	1.551698999000000079e+00
1.314404680700000050e+01	9.889513551000000291e+00	2.019348289299999877e+01	1.314404680700000050e+01	1.067040223400000087e+01	2.440852914399999918e+01	1.536321590000000015e+00
1.350314037899999953e+01	1.023515908399999930e+01	2.050535653100000033e+01	1.350314037899999953e+01	1.203522403800000085e+01	2.243871075699999906e+01	1.518562050000000108e+00
1.387204433800000025e+01	1.062007808699999956e+01	2.083178285099999982e+01	1.387204433800000025e+01	1.402508587500000026e+01	1.967636740700000075e+01	1.501709650000000007e+00
1.425102670300000085e+01	1.098022659299999937e+01	2.116004951300000059e+01	1.425102670300000085e+01	1.190318210000000043e+01	1.833053449599999851e+01	1.484808775999999941e+00
1.464036281499999959e+01	1.137307258899999951e+01	2.146452791700000162e+01	1.464036281499999959e+01	1.025516746399999946e+01	1.712805038300000149e+01	1.466119943999999897e+00
1.504033553600000062e+01	1.177266387100000067e+01	2.179904797000000016e+01	1.504033553600000062e+01	8.808181261999999734e+00	1.824028275599999915e+01	1.449372450000000034e+00
1.545123545799999931e+01	1.215861200400000008e+01	2.211057114700000170e+01	1.545123545799999931e+01	7.005312081999999663e+00	1.944773371899999859e+01	1.430990500000000054e+00
1.587336110999999939e+01	1.258134808700000029e+01	2.241360077299999887e+01	1.587336110999999939e+01	7.012197720999999717e+00	2.070637225899999834e+01	1.412026137000000015e+00
1.630701917700000081e+01	1.300528131699999967e+01	2.274061565399999907e+01	1.630701917700000081e+01	7.014450702000000426e+00	2.305445598900000093e+01	1.394529276000000095e+00
1.675252472400000059e+01	1.341674500200000075e+01	2.304994057200000057e+01	1.675252472400000059e+01	6.567780896000000368e+00	2.452953011900000035e+01	1.375908464999999969e+00
1.721020142200000080e+01	1.385422466600000035e+01	2.334137272899999971e+01	1.721020142200000080e+01	7.573358798000000114e+00	2.575925138799999914e+01	1.356252153000000016e+00
1.768038178500000157e+01	1.431087729400000086e+01	2.364748296899999858e+01	1.768038178500000157e+01	9.810650674999999765e+00	2.789954900200000054e+01	1.337498435000000097e+00
1.816340741100000145e+01	1.475930114600000032e+01	2.396017514700000106e+01	1.816340741100000145e+01	1.182071931800000009e+01	2.928218389299999913e+01	1.319145390000000084e+00
1.865962923200000034e+01	1.520494997199999965e+01	2.425655843699999892e+01	1.865962923200000034e+01	1.267052853400000068e+01	2.850558607299999991e+01	1.299948574999999940e+00
1.916940776499999899e+01	1.566617598899999919e+01	2.453808885200000134e+01	1.916940776499999899e+01	1.288305485799999950e+01	2.726921150400000116e+01	1.280065046999999900e+00
1.969311337899999970e+01	1.614535222599999997e+01	2.481861317899999975e+01	1.969311337899999970e+01	1.349357726600000085e+01	2.731998005000000163e+01	1.260268638000000108e+00
2.023112655899999979e+01	1.663340103899999889e+01	2.510358320599999971e+01	2.023112655899999979e+01	1.465578986300000075e+01	2.769507395100000124e+01	1.240839610999999953e+00
2.078383818600000055e+01	1.712365917600000031e+01	2.538918050299999862e+01	2.078383818600000055e+01	1.535378069000000067e+01	2.787297321699999841e+01	1.221582860999999909e+00
2.135164981899999859e+01	1.761557544200000081e+01	2.567024015100000156e+01	2.135164981899999859e+01	1.474806202799999966e+01	2.849770089600000134e+01	1.202260263999999967e+00
2.193497398899999951e+01	1.811140372399999876e+01	2.594439760999999933e+01	2.193497398899999951e+01	1.411373559599999972e+01	2.999534010100000003e+01	1.182786796000000029e+00
2.253423449599999984e+01	1.861311729799999881e+01	2.621165119599999827e+01	2.253423449599999984e+01	1.498708993900000053e+01	3.273849584700000293e+01	1.163192439999999994e+00
2.314986671899999848e+01	1.912157997599999959e+01	2.647271245800000017e+01	2.314986671899999848e+01	1.812362989300000038e+01	3.352854706800000173e+01	1.143536279000000100e+00
2.378231793000000138e+01	1.963688046100000051e+01	2.672794116800000097e+01	2.378231793000000138e+01	1.996939260099999913e+01	3.234168980199999766e+01	1.123857702000000014e+00
2.443204762199999891e+01	2.015862840400000167e+01	2.697695343299999848e+01	2.443204762199999891e+01	2.083328618899999896e+01	3.060491506900000047e+01	1.104162609000000073e+00
2.509952784100000045e+01	2.068568856999999994e+01	2.721871033200000056e+01	2.509952784100000045e+01	2.018796221799999913e+01	2.960279260300000104e+01	1.084431170000000000e+00
2.578524352899999883e+01	2.121549892299999840e+01	2.745242008199999972e+01	2.578524352899999883e+01	1.890332417600000170e+01	2.960257000300000030e+01	1.064656226999999955e+00
2.648969287599999944e+01	2.174429464299999992e+01	2.767977463900000146e+01	2.648969287599999944e+01	1.833321450700000099e+01	3.105603805399999828e+01	1.044926220000000017e+00
2.721338768400000063e+01	2.227082896599999984e+01	2.790692024000000160e+01	2.721338768400000063e+01	1.836650000299999874e+01	3.278522626600000223e+01	1.025484977000000075e+00
2.795685373499999926e+01	2.280282112700000141e+01	2.813977337000000034e+01	2.795685373499999926e+01	1.932590773800000150e+01	3.479217458600000157e+01	1.006542926000000060e+00
2.872063117800000143e+01	2.335282281399999960e+01	2.836988289900000026e+01	2.872063117800000143e+01	2.231382548599999893e+01	3.675092337899999961e+01	9.877875849999999680e-01
2.950527491700000127e+01	2.391210241599999975e+01	2.857630327900000111e+01	2.950527491700000127e+01	2.547698980199999852e+01	3.526059803999999787e+01	9.685150660000000356e-01
3.031135501600000026e+01	2.445091259699999853e+01	2.877005656200000061e+01	3.031135501600000026e+01	2.565341668900000016e+01	3.298166478699999971e+01	9.491511200000000148e-01
3.113945711299999886e+01	2.498963529999999977e+01	2.898710377400000127e+01	3.113945711299999886e+01	2.464528860200000082e+01	3.331857822300000294e+01	9.308801909999999680e-01
3.199018284799999989e+01	2.556075822400000064e+01	2.918696324200000092e+01	3.199018284799999989e+01	2.557685677399999946e+01	3.365862015999999812e+01	9.123725040000000286e-01
3.286415029399999810e+01	2.610146600499999892e+01	2.936351487399999982e+01	3.286415029399999810e+01	2.473729966599999841e+01	3.325963234400000346e+01	8.934816389999999942e-01
3.376199441100000342e+01	2.665829292000000095e+01	2.957203320099999999e+01	3.376199441100000342e+01	2.488865263299999953e+01	3.551107228899999768e+01	8.758971060000000364e-01
3.468436750800000112e+01	2.721781288000000032e+01	2.973384701899999882e+01	3.468436750800000112e+01	2.599977233699999957e+01	3.538144965400000075e+01	8.572694029999999854e-01
3.563193971199999766e+01	2.776814570200000176e+01	2.993266880699999888e+01	3.563193971199999766e+01	2.645776786800000124e+01	3.770608127599999904e+01	8.400516239999999968e-01
3.660539946000000100e+01	2.832570576799999884e+01	3.008517179800000108e+01	3.660539946000000100e+01	2.828605754399999839e+01	3.714312238899999841e+01	8.218779809999999797e-01
3.760545399699999791e+01	2.888948664300000146e+01	3.027326384099999856e+01	3.760545399699999791e+01	3.035342489900000018e+01	3.876900883500000106e+01	8.050232250000000089e-01
3.863282988699999976e+01	2.942795095399999994e+01	3.042965399599999898e+01	3.863282988699999976e+01	3.082211882100000011e+01	3.763139646199999788e+01	7.876630860000000123e-01
3.968827354599999779e+01	2.999840516900000154e+01	3.058143586299999939e+01	3.968827354599999779e+01	3.267565490399999817e+01	3.606086072200000103e+01	7.705408459999999460e-01
4.077255178299999727e+01	3.055673869499999995e+01	3.075397304699999879e+01	4.077255178299999727e+01	3.232834447500000152e+01	3.655506329300000345e+01	7.542812920000000476e-01
4.188645235399999933e+01	3.109673504699999924e+01	3.091098892799999831e+01	4.188645235399999933e+01	3.099292218600000126e+01	3.771845902399999773e+01	7.379710430000000487e-01
4.303078453700000239e+01	3.164264159200000037e+01	3.105177397399999961e+01	4.303078453700000239e+01	3.123693568899999917e+01	3.878642225200000127e+01	7.216176579999999952e-01
4.420637972000000104e+01	3.219592801999999665e+01	3.119121367600000028e+01	4.420637972000000104e+01	3.364992861700000049e+01	3.948453195199999755e+01	7.055817250000000485e-01
4.541409200399999690e+01	3.274848181400000158e+01	3.133268885300000051e+01	4.541409200399999690e+01	3.571665027499999923e+01	3.902688188100000133e+01	6.899331789999999520e-01
4.665479882199999651e+01	3.329623410399999983e+01	3.147367131900000103e+01	4.665479882199999651e+01	3.642093994100000032e+01	3.881820035999999874e+01	6.746073740000000374e-01
4.792940158300000064e+01	3.383831735199999713e+01	3.161305197400000111e+01	4.792940158300000064e+01	3.781816800000000001e+01	3.971552029899999781e+01	6.595753530000000309e-01
4.923882631699999735e+01	3.437537824599999681e+01	3.175287941799999913e+01	4.923882631699999735e+01	3.926988651500000316e+01	3.942122994100000000e+01	6.448748229999999859e-01
5.058402435699999700e+01	3.491209290599999804e+01	3.189611764100000002e+01	5.058402435699999700e+01	4.049238237600000190e+01	3.918056735399999724e+01	6.305571380000000170e-01
5.196597302499999671e+01	3.545674297000000053e+01	3.203703161699999669e+01	5.196597302499999671e+01	4.135570342700000168e+01	3.878605954700000069e+01	6.165001780000000098e-01
5.338567634199999645e+01	3.600028232799999728e+01	3.215906947399999893e+01	5.338567634199999645e+01	4.227631926899999826e+01	3.795689753399999944e+01	6.023913469999999659e-01
5.484416576099999929e+01	3.651563866699999750e+01	3.228050187899999912e+01	5.484416576099999929e+01	4.201446899700000159e+01	3.726479079199999944e+01	5.885858859999999471e-01
5.634250091300000207e+01	3.704290924400000051e+01	3.242865362999999945e+01	5.634250091300000207e+01	4.180083038099999726e+01	3.813392324600000194e+01	5.755629070000000125e-01
5.788177037700000227e+01	3.757333488700000146e+01	3.254058403199999816e+01	5.788177037700000227e+01	4.246244840600000003e+01	3.783070822799999888e+01	5.621905449999999860e-01
5.946309247399999975e+01	3.808201041800000297e+01	3.268629107400000322e+01	5.946309247399999975e+01	4.240402065499999651e+01	4.006845897899999898e+01	5.496904000000000234e-01
6.108761607499999968e+01	3.860032429400000353e+01	3.279749807299999986e+01	6.108761607499999968e+01	4.409563985999999858e+01	3.982564243499999890e+01	5.368927479999999752e-01
6.275652144000000021e+01	3.911965132299999937e+01	3.294127081999999973e+01	6.275652144000000021e+01	4.667804577999999793e+01	4.142542772099999837e+01	5.249059390000000436e-01
6.447102107300000284e+01	3.961207121700000044e+01	3.307448292699999826e+01	6.447102107300000284e+01	4.775040136300000171e+01	4.114561176600000181e+01	5.130131709999999901e-01
6.623236060300000361e+01	4.011065430299999690e+01	3.319563004199999767e+01	6.623236060300000361e+01	4.898670036600000088e+01	3.926888859499999995e+01	5.011995609999999601e-01
6.804181968899999333e+01	4.061226608900000201e+01	3.332310537600000089e+01	6.804181968899999333e+01	4.998308284400000190e+01	3.757858818199999718e+01	4.897444770000000114e-01
6.990071295200000634e+01	4.110716457699999893e+01	3.345663424699999666e+01	6.990071295200000634e+01	5.018937420500000002e+01	3.659840042999999810e+01	4.786308009999999946e-01
7.181039092499999299e+01	4.159307956100000325e+01	3.359391716399999694e+01	7.181039092499999299e+01	4.984218714600000055e+01	3.636241846400000099e+01	4.678141519999999831e-01
7.377224104200000454e+01	4.207213858000000073e+01	3.373792261999999909e+01	7.377224104200000454e+01	4.953127686799999907e+01	3.703305618699999968e+01	4.573254400000000275e-01
7.578768863599999861e+01	4.255441828699999718e+01	3.388910316100000131e+01	7.578768863599999861e+01	5.020651972299999954e+01	3.837124034200000011e+01	4.471584209999999726e-01
7.785819798500000388e+01	4.304039441500000152e+01	3.402768345399999816e+01	7.785819798500000388e+01	5.213769299599999840e+01	3.849683147199999667e+01	4.370468920000000201e-01
7.998527336799999432e+01	4.349476510800000284e+01	3.416598034300000108e+01	7.998527336799999432e+01	5.244783694200000213e+01	3.788354234100000184e+01	4.271533860000000238e-01
8.217046016099999406e+01	4.396626111300000161e+01	3.433154190799999839e+01	8.217046016099999406e+01	5.439072313300000161e+01	3.828480268799999919e+01	4.178088070000000043e-01
8.441534595999999624e+01	4.441255226100000186e+01	3.447393929599999751e+01	8.441534595999999624e+01	5.354496382399999987e+01	3.675283499100000029e+01	4.083847420000000228e-01
8.672156173400000512e+01	4.487848225500000154e+01	3.463436475299999984e+01	8.672156173400000512e+01	5.479943111299999714e+01	3.677911322599999977e+01	3.993743200000000049e-01
8.909078300900000613e+01	4.532147055899999799e+01	3.480859303700000140e+01	8.909078300900000613e+01	5.488196105499999788e+01	3.800962816599999883e+01	3.907092500000000079e-01
9.152473108799999579e+01	4.575544901300000333e+01	3.497833620499999796e+01	9.152473108799999579e+01	5.546935412500000240e+01	3.911502286599999678e+01	3.821736029999999729e-01
9.402517429700000662e+01	4.618882925399999806e+01	3.515186727700000091e+01	9.402517429700000662e+01	5.721291705899999869e+01	3.906860594100000128e+01	3.738559120000000124e-01
9.659392927400000417e+01	4.662160085899999729e+01	3.533147816299999988e+01	9.659392927400000417e+01	5.955050001299999707e+01	3.843418357000000185e+01	3.657732779999999795e-01
9.923286228800000686e+01	4.704989802000000054e+01	3.550979184700000246e+01	9.923286228800000686e+01	6.103219297900000129e+01	3.555575844999999902e+01	3.578430679999999864e-01
1.019438905939999955e+02	4.745562465199999735e+01	3.569353156300000052e+01	1.019438905939999955e+02	5.942555729699999745e+01	3.353145075900000194e+01	3.501291870000000084e-01
1.047289838239999966e+02	4.786718325199999668e+01	3.590688916999999947e+01	1.047289838239999966e+02	5.869480523400000038e+01	3.407686422199999754e+01	3.428553189999999917e-01
1.075901654219999983e+02	4.826934571400000351e+01	3.609727108199999890e+01	1.075901654219999983e+02	5.757231998700000020e+01	3.357017467299999680e+01	3.355071620000000254e-01
