1.000000000000000056e-01	8.320579499999999906e-02	1.499988060000000123e-01	1.000000000000000056e-01	-6.335424000000000090e-03	2.305933159999999926e-01	1.499988064000000065e+00
1.027319859999999974e-01	8.332945899999999462e-02	1.540692300000000015e-01	1.027319859999999974e-01	-4.683401000000000231e-03	2.365096979999999904e-01	1.499720154000000027e+00
1.055386100000000049e-01	8.345936199999999527e-02	1.582486379999999970e-01	1.055386100000000049e-01	-2.946065999999999789e-03	2.425555480000000097e-01	1.499438336000000094e+00
1.084219109999999958e-01	8.359578199999999348e-02	1.625398339999999942e-01	1.084219109999999958e-01	-1.119435000000000005e-03	2.487317239999999874e-01	1.499141944000000004e+00
1.113839830000000058e-01	8.373900700000000419e-02	1.669456870000000093e-01	1.113839830000000058e-01	8.006099999999999935e-04	2.550388860000000202e-01	1.498830287000000094e+00
1.144269779999999986e-01	8.388932999999999807e-02	1.714691289999999979e-01	1.144269779999999986e-01	2.818312999999999808e-03	2.614774790000000126e-01	1.498502647000000021e+00
1.175531070000000039e-01	8.404705299999999657e-02	1.761131609999999903e-01	1.175531070000000039e-01	4.938038999999999970e-03	2.680477039999999977e-01	1.498158281000000036e+00
1.207646420000000054e-01	8.421248500000000359e-02	1.808808490000000102e-01	1.207646420000000054e-01	7.164267999999999678e-03	2.747494950000000102e-01	1.497796421000000100e+00
1.240639159999999963e-01	8.438594100000000597e-02	1.857753259999999906e-01	1.240639159999999963e-01	9.501584999999999892e-03	2.815824889999999914e-01	1.497416271999999937e+00
1.274533250000000062e-01	8.456774000000000235e-02	1.907997969999999932e-01	1.274533250000000062e-01	1.195467000000000057e-02	2.885459980000000257e-01	1.497017016999999894e+00
1.309353329999999871e-01	8.475820900000000102e-02	1.959575329999999893e-01	1.309353329999999871e-01	1.452827899999999985e-02	2.956389770000000250e-01	1.496597812999999944e+00
1.345124679999999961e-01	8.495767599999999586e-02	2.012518779999999952e-01	1.345124679999999961e-01	1.722722800000000068e-02	3.028599900000000233e-01	1.496157793000000069e+00
1.381873309999999966e-01	8.516647099999999360e-02	2.066862469999999896e-01	1.381873309999999966e-01	2.005637399999999834e-02	3.102071730000000027e-01	1.495696069000000072e+00
1.419625899999999996e-01	8.538492699999999935e-02	2.122641299999999953e-01	1.419625899999999996e-01	2.302058400000000019e-02	3.176781969999999955e-01	1.495211733999999959e+00
1.458409880000000047e-01	8.561337500000000544e-02	2.179890879999999975e-01	1.458409880000000047e-01	2.612470899999999943e-02	3.252702310000000208e-01	1.494703858999999913e+00
1.498253439999999992e-01	8.585214200000000628e-02	2.238647599999999960e-01	1.498253439999999992e-01	2.937354299999999849e-02	3.329798959999999974e-01	1.494171501000000069e+00
1.539185519999999863e-01	8.610155399999999681e-02	2.298948590000000070e-01	1.539185519999999863e-01	3.277178299999999878e-02	3.408032249999999874e-01	1.493613701999999988e+00
1.581235860000000104e-01	8.636192400000000657e-02	2.360831780000000046e-01	1.581235860000000104e-01	3.632397999999999877e-02	3.487356169999999977e-01	1.493029495000000040e+00
1.624435009999999902e-01	8.663356099999999782e-02	2.424335890000000049e-01	1.624435009999999902e-01	4.003447699999999887e-02	3.567717950000000027e-01	1.492417901999999907e+00
1.668814349999999946e-01	8.691675599999999779e-02	2.489500450000000087e-01	1.668814349999999946e-01	4.390734899999999830e-02	3.649057560000000255e-01	1.491777947999999965e+00
1.714406139999999912e-01	8.721178500000000000e-02	2.556365829999999728e-01	1.714406139999999912e-01	4.794632000000000061e-02	3.731307300000000216e-01	1.491108657000000060e+00
1.761243479999999861e-01	8.751890599999999354e-02	2.624973239999999763e-01	1.761243479999999861e-01	5.215468100000000135e-02	3.814391340000000130e-01	1.490409061999999896e+00
1.809360409999999919e-01	8.783834699999999718e-02	2.695364780000000238e-01	1.809360409999999919e-01	5.653518800000000011e-02	3.898225300000000004e-01	1.489678209000000031e+00
1.858791890000000002e-01	8.817031200000000069e-02	2.767583439999999895e-01	1.858791890000000002e-01	6.108994899999999756e-02	3.982715880000000097e-01	1.488915170000000066e+00
1.909573830000000083e-01	8.851496600000000048e-02	2.841673189999999738e-01	1.909573830000000083e-01	6.582029699999999983e-02	4.067760550000000253e-01	1.488119044000000057e+00
1.961743129999999891e-01	8.887243699999999857e-02	2.917678919999999732e-01	1.961743129999999891e-01	7.072664900000000254e-02	4.153247230000000068e-01	1.487288971999999987e+00
2.015337690000000015e-01	8.924280499999999450e-02	2.995646590000000109e-01	2.015337690000000015e-01	7.580834300000000026e-02	4.239054190000000055e-01	1.486424143000000031e+00
2.070396439999999949e-01	8.962609800000000126e-02	3.075623210000000274e-01	2.070396439999999949e-01	8.106346500000000121e-02	4.325049999999999728e-01	1.485523812000000055e+00
2.126959390000000005e-01	9.002228199999999514e-02	3.157656910000000150e-01	2.126959390000000005e-01	8.648864700000000183e-02	4.411093609999999776e-01	1.484587306999999967e+00
2.185067629999999927e-01	9.043125700000000100e-02	3.241797020000000140e-01	2.185067629999999927e-01	9.207885700000000007e-02	4.497034679999999951e-01	1.483614046000000020e+00
2.244763379999999975e-01	9.085284799999999994e-02	3.328094160000000246e-01	2.244763379999999975e-01	9.782715899999999687e-02	4.582714119999999891e-01	1.482603552000000047e+00
2.306090010000000079e-01	9.128679400000000443e-02	3.416600280000000045e-01	2.306090010000000079e-01	1.037244610000000039e-01	4.667964920000000073e-01	1.481555474000000094e+00
2.369092070000000105e-01	9.173274100000000653e-02	3.507368799999999731e-01	2.369092070000000105e-01	1.097592450000000053e-01	4.752613319999999808e-01	1.480469599999999941e+00
2.433815350000000099e-01	9.219023499999999538e-02	3.600454719999999775e-01	2.433815350000000099e-01	1.159172710000000023e-01	4.836480400000000013e-01	1.479345884000000000e+00
2.500306849999999748e-01	9.265870700000000681e-02	3.695914739999999754e-01	2.500306849999999748e-01	1.221812830000000016e-01	4.919384090000000209e-01	1.478184460999999894e+00
2.568614900000000256e-01	9.313746800000000103e-02	3.793807419999999930e-01	2.568614900000000256e-01	1.285306930000000014e-01	5.001141829999999899e-01	1.476985680000000078e+00
2.638789100000000221e-01	9.362569799999999332e-02	3.894193340000000059e-01	2.638789100000000221e-01	1.349412650000000047e-01	5.081573689999999699e-01	1.475750121999999998e+00
2.710880460000000269e-01	9.412243700000000324e-02	3.997135310000000108e-01	2.710880460000000269e-01	1.413848119999999986e-01	5.160506409999999766e-01	1.474478629999999901e+00
2.784941349999999760e-01	9.462657600000000391e-02	4.102698559999999883e-01	2.784941349999999760e-01	1.478288990000000136e-01	5.237777980000000166e-01	1.473172338999999997e+00
2.861025569999999796e-01	9.513684699999999661e-02	4.210951000000000000e-01	2.861025569999999796e-01	1.542365780000000131e-01	5.313243220000000155e-01	1.471832706000000046e+00
2.939188400000000145e-01	9.565181999999999851e-02	4.321963489999999797e-01	2.939188400000000145e-01	1.605661640000000112e-01	5.386780220000000341e-01	1.470461537000000041e+00
3.019486630000000060e-01	9.616989300000000629e-02	4.435810119999999968e-01	3.019486630000000060e-01	1.667710799999999882e-01	5.458297659999999940e-01	1.469061025000000020e+00
3.101978590000000202e-01	9.668929199999999613e-02	4.552568559999999875e-01	3.101978590000000202e-01	1.727997759999999883e-01	5.527743149999999606e-01	1.467633777999999944e+00
3.186724220000000107e-01	9.720806899999999418e-02	4.672320409999999868e-01	3.186724220000000107e-01	1.785957649999999897e-01	5.595112389999999936e-01	1.466182851999999981e+00
3.273785100000000114e-01	9.772409999999999430e-02	4.795151610000000231e-01	3.273785100000000114e-01	1.840977839999999865e-01	5.660459260000000326e-01	1.464711786000000071e+00
3.363224459999999971e-01	9.823509800000000680e-02	4.921152850000000134e-01	3.363224459999999971e-01	1.892401260000000085e-01	5.723906520000000553e-01	1.463224625000000056e+00
3.455107290000000164e-01	9.873861700000000075e-02	5.050420020000000454e-01	3.455107290000000164e-01	1.939531529999999893e-01	5.785656999999999606e-01	1.461725957000000076e+00
3.549500360000000243e-01	9.923207000000000555e-02	5.183054710000000176e-01	3.549500360000000243e-01	1.981640349999999884e-01	5.846005050000000480e-01	1.460220929999999973e+00
3.646472219999999931e-01	9.971275000000000277e-02	5.319164730000000008e-01	3.646472219999999931e-01	2.017977240000000116e-01	5.905347690000000149e-01	1.458715275000000089e+00
3.746093349999999877e-01	1.001778620000000064e-01	5.458864620000000167e-01	3.746093349999999877e-01	2.047781879999999999e-01	5.964195239999999787e-01	1.457215319999999981e+00
3.848436109999999744e-01	1.006245550000000044e-01	5.602276189999999545e-01	3.848436109999999744e-01	2.070299140000000093e-01	6.023180670000000125e-01	1.455727996000000024e+00
3.953574859999999802e-01	1.010499740000000007e-01	5.749529089999999565e-01	3.953574859999999802e-01	2.084796829999999990e-01	6.083067189999999957e-01	1.454260837000000084e+00
4.061585990000000090e-01	1.014513120000000018e-01	5.900761319999999754e-01	4.061585990000000090e-01	2.090585889999999891e-01	6.144753389999999538e-01	1.452821960999999940e+00
4.172547970000000106e-01	1.018258809999999931e-01	6.056119770000000235e-01	4.172547970000000106e-01	2.087042819999999910e-01	6.209275300000000053e-01	1.451420048999999990e+00
4.286541409999999885e-01	1.021711919999999940e-01	6.215760670000000099e-01	4.286541409999999885e-01	2.073633870000000101e-01	6.277804599999999846e-01	1.450064301000000055e+00
4.403649139999999962e-01	1.024850479999999953e-01	6.379849990000000526e-01	4.403649139999999962e-01	2.049940199999999990e-01	6.351642699999999753e-01	1.448764374000000021e+00
4.523956230000000245e-01	1.027656450000000027e-01	6.548563760000000178e-01	4.523956230000000245e-01	2.015683349999999874e-01	6.432209970000000165e-01	1.447530307999999932e+00
4.647550100000000239e-01	1.030116969999999993e-01	6.722088290000000077e-01	4.647550100000000239e-01	1.970749930000000039e-01	6.521030209999999494e-01	1.446372420000000103e+00
4.774520540000000146e-01	1.032225670000000012e-01	6.900620179999999992e-01	4.774520540000000146e-01	1.915214670000000008e-01	6.619710020000000306e-01	1.445301182999999989e+00
4.904959790000000264e-01	1.033984059999999983e-01	7.084366210000000441e-01	4.904959790000000264e-01	1.849360600000000132e-01	6.729913749999999473e-01	1.444327072000000101e+00
5.038962630000000109e-01	1.035403109999999960e-01	7.273542950000000396e-01	5.038962630000000109e-01	1.773695600000000094e-01	6.853334110000000035e-01	1.443460388000000094e+00
5.176626399999999517e-01	1.036504840000000011e-01	7.468376119999999840e-01	5.176626399999999517e-01	1.688964520000000025e-01	6.991659540000000339e-01	1.442711053000000021e+00
5.318051129999999960e-01	1.037323980000000034e-01	7.669099700000000519e-01	5.318051129999999960e-01	1.596156119999999901e-01	7.146539069999999771e-01	1.442088371999999952e+00
5.463339560000000095e-01	1.037909639999999994e-01	7.875954560000000271e-01	5.463339560000000095e-01	1.496504840000000003e-01	7.319545669999999449e-01	1.441600777000000111e+00
5.612597259999999588e-01	1.038326839999999945e-01	8.089186860000000534e-01	5.612597259999999588e-01	1.391487200000000035e-01	7.512139169999999533e-01	1.441255535000000032e+00
5.765932649999999660e-01	1.038658040000000060e-01	8.309045919999999974e-01	5.765932649999999660e-01	1.282813289999999995e-01	7.725629499999999705e-01	1.441058442000000106e+00
5.923457149999999949e-01	1.039004280000000030e-01	8.535781690000000532e-01	5.923457149999999949e-01	1.172413820000000051e-01	7.961140880000000530e-01	1.441013494999999978e+00
6.085285190000000455e-01	1.039486149999999942e-01	8.769641750000000124e-01	6.085285190000000455e-01	1.062423489999999998e-01	8.219577169999999766e-01	1.441122556000000055e+00
6.251534349999999796e-01	1.040244190000000069e-01	9.010867919999999698e-01	6.251534349999999796e-01	9.551612299999999445e-02	8.501588180000000383e-01	1.441385012000000021e+00
6.422325420000000173e-01	1.041438799999999942e-01	9.259692370000000006e-01	6.422325420000000173e-01	8.531078899999999798e-02	8.807536280000000106e-01	1.441797443000000012e+00
6.597782479999999561e-01	1.043249410000000044e-01	9.516333439999999921e-01	6.597782479999999561e-01	7.588811700000000493e-02	9.137462259999999947e-01	1.442353317000000024e+00
6.778032999999999975e-01	1.045872709999999955e-01	9.780991169999999624e-01	6.778032999999999975e-01	6.752074499999999313e-02	9.491049019999999725e-01	1.443042718999999918e+00
6.963207940000000207e-01	1.049519919999999940e-01	1.005384266000000082e+00	6.963207940000000207e-01	6.048885400000000162e-02	9.867581460000000027e-01	1.443852136000000064e+00
7.153441830000000223e-01	1.054412889999999936e-01	1.033503759000000022e+00	7.153441830000000223e-01	5.507609799999999695e-02	1.026590134999999959e+00	1.444764327999999987e+00
7.348872889999999991e-01	1.060778789999999999e-01	1.062469394999999928e+00	7.348872889999999991e-01	5.156432200000000271e-02	1.068435621999999974e+00	1.445758295999999943e+00
7.549643099999999718e-01	1.068843430000000067e-01	1.092289443000000082e+00	7.549643099999999718e-01	5.022652899999999893e-02	1.112074304000000069e+00	1.446809376999999897e+00
7.755898319999999790e-01	1.078823150000000064e-01	1.122968382000000043e+00	7.755898319999999790e-01	5.131731600000000171e-02	1.157224932000000095e+00	1.447889509999999991e+00
7.967788409999999599e-01	1.090915140000000005e-01	1.154506781000000037e+00	7.967788409999999599e-01	5.505994200000000061e-02	1.203539817000000012e+00	1.448967670000000041e+00
8.185467309999999719e-01	1.105286550000000034e-01	1.186901382999999921e+00	8.185467309999999719e-01	6.162911299999999926e-02	1.250600844000000045e+00	1.450010535000000100e+00
8.409093159999999623e-01	1.122062530000000058e-01	1.220145441999999969e+00	8.409093159999999623e-01	7.112878699999999887e-02	1.297918834000000077e+00	1.450983380000000045e+00
8.638828440000000386e-01	1.141313699999999959e-01	1.254229366999999984e+00	8.638828440000000386e-01	8.356478500000000254e-02	1.344938855000000100e+00	1.451851226999999911e+00
8.874840059999999919e-01	1.163043829999999973e-01	1.289141746000000088e+00	8.874840059999999919e-01	9.881304400000000265e-02	1.391054907000000007e+00	1.452580256999999930e+00
9.117299479999999567e-01	1.187178539999999977e-01	1.324870771000000058e+00	9.117299479999999567e-01	1.165860860000000054e-01	1.435637929000000090e+00	1.453139466999999962e+00
9.366382869999999583e-01	1.213556489999999960e-01	1.361406118000000109e+00	9.366382869999999583e-01	1.364027299999999998e-01	1.478080875000000072e+00	1.453502528000000016e+00
9.622271169999999652e-01	1.241924410000000006e-01	1.398741243999999995e+00	9.622271169999999652e-01	1.575690250000000014e-01	1.517862966000000036e+00	1.453649785999999944e+00
9.885150310000000440e-01	1.271937810000000058e-01	1.436876070999999921e+00	9.885150310000000440e-01	1.791810430000000121e-01	1.554631606999999915e+00	1.453570280999999964e+00
1.015521128000000051e+00	1.303169100000000080e-01	1.475819926000000004e+00	1.015521128000000051e+00	2.001611650000000020e-01	1.588294590000000062e+00	1.453263635000000109e+00
1.043265026999999900e+00	1.335124930000000099e-01	1.515594533000000022e+00	1.043265026999999900e+00	2.193369820000000137e-01	1.619107912999999899e+00	1.452741626999999980e+00
1.071766884999999947e+00	1.367273960000000010e-01	1.556236807000000111e+00	1.071766884999999947e+00	2.355647080000000115e-01	1.647738139000000102e+00	1.452029194000000079e+00
1.101047410999999920e+00	1.399085519999999916e-01	1.597801062000000050e+00	1.101047410999999920e+00	2.478872980000000059e-01	1.675276183999999891e+00	1.451164633000000093e+00
1.131127876999999948e+00	1.430078589999999872e-01	1.640360228000000031e+00	1.131127876999999948e+00	2.557046199999999936e-01	1.703184825999999985e+00	1.450198746000000094e+00
1.162030136000000047e+00	1.459878779999999876e-01	1.684005629999999920e+00	1.162030136000000047e+00	2.589245110000000238e-01	1.733175541999999902e+00	1.449192733999999927e+00
1.193776641999999999e+00	1.488279259999999993e-01	1.728844910000000068e+00	1.193776641999999999e+00	2.580644950000000049e-01	1.767027311999999961e+00	1.448214724000000064e+00
1.226390456999999934e+00	1.515299529999999950e-01	1.774997774000000028e+00	1.226390456999999934e+00	2.542855809999999828e-01	1.806373360999999900e+00	1.447334952000000063e+00
1.259895277999999896e+00	1.541234400000000004e-01	1.822589454000000053e+00	1.259895277999999896e+00	2.493569409999999986e-01	1.852484363000000078e+00	1.446619799999999900e+00
1.294315445000000064e+00	1.566684030000000116e-01	1.871742012999999982e+00	1.294315445000000064e+00	2.455644090000000113e-01	1.906066575000000096e+00	1.446125069000000041e+00
1.329675967000000014e+00	1.592555800000000077e-01	1.922563978999999978e+00	1.329675967000000014e+00	2.455778510000000137e-01	1.967075263999999990e+00	1.445889092999999903e+00
1.366002533999999935e+00	1.620029339999999873e-01	1.975139194999999903e+00	1.366002533999999935e+00	2.522780629999999968e-01	2.034527425999999917e+00	1.445926449999999974e+00
1.403321537999999924e+00	1.650478599999999907e-01	2.029516150000000074e+00	1.403321537999999924e+00	2.685135929999999949e-01	2.106294775999999924e+00	1.446223189999999992e+00
1.441660090999999921e+00	1.685348600000000086e-01	2.085699464000000170e+00	1.441660090999999921e+00	2.967182270000000011e-01	2.178882220999999841e+00	1.446734549999999953e+00
1.481046048999999920e+00	1.725990749999999907e-01	2.143645468999999970e+00	1.481046048999999920e+00	3.382881400000000149e-01	2.247265533000000204e+00	1.447386102999999924e+00
1.521508026000000013e+00	1.773468920000000060e-01	2.203263975000000041e+00	1.521508026000000013e+00	3.926368430000000131e-01	2.304987661999999826e+00	1.448079101999999896e+00
1.563075417999999939e+00	1.828358629999999874e-01	2.264428050999999886e+00	1.563075417999999939e+00	4.559985540000000004e-01	2.344869311000000067e+00	1.448700442999999893e+00
1.605778426000000092e+00	1.890573259999999978e-01	2.326992976000000102e+00	1.605778426000000092e+00	5.204214780000000484e-01	2.360731330000000128e+00	1.449137027999999994e+00
1.649648073999999909e+00	1.959261569999999897e-01	2.390824073000000105e+00	1.649648073999999909e+00	5.738897080000000539e-01	2.350151245999999805e+00	1.449293404000000063e+00
1.694716235000000015e+00	2.032824840000000133e-01	2.455830914999999948e+00	1.694716235000000015e+00	6.025982269999999863e-01	2.317285864000000029e+00	1.449110396000000023e+00
1.741015651999999969e+00	2.109095490000000017e-01	2.522002602999999787e+00	1.741015651999999969e+00	5.953110740000000511e-01	2.273785790999999890e+00	1.448581233999999940e+00
1.788579963000000106e+00	2.185694360000000058e-01	2.589436019999999949e+00	1.788579963000000106e+00	5.477441669999999485e-01	2.236308355999999886e+00	1.447760834000000107e+00
1.837443724999999972e+00	2.260541130000000010e-01	2.658347345000000139e+00	1.837443724999999972e+00	4.641567109999999996e-01	2.221573246000000168e+00	1.446763951999999964e+00
1.887642437000000006e+00	2.332436039999999933e-01	2.729057914999999834e+00	1.887642437000000006e+00	3.553119599999999823e-01	2.241971477999999962e+00	1.445749396999999936e+00
1.939212571999999968e+00	2.401577420000000074e-01	2.801949725000000058e+00	1.939212571999999968e+00	2.347306180000000020e-01	2.303986597000000192e+00	1.444890449000000077e+00
1.992191596000000064e+00	2.469848410000000105e-01	2.877393318000000200e+00	1.992191596000000064e+00	1.157958099999999990e-01	2.409203762999999832e+00	1.444335637000000006e+00
2.046617998999999966e+00	2.540717739999999725e-01	2.955660222000000115e+00	2.046617998999999966e+00	1.086338700000000039e-02	2.556180442000000053e+00	1.444167999999999896e+00
2.102531325000000173e+00	2.618662729999999828e-01	3.036840992000000128e+00	2.102531325000000173e+00	-6.793114499999999834e-02	2.741575736000000152e+00	1.444373719999999972e+00
2.159972194999999928e+00	2.708137179999999811e-01	3.120795828999999966e+00	2.159972194999999928e+00	-1.071161020000000047e-01	2.959549040999999825e+00	1.444831482999999972e+00
2.218982340999999803e+00	2.812262200000000267e-01	3.207164752000000174e+00	2.218982340999999803e+00	-9.095294499999999338e-02	3.198747878999999905e+00	1.445331353999999902e+00
2.279604636999999823e+00	2.931589700000000187e-01	3.295455374999999965e+00	2.279604636999999823e+00	-3.703192000000000116e-03	3.436738093999999855e+00	1.445625842999999966e+00
2.341883125999999926e+00	3.063426459999999962e-01	3.385205323000000099e+00	2.341883125999999926e+00	1.605730009999999930e-01	3.634710604999999983e+00	1.445505663999999912e+00
2.405863055000000195e+00	3.202212649999999772e-01	3.476183231999999901e+00	2.405863055000000195e+00	3.790876169999999878e-01	3.742963770999999884e+00	1.444879926000000037e+00
2.471590905999999865e+00	3.341206809999999749e-01	3.568556092000000124e+00	2.471590905999999865e+00	5.879677709999999724e-01	3.730592538999999874e+00	1.443829593000000022e+00
2.539114434000000031e+00	3.475196999999999870e-01	3.662932556999999978e+00	2.539114434000000031e+00	7.088492240000000555e-01	3.623428480999999923e+00	1.442602391999999956e+00
2.608482695000000184e+00	3.603294550000000207e-01	3.760216280999999938e+00	2.608482695000000184e+00	7.051946140000000529e-01	3.496967283000000037e+00	1.441533919000000052e+00
2.679746086999999832e+00	3.730439509999999848e-01	3.861278160999999987e+00	2.679746086999999832e+00	6.012171990000000354e-01	3.421694798999999954e+00	1.440911950000000052e+00
2.752956386000000144e+00	3.866427789999999920e-01	3.966556756000000128e+00	2.752956386000000144e+00	4.485412750000000170e-01	3.427199998999999941e+00	1.440835306000000093e+00
2.828166780000000102e+00	4.022171549999999929e-01	4.075773917000000246e+00	2.828166780000000102e+00	2.916303299999999932e-01	3.507956329000000206e+00	1.441136337999999961e+00
2.905431912000000061e+00	4.204306059999999845e-01	4.187960174999999730e+00	2.905431912000000061e+00	1.556202780000000008e-01	3.641583671999999883e+00	1.441424304999999961e+00
2.984807916999999922e+00	4.410679209999999739e-01	4.301887649000000202e+00	2.984807916999999922e+00	4.531659700000000013e-02	3.802087010999999794e+00	1.441261136000000054e+00
3.066352462999999862e+00	4.629899639999999761e-01	4.416796437000000353e+00	3.066352462999999862e+00	-5.346161600000000347e-02	3.971259444999999833e+00	1.440407288000000063e+00
3.150124796000000060e+00	4.846863120000000080e-01	4.533037074000000111e+00	3.150124796000000060e+00	-1.660498360000000062e-01	4.151653812000000165e+00	1.439002378000000082e+00
3.236185777000000208e+00	5.052550930000000440e-01	4.652129931000000163e+00	3.236185777000000208e+00	-3.105361050000000067e-01	4.372840777999999595e+00	1.437534878999999988e+00
3.324597932000000089e+00	5.252191430000000549e-01	4.775986291999999800e+00	3.324597932000000089e+00	-4.785827240000000149e-01	4.683070953999999730e+00	1.436560566999999899e+00
3.415425496000000116e+00	5.464854510000000110e-01	4.905619942999999594e+00	3.415425496000000116e+00	-6.237001279999999648e-01	5.135098342000000038e+00	1.436312972000000077e+00
3.508734456000000002e+00	5.712032540000000491e-01	5.040216914000000159e+00	3.508734456000000002e+00	-6.419647130000000201e-01	5.769533967000000096e+00	1.436477162000000085e+00
3.604592604000000033e+00	6.001011269999999564e-01	5.177457069999999995e+00	3.604592604000000033e+00	-3.342455950000000064e-01	6.548802005999999842e+00	1.436350134000000001e+00
3.703069584000000081e+00	6.315826820000000064e-01	5.315257519000000208e+00	3.703069584000000081e+00	5.192293040000000026e-01	7.151854823999999944e+00	1.435365282000000020e+00
3.804236942000000177e+00	6.627333159999999612e-01	5.453824760999999910e+00	3.804236942000000177e+00	1.616763767999999990e+00	6.975449121999999669e+00	1.433618580000000087e+00
3.908168177999999937e+00	6.919412090000000015e-01	5.596040559999999608e+00	3.908168177999999937e+00	2.075011777999999918e+00	6.169448763000000113e+00	1.431883251999999995e+00
4.014938800999999557e+00	7.209043510000000543e-01	5.745174283999999965e+00	4.014938800999999557e+00	1.828103838000000092e+00	5.572037272000000208e+00	1.430949403999999925e+00
4.124626382999999841e+00	7.536105229999999766e-01	5.901562167999999886e+00	4.124626382999999841e+00	1.392828119999999892e+00	5.439848063000000344e+00	1.430811331999999991e+00
4.237310615000000169e+00	7.924730269999999965e-01	6.061683595999999952e+00	4.237310615000000169e+00	1.077980830000000001e+00	5.623986538999999674e+00	1.430549738999999931e+00
4.353073365000000194e+00	8.352403050000000162e-01	6.221544041999999664e+00	4.353073365000000194e+00	9.864198069999999818e-01	5.913752297000000269e+00	1.429230229000000074e+00
4.471998736999999835e+00	8.768758829999999671e-01	6.381645418999999819e+00	4.471998736999999835e+00	1.059127354999999993e+00	6.104948685000000097e+00	1.427023082000000054e+00
4.594173135000000130e+00	9.156846680000000349e-01	6.547404700999999605e+00	4.594173135000000130e+00	1.093864560000000097e+00	6.138255327000000428e+00	1.425154105000000060e+00
4.719685319999999962e+00	9.564688289999999649e-01	6.722872499000000168e+00	4.719685319999999962e+00	9.700025230000000054e-01	6.164182202000000110e+00	1.424432359999999953e+00
4.848626481000000155e+00	1.005170571999999929e+00	6.904781051999999697e+00	4.848626481000000155e+00	7.647145950000000525e-01	6.317140724999999790e+00	1.424069492000000103e+00
4.981090296999999723e+00	1.060385187000000062e+00	7.086006302000000368e+00	4.981090296999999723e+00	5.846640920000000241e-01	6.587600459999999991e+00	1.422581378000000063e+00
5.117173006999999885e+00	1.114196629999999910e+00	7.266102177999999689e+00	5.117173006999999885e+00	4.409529019999999799e-01	6.923554889000000045e+00	1.419944600000000001e+00
5.256973477999999922e+00	1.164135914000000049e+00	7.453544319999999779e+00	5.256973477999999922e+00	3.116522640000000122e-01	7.363725995000000246e+00	1.417839437999999896e+00
5.400593278999999747e+00	1.218743036000000002e+00	7.653006879000000318e+00	5.400593278999999747e+00	3.176012520000000006e-01	7.995377290999999609e+00	1.417067808000000095e+00
5.548136752999999644e+00	1.284623955999999900e+00	7.856344816000000009e+00	5.548136752999999644e+00	7.424095309999999559e-01	8.672368733000000773e+00	1.416033016000000089e+00
5.699711094000000422e+00	1.353897287999999977e+00	8.055504827000000034e+00	5.699711094000000422e+00	1.520728246000000006e+00	8.822456069999999428e+00	1.413318094999999941e+00
5.855426426000000184e+00	1.417187411000000008e+00	8.258565158999999767e+00	5.855426426000000184e+00	1.842253257999999949e+00	8.392692950000000707e+00	1.410412250000000034e+00
6.015395879999999806e+00	1.482940418999999954e+00	8.476289621999999468e+00	6.015395879999999806e+00	1.564857138999999897e+00	8.190327508999999395e+00	1.409099217000000070e+00
6.179735678000000121e+00	1.562969749999999935e+00	8.699743892000000756e+00	6.179735678000000121e+00	1.269590183000000039e+00	8.436508283000000219e+00	1.407785760999999969e+00
6.348565215999999900e+00	1.647117815999999957e+00	8.916743515000000286e+00	6.348565215999999900e+00	1.203470288000000110e+00	8.784221412999999146e+00	1.404528930999999981e+00
6.522007154999999834e+00	1.723353464999999973e+00	9.139733153999999971e+00	6.522007154999999834e+00	1.121062100000000061e+00	9.065770259000000664e+00	1.401368157999999919e+00
6.700187503999999628e+00	1.806963670000000022e+00	9.380038406000000606e+00	6.700187503999999628e+00	9.919945540000000284e-01	9.557798281000000173e+00	1.399966553000000058e+00
6.883235714999999644e+00	1.907219897999999914e+00	9.619408914999999283e+00	6.883235714999999644e+00	1.206746030999999997e+00	1.017209679299999969e+01	1.397512639999999973e+00
7.071284778999999965e+00	2.002779889999999785e+00	9.852860753999999943e+00	7.071284778999999965e+00	1.541307943000000069e+00	1.037557520700000069e+01	1.393362176999999980e+00
7.264471318000000011e+00	2.095154792000000210e+00	1.010428121900000065e+01	7.264471318000000011e+00	1.397105741000000068e+00	1.060503057400000060e+01	1.390917629000000044e+00
7.462935685999999791e+00	2.208427965999999909e+00	1.036397987199999982e+01	7.462935685999999791e+00	1.398422371000000108e+00	1.145681207700000037e+01	1.388726944000000074e+00
7.666822074999999792e+00	2.323460059999999938e+00	1.061204518899999982e+01	7.666822074999999792e+00	2.197469165999999863e+00	1.216091374199999997e+01	1.384151750000000014e+00
7.876278611000000041e+00	2.429991457999999938e+00	1.087646764199999971e+01	7.876278611000000041e+00	2.889736168999999855e+00	1.215488299599999955e+01	1.380914538000000080e+00
8.091457472000000095e+00	2.560037322999999976e+00	1.115288705600000085e+01	8.091457472000000095e+00	3.375121624000000153e+00	1.216922753000000057e+01	1.378353294000000062e+00
8.312514990000000381e+00	2.692016124999999871e+00	1.141471440900000012e+01	8.312514990000000381e+00	3.768193029999999943e+00	1.173137905799999992e+01	1.373196249999999896e+00
8.539611769000000407e+00	2.816320696000000012e+00	1.169736036099999943e+01	8.539611769000000407e+00	3.297933167000000054e+00	1.147045724400000033e+01	1.369776598000000067e+00
8.772912802000000454e+00	2.969367523999999925e+00	1.198553249399999920e+01	8.772912802000000454e+00	2.993393816999999846e+00	1.204801089400000080e+01	1.366197609000000091e+00
9.012587587000000511e+00	3.113594019999999851e+00	1.226141166300000052e+01	9.012587587000000511e+00	3.172431709000000044e+00	1.243148993900000043e+01	1.360476282999999897e+00
9.258810254000000128e+00	3.264810894000000019e+00	1.256651029900000083e+01	9.258810254000000128e+00	3.058742823999999860e+00	1.288256961499999953e+01	1.357248929000000048e+00
9.511759690999999961e+00	3.439514454999999860e+00	1.285662656699999928e+01	9.511759690999999961e+00	3.400136159000000102e+00	1.359539581399999975e+01	1.351655948000000107e+00
9.771619673000000006e+00	3.596351371999999991e+00	1.315872028000000071e+01	9.771619673000000006e+00	3.704286123000000153e+00	1.398637401899999944e+01	1.346626324000000041e+00
1.003857899399999987e+01	3.787888017000000218e+00	1.347255283700000028e+01	1.003857899399999987e+01	4.399083227000000207e+00	1.485178392599999952e+01	1.342077683000000077e+00
1.031283160699999968e+01	3.966297760999999866e+00	1.377165049499999938e+01	1.031283160699999968e+01	5.730482265000000019e+00	1.453021624299999992e+01	1.335389834999999970e+00
1.059457676399999926e+01	4.166101156999999944e+00	1.410190704799999928e+01	1.059457676399999926e+01	5.966077779999999997e+00	1.383001983399999979e+01	1.331049589000000033e+00
1.088401916099999944e+01	4.370923113999999998e+00	1.440577868499999958e+01	1.088401916099999944e+01	5.825915912000000141e+00	1.321267500999999989e+01	1.323571602999999985e+00
1.118136908399999996e+01	4.581245908999999727e+00	1.474506695100000009e+01	1.118136908399999996e+01	5.135232988000000276e+00	1.318808832799999919e+01	1.318717488000000104e+00
1.148684256700000006e+01	4.809994857000000401e+00	1.505681099299999914e+01	1.148684256700000006e+01	4.834220933000000109e+00	1.338908763699999938e+01	1.310787616999999905e+00
1.180066154400000045e+01	5.036813103000000069e+00	1.540324904999999944e+01	1.180066154400000045e+01	4.080120080000000371e+00	1.378283775200000072e+01	1.305286911000000050e+00
1.212305401300000085e+01	5.285535458000000020e+00	1.572111831600000009e+01	1.212305401300000085e+01	3.705136935000000076e+00	1.481573622700000037e+01	1.296795205000000006e+00
1.245425420099999947e+01	5.535551818000000068e+00	1.607526419499999903e+01	1.245425420099999947e+01	3.739061157000000080e+00	1.609552510500000011e+01	1.290744828000000011e+00
1.279450273199999977e+01	5.799287491000000294e+00	1.639735799900000046e+01	1.279450273199999977e+01	4.553353483000000423e+00	1.692080278699999951e+01	1.281594005000000092e+00
1.314404680700000050e+01	6.080287739000000080e+00	1.675637353600000168e+01	1.314404680700000050e+01	5.077155506000000429e+00	1.760954384400000095e+01	1.274826070000000033e+00
1.350314037899999953e+01	6.354297346000000068e+00	1.708732982600000128e+01	1.350314037899999953e+01	5.833824540000000169e+00	1.754715670499999902e+01	1.265433768999999931e+00
1.387204433800000025e+01	6.669280625999999934e+00	1.743881061100000096e+01	1.387204433800000025e+01	5.755391582999999756e+00	1.794644786099999934e+01	1.257119008000000093e+00
1.425102670300000085e+01	6.961313231000000101e+00	1.779117223500000122e+01	1.425102670300000085e+01	5.887539138000000172e+00	1.855451474599999884e+01	1.248413366999999941e+00
1.464036281499999959e+01	7.292492628999999837e+00	1.812387345599999833e+01	1.464036281499999959e+01	6.574905689999999581e+00	1.919903253400000054e+01	1.237938819000000024e+00
1.504033553600000062e+01	7.630461501000000091e+00	1.848979225800000137e+01	1.504033553600000062e+01	6.875175705000000193e+00	1.965007841399999933e+01	1.229347058999999964e+00
1.545123545799999931e+01	7.959905544999999805e+00	1.883117302000000137e+01	1.545123545799999931e+01	7.216347389000000057e+00	1.990090906000000004e+01	1.218748692999999994e+00
1.587336110999999939e+01	8.332508314000000027e+00	1.916854950200000118e+01	1.587336110999999939e+01	7.511331076000000273e+00	2.057233256900000029e+01	1.207592353999999979e+00
1.630701917700000081e+01	8.707278692999999237e+00	1.953215301499999867e+01	1.630701917700000081e+01	7.683727969999999630e+00	2.161767231700000025e+01	1.197775805000000027e+00
1.675252472400000059e+01	9.074468164000000669e+00	1.987579331799999949e+01	1.675252472400000059e+01	8.485698947999999575e+00	2.259677788899999840e+01	1.186435694999999901e+00
1.721020142200000080e+01	9.475630039000000338e+00	2.020321146799999923e+01	1.721020142200000080e+01	1.008483011200000057e+01	2.345122943000000149e+01	1.173909066000000001e+00
1.768038178500000157e+01	9.900007449000000292e+00	2.054853107299999948e+01	1.768038178500000157e+01	1.177336967699999981e+01	2.382896189799999931e+01	1.162222134999999934e+00
1.816340741100000145e+01	1.031887201700000034e+01	2.089965084399999995e+01	1.816340741100000145e+01	1.314348863999999928e+01	2.343074458299999918e+01	1.150645931999999982e+00
1.865962923200000034e+01	1.074081066699999987e+01	2.123173704299999898e+01	1.865962923200000034e+01	1.422259625699999930e+01	2.237807593599999834e+01	1.137843458000000085e+00
1.916940776499999899e+01	1.118603462899999990e+01	2.154794826699999888e+01	1.916940776499999899e+01	1.473930369400000018e+01	2.104992132099999935e+01	1.124080020000000069e+00
1.969311337899999970e+01	1.165587284999999973e+01	2.186345797099999899e+01	1.969311337899999970e+01	1.438349352700000061e+01	2.016444355100000152e+01	1.110208301999999980e+00
2.023112655899999979e+01	1.213979125300000028e+01	2.218300557899999959e+01	2.023112655899999979e+01	1.351934079399999966e+01	2.002666855300000037e+01	1.096479007999999977e+00
2.078383818600000055e+01	1.263079256900000047e+01	2.250125179799999842e+01	2.078383818600000055e+01	1.277884913199999950e+01	2.075364838400000167e+01	1.082632167999999950e+00
2.135164981899999859e+01	1.312878847500000035e+01	2.281190708300000125e+01	2.135164981899999859e+01	1.266254463799999996e+01	2.144527291200000008e+01	1.068390839999999953e+00
2.193497398899999951e+01	1.363654821799999972e+01	2.311205892999999989e+01	2.193497398899999951e+01	1.250210180300000040e+01	2.225748310499999860e+01	1.053662472999999933e+00
2.253423449599999984e+01	1.415628650300000047e+01	2.340141570300000140e+01	2.253423449599999984e+01	1.245443497700000002e+01	2.348215451600000137e+01	1.038482834000000077e+00
2.314986671899999848e+01	1.468887626000000068e+01	2.368038102099999875e+01	2.314986671899999848e+01	1.343951539999999945e+01	2.486870279500000080e+01	1.022916515999999998e+00
2.378231793000000138e+01	1.523431399100000050e+01	2.394887244699999940e+01	2.378231793000000138e+01	1.480696688399999950e+01	2.561343372500000015e+01	1.007003292000000050e+00
2.443204762199999891e+01	1.579206957100000075e+01	2.420588553600000026e+01	2.443204762199999891e+01	1.591100965799999933e+01	2.561455972099999912e+01	9.907432200000000355e-01
2.509952784100000045e+01	1.636072364300000004e+01	2.444956540500000131e+01	2.509952784100000045e+01	1.664457587800000127e+01	2.614008696799999854e+01	9.741045950000000175e-01
2.578524352899999883e+01	1.693703148499999855e+01	2.467824391199999923e+01	2.578524352899999883e+01	1.801533573400000066e+01	2.659775249000000130e+01	9.570684830000000254e-01
2.648969287599999944e+01	1.751599706800000078e+01	2.489322320899999852e+01	2.648969287599999944e+01	1.979299569999999875e+01	2.611966804600000103e+01	9.397324209999999844e-01
2.721338768400000063e+01	1.809532168200000157e+01	2.510153561199999928e+01	2.721338768400000063e+01	2.035920987900000156e+01	2.491160184299999969e+01	9.223965760000000236e-01
2.795685373499999926e+01	1.868378305999999967e+01	2.531063886999999824e+01	2.795685373499999926e+01	2.011971206400000156e+01	2.412141449900000012e+01	9.053464709999999860e-01
2.872063117800000143e+01	1.929713008099999882e+01	2.551053572100000011e+01	2.872063117800000143e+01	1.956429457500000169e+01	2.416108622699999842e+01	8.882303299999999568e-01
2.950527491700000127e+01	1.992540984400000070e+01	2.567437264899999860e+01	2.950527491700000127e+01	1.905558511499999952e+01	2.499953252999999975e+01	8.701621229999999541e-01
3.031135501600000026e+01	2.053070606900000072e+01	2.581401599499999833e+01	3.031135501600000026e+01	1.942712870000000080e+01	2.625243016900000015e+01	8.516285719999999726e-01
3.113945711299999886e+01	2.113652162200000006e+01	2.597473591800000037e+01	3.113945711299999886e+01	2.035516123600000071e+01	2.729767258900000115e+01	8.341422210000000170e-01
3.199018284799999989e+01	2.178416834300000104e+01	2.610674343999999891e+01	3.199018284799999989e+01	2.190621871999999826e+01	2.799685315600000024e+01	8.160860960000000386e-01
3.286415029399999810e+01	2.239477261300000066e+01	2.620082188800000011e+01	3.286415029399999810e+01	2.325003940999999941e+01	2.790109784899999923e+01	7.972462900000000241e-01
3.376199441100000342e+01	2.302549581899999964e+01	2.632646672799999976e+01	3.376199441100000342e+01	2.417674165900000105e+01	2.801022660099999939e+01	7.797663369999999761e-01
3.468436750800000112e+01	2.365906034400000024e+01	2.638487243100000157e+01	3.468436750800000112e+01	2.568505066499999856e+01	2.805314617899999874e+01	7.607136679999999540e-01
3.563193971199999766e+01	2.428080942600000114e+01	2.648104261900000012e+01	3.563193971199999766e+01	2.722047303700000143e+01	2.737342062999999825e+01	7.431827410000000356e-01
3.660539946000000100e+01	2.490919427300000066e+01	2.650997364899999909e+01	3.660539946000000100e+01	2.817393701499999992e+01	2.570487683200000006e+01	7.242093800000000137e-01
3.760545399699999791e+01	2.554483332399999895e+01	2.657444206499999950e+01	3.760545399699999791e+01	2.759349079000000060e+01	2.445902165400000072e+01	7.066645719999999908e-01
3.863282988699999976e+01	2.614496572899999904e+01	2.659127535700000067e+01	3.863282988699999976e+01	2.667159288899999936e+01	2.421724182599999864e+01	6.883077279999999520e-01
3.968827354599999779e+01	2.678219187899999909e+01	2.659162511899999970e+01	3.968827354599999779e+01	2.628699909999999917e+01	2.501168571699999887e+01	6.700121409999999500e-01
4.077255178299999727e+01	2.740231628500000127e+01	2.660986782699999864e+01	4.077255178299999727e+01	2.658377137700000148e+01	2.580201326099999903e+01	6.526417079999999871e-01
4.188645235399999933e+01	2.799461584200000175e+01	2.660127223799999996e+01	4.188645235399999933e+01	2.710384478099999939e+01	2.627527329799999833e+01	6.350805750000000360e-01
4.303078453700000239e+01	2.858871621899999838e+01	2.656329152300000018e+01	4.303078453700000239e+01	2.766053004300000140e+01	2.660196467000000098e+01	6.173090220000000405e-01
4.420637972000000104e+01	2.918715706200000071e+01	2.651447452600000076e+01	4.420637972000000104e+01	2.853579445000000092e+01	2.720992339800000082e+01	5.997884169999999626e-01
4.541409200399999690e+01	2.977971493500000122e+01	2.645994103600000003e+01	4.541409200399999690e+01	2.961724762700000113e+01	2.710959436599999961e+01	5.826372359999999473e-01
4.665479882199999651e+01	3.036068526600000084e+01	2.639722708300000065e+01	4.665479882199999651e+01	3.010429233099999990e+01	2.712177889499999850e+01	5.657987549999999866e-01
4.792940158300000064e+01	3.092851424099999846e+01	2.632540338200000107e+01	4.792940158300000064e+01	3.080148138799999913e+01	2.718965498000000025e+01	5.492537459999999871e-01
4.923882631699999735e+01	3.148399533099999914e+01	2.624730148100000093e+01	4.923882631699999735e+01	3.157457201200000085e+01	2.732954747400000173e+01	5.330610709999999974e-01
5.058402435699999700e+01	3.203315275399999962e+01	2.616619409999999846e+01	5.058402435699999700e+01	3.225786308100000355e+01	2.716588471700000085e+01	5.172817790000000526e-01
5.196597302499999671e+01	3.258503366099999710e+01	2.607378647099999824e+01	5.196597302499999671e+01	3.291059805900000157e+01	2.717875401099999877e+01	5.017472960000000093e-01
5.338567634199999645e+01	3.312508868999999834e+01	2.595140753600000139e+01	5.338567634199999645e+01	3.383698613199999983e+01	2.704177848799999850e+01	4.861118059999999796e-01
5.484416576099999929e+01	3.362288706300000030e+01	2.582708816999999968e+01	5.484416576099999929e+01	3.437744474099999792e+01	2.634170856900000146e+01	4.709176959999999967e-01
5.634250091300000207e+01	3.413281021099999890e+01	2.572717972199999892e+01	5.634250091300000207e+01	3.429109645700000186e+01	2.596983406300000041e+01	4.566211880000000112e-01
5.788177037700000227e+01	3.463156153700000317e+01	2.557682604800000092e+01	5.788177037700000227e+01	3.428567239400000233e+01	2.628702262499999875e+01	4.418805069999999779e-01
5.946309247399999975e+01	3.510300104400000265e+01	2.546643318899999997e+01	5.946309247399999975e+01	3.445311869500000057e+01	2.683387487399999927e+01	4.282729359999999930e-01
6.108761607499999968e+01	3.557054196800000057e+01	2.530754753800000145e+01	6.108761607499999968e+01	3.538197761800000052e+01	2.744344774500000028e+01	4.142827820000000161e-01
6.275652144000000021e+01	3.603818268500000244e+01	2.518258275199999829e+01	6.275652144000000021e+01	3.645010169700000091e+01	2.767440403799999871e+01	4.012743559999999987e-01
6.447102107300000284e+01	3.646330227100000343e+01	2.504684392800000126e+01	6.447102107300000284e+01	3.727707923799999890e+01	2.743006803800000171e+01	3.884977079999999972e-01
6.623236060300000361e+01	3.688452916600000009e+01	2.489158752100000171e+01	6.623236060300000361e+01	3.781970474700000295e+01	2.737994387899999893e+01	3.758221400000000267e-01
6.804181968899999333e+01	3.730232450199999761e+01	2.473943839400000044e+01	6.804181968899999333e+01	3.860725916100000177e+01	2.776839313300000001e+01	3.635916630000000094e-01
6.990071295200000634e+01	3.770532274800000039e+01	2.459266120299999869e+01	6.990071295200000634e+01	4.007437540200000115e+01	2.803434631700000068e+01	3.518227520000000164e-01
7.181039092499999299e+01	3.809051251700000051e+01	2.444947829399999861e+01	7.181039092499999299e+01	4.180189371099999818e+01	2.739061636899999996e+01	3.404727080000000128e-01
7.377224104200000454e+01	3.846133612599999907e+01	2.431302482199999915e+01	7.377224104200000454e+01	4.280170571800000090e+01	2.601495285300000049e+01	3.295687440000000246e-01
7.578768863599999861e+01	3.882950022499999676e+01	2.418124014600000038e+01	7.578768863599999861e+01	4.296246406499999893e+01	2.491887916499999989e+01	3.190655450000000060e-01
7.785819798500000388e+01	3.918995440599999824e+01	2.403190757799999844e+01	7.785819798500000388e+01	4.307368182300000115e+01	2.433959146999999845e+01	3.086625199999999958e-01
7.998527336799999432e+01	3.950674997699999835e+01	2.388931107100000162e+01	7.998527336799999432e+01	4.338061139500000252e+01	2.371346752999999907e+01	2.986713690000000199e-01
8.217046016099999406e+01	3.984225732299999834e+01	2.377031434999999959e+01	8.217046016099999406e+01	4.355604966100000297e+01	2.303118474100000057e+01	2.892805310000000074e-01
8.441534595999999624e+01	4.013541527600000336e+01	2.363166640300000054e+01	8.441534595999999624e+01	4.323876198800000026e+01	2.239588722599999926e+01	2.799451470000000053e-01
8.672156173400000512e+01	4.044729584200000261e+01	2.350572519099999980e+01	8.672156173400000512e+01	4.307681207400000289e+01	2.231209721300000126e+01	2.710482229999999770e-01
8.909078300900000613e+01	4.073069877599999700e+01	2.340026357500000032e+01	8.909078300900000613e+01	4.299153290400000316e+01	2.223984085700000080e+01	2.626563909999999891e-01
9.152473108799999579e+01	4.099563755300000167e+01	2.329172787699999958e+01	9.152473108799999579e+01	4.301436344700000092e+01	2.226166186500000066e+01	2.544856189999999962e-01
9.402517429700000662e+01	4.125369982899999854e+01	2.318666795700000094e+01	9.402517429700000662e+01	4.305909154500000113e+01	2.230191061800000085e+01	2.466006380000000109e-01
9.659392927400000417e+01	4.150563437999999650e+01	2.308758606299999983e+01	9.659392927400000417e+01	4.336209636699999947e+01	2.243728576399999852e+01	2.390169470000000074e-01
9.923286228800000686e+01	4.174524238899999773e+01	2.298811965299999827e+01	9.923286228800000686e+01	4.386833020000000261e+01	2.240874127600000065e+01	2.316583349999999930e-01
1.019438905939999955e+02	4.195628449600000209e+01	2.290104584699999890e+01	1.019438905939999955e+02	4.414945651099999679e+01	2.185222408499999958e+01	2.246436320000000098e-01
1.047289838239999966e+02	4.217575652099999672e+01	2.284210005599999960e+01	1.047289838239999966e+02	4.407147298699999993e+01	2.159102462799999955e+01	2.181067670000000069e-01
1.075901654219999983e+02	4.237186672200000004e+01	2.276268885100000006e+01	1.075901654219999983e+02	4.387353930900000165e+01	2.134104422300000081e+01	2.115684899999999979e-01
