1.000000000000000056e-01	1.113819340000000019e-01	1.732512569999999918e-01	1.000000000000000056e-01	1.262053900000000006e-01	1.090086110000000053e-01	1.732512571000000001e+00
1.027319859999999974e-01	1.114716840000000014e-01	1.779721089999999895e-01	1.027319859999999974e-01	1.245560210000000029e-01	1.125485910000000034e-01	1.732392369000000043e+00
1.055386100000000049e-01	1.115661510000000023e-01	1.828209329999999910e-01	1.055386100000000049e-01	1.228311629999999932e-01	1.162285640000000064e-01	1.732265873000000012e+00
1.084219109999999958e-01	1.116655680000000067e-01	1.878011450000000027e-01	1.084219109999999958e-01	1.210282699999999934e-01	1.200554650000000001e-01	1.732132776000000041e+00
1.113839830000000058e-01	1.117701789999999973e-01	1.929162510000000108e-01	1.113839830000000058e-01	1.191448140000000017e-01	1.240366100000000055e-01	1.731992755999999911e+00
1.144269779999999986e-01	1.118802369999999935e-01	1.981698450000000111e-01	1.144269779999999986e-01	1.171783009999999986e-01	1.281797169999999986e-01	1.731845481999999992e+00
1.175531070000000039e-01	1.119960049999999957e-01	2.035656120000000069e-01	1.175531070000000039e-01	1.151262849999999949e-01	1.324929250000000114e-01	1.731690605999999910e+00
1.207646420000000054e-01	1.121177569999999984e-01	2.091073320000000069e-01	1.207646420000000054e-01	1.129863900000000060e-01	1.369848110000000119e-01	1.731527768999999939e+00
1.240639159999999963e-01	1.122457780000000044e-01	2.147988799999999976e-01	1.240639159999999963e-01	1.107563280000000011e-01	1.416644099999999906e-01	1.731356600000000023e+00
1.274533250000000062e-01	1.123803629999999970e-01	2.206442289999999973e-01	1.274533250000000062e-01	1.084339230000000015e-01	1.465412369999999909e-01	1.731176712999999978e+00
1.309353329999999871e-01	1.125218179999999957e-01	2.266474519999999993e-01	1.309353329999999871e-01	1.060171399999999958e-01	1.516252999999999906e-01	1.730987709000000097e+00
1.345124679999999961e-01	1.126704600000000001e-01	2.328127239999999987e-01	1.345124679999999961e-01	1.035041079999999974e-01	1.569271250000000006e-01	1.730789177999999984e+00
1.381873309999999966e-01	1.128266170000000040e-01	2.391443269999999899e-01	1.381873309999999966e-01	1.008931529999999993e-01	1.624577680000000024e-01	1.730580696000000085e+00
1.419625899999999996e-01	1.129906269999999963e-01	2.456466459999999963e-01	1.419625899999999996e-01	9.818283099999999819e-02	1.682288369999999922e-01	1.730361825999999992e+00
1.458409880000000047e-01	1.131628400000000007e-01	2.523241789999999818e-01	1.458409880000000047e-01	9.537196500000000299e-02	1.742525070000000009e-01	1.730132122000000106e+00
1.498253439999999992e-01	1.133436139999999953e-01	2.591815330000000195e-01	1.498253439999999992e-01	9.245968599999999926e-02	1.805415330000000040e-01	1.729891123999999891e+00
1.539185519999999863e-01	1.135333199999999931e-01	2.662234330000000093e-01	1.539185519999999863e-01	8.944547299999999757e-02	1.871092679999999953e-01	1.729638365000000011e+00
1.581235860000000104e-01	1.137323360000000033e-01	2.734547179999999855e-01	1.581235860000000104e-01	8.632920099999999430e-02	1.939696710000000102e-01	1.729373365000000051e+00
1.624435009999999902e-01	1.139410510000000015e-01	2.808803500000000009e-01	1.624435009999999902e-01	8.311119100000000093e-02	2.011373210000000078e-01	1.729095639999999934e+00
1.668814349999999946e-01	1.141598620000000008e-01	2.885054100000000177e-01	1.668814349999999946e-01	7.979226000000000374e-02	2.086274210000000073e-01	1.728804696999999946e+00
1.714406139999999912e-01	1.143891729999999968e-01	2.963351069999999865e-01	1.714406139999999912e-01	7.637378400000000012e-02	2.164558050000000011e-01	1.728500039999999904e+00
1.761243479999999861e-01	1.146293959999999945e-01	3.043747809999999832e-01	1.761243479999999861e-01	7.285775299999999732e-02	2.246389380000000102e-01	1.728181167000000018e+00
1.809360409999999919e-01	1.148809479999999966e-01	3.126299009999999878e-01	1.809360409999999919e-01	6.924683800000000500e-02	2.331939180000000000e-01	1.727847579999999938e+00
1.858791890000000002e-01	1.151442530000000020e-01	3.211060720000000202e-01	1.858791890000000002e-01	6.554445700000000041e-02	2.421384669999999961e-01	1.727498779999999901e+00
1.909573830000000083e-01	1.154197339999999961e-01	3.298090419999999967e-01	1.909573830000000083e-01	6.175485299999999844e-02	2.514909200000000067e-01	1.727134273999999969e+00
1.961743129999999891e-01	1.157078200000000029e-01	3.387446969999999835e-01	1.961743129999999891e-01	5.788316100000000242e-02	2.612702149999999723e-01	1.726753580000000010e+00
2.015337690000000015e-01	1.160089370000000064e-01	3.479190759999999938e-01	2.015337690000000015e-01	5.393549499999999997e-02	2.714958659999999746e-01	1.726356224999999966e+00
2.070396439999999949e-01	1.163235120000000039e-01	3.573383660000000184e-01	2.070396439999999949e-01	4.991903100000000260e-02	2.821879420000000249e-01	1.725941756000000105e+00
2.126959390000000005e-01	1.166519649999999964e-01	3.670089140000000194e-01	2.126959390000000005e-01	4.584209100000000148e-02	2.933670310000000003e-01	1.725509742000000069e+00
2.185067629999999927e-01	1.169947120000000007e-01	3.769372280000000131e-01	2.185067629999999927e-01	4.171423999999999965e-02	3.050541990000000259e-01	1.725059778000000099e+00
2.244763379999999975e-01	1.173521599999999970e-01	3.871299830000000108e-01	2.244763379999999975e-01	3.754637799999999831e-02	3.172709450000000264e-01	1.724591495000000085e+00
2.306090010000000079e-01	1.177247030000000000e-01	3.975940310000000144e-01	2.306090010000000079e-01	3.335084299999999807e-02	3.300391389999999814e-01	1.724104563000000034e+00
2.369092070000000105e-01	1.181127220000000033e-01	4.083364019999999872e-01	2.369092070000000105e-01	2.914151200000000136e-02	3.433809600000000128e-01	1.723598702000000094e+00
2.433815350000000099e-01	1.185165779999999974e-01	4.193643189999999854e-01	2.433815350000000099e-01	2.493391299999999852e-02	3.573188159999999836e-01	1.723073687999999937e+00
2.500306849999999748e-01	1.189366149999999955e-01	4.306851970000000196e-01	2.500306849999999748e-01	2.074533500000000016e-02	3.718752539999999884e-01	1.722529361999999953e+00
2.568614900000000256e-01	1.193731479999999984e-01	4.423066600000000181e-01	2.568614900000000256e-01	1.659494699999999878e-02	3.870728580000000196e-01	1.721965642000000019e+00
2.638789100000000221e-01	1.198264700000000044e-01	4.542365469999999905e-01	2.638789100000000221e-01	1.250391900000000049e-02	4.029341330000000276e-01	1.721382532000000021e+00
2.710880460000000269e-01	1.202968370000000037e-01	4.664829249999999927e-01	2.710880460000000269e-01	8.495548000000000335e-03	4.194813669999999939e-01	1.720780133999999961e+00
2.784941349999999760e-01	1.207844750000000023e-01	4.790540979999999838e-01	2.784941349999999760e-01	4.595390999999999886e-03	4.367364830000000087e-01	1.720158660999999922e+00
2.861025569999999796e-01	1.212895699999999993e-01	4.919586240000000110e-01	2.861025569999999796e-01	8.313969999999999954e-04	4.547208569999999783e-01	1.719518447000000005e+00
2.939188400000000145e-01	1.218122690000000008e-01	5.052053279999999535e-01	2.939188400000000145e-01	-2.765947999999999844e-03	4.734551229999999777e-01	1.718859968000000071e+00
3.019486630000000060e-01	1.223526759999999936e-01	5.188033149999999871e-01	3.019486630000000060e-01	-6.163479999999999827e-03	4.929589400000000121e-01	1.718183846999999931e+00
3.101978590000000202e-01	1.229108480000000031e-01	5.327619930000000448e-01	3.101978590000000202e-01	-9.325206000000000814e-03	5.132507299999999884e-01	1.717490879000000081e+00
3.186724220000000107e-01	1.234867989999999943e-01	5.470910909999999738e-01	3.186724220000000107e-01	-1.221215800000000073e-02	5.343473720000000426e-01	1.716782038999999926e+00
3.273785100000000114e-01	1.240804969999999979e-01	5.618006749999999716e-01	3.273785100000000114e-01	-1.478224399999999994e-02	5.562638530000000303e-01	1.716058504000000040e+00
3.363224459999999971e-01	1.246918639999999995e-01	5.769011779999999590e-01	3.363224459999999971e-01	-1.699009799999999862e-02	5.790128660000000149e-01	1.715321665000000051e+00
3.455107290000000164e-01	1.253207819999999917e-01	5.924034169999999877e-01	3.455107290000000164e-01	-1.878694800000000123e-02	6.026043330000000475e-01	1.714573142999999966e+00
3.549500360000000243e-01	1.259670979999999996e-01	6.083186269999999451e-01	3.549500360000000243e-01	-2.012049299999999971e-02	6.270448690000000047e-01	1.713814807999999967e+00
3.646472219999999931e-01	1.266306279999999951e-01	6.246584840000000138e-01	3.646472219999999931e-01	-2.093480899999999867e-02	6.523371470000000061e-01	1.713048791000000071e+00
3.746093349999999877e-01	1.273111710000000008e-01	6.414351339999999624e-01	3.746093349999999877e-01	-2.117028699999999944e-02	6.784791639999999679e-01	1.712277497000000093e+00
3.848436109999999744e-01	1.280085230000000129e-01	6.586612309999999582e-01	3.848436109999999744e-01	-2.076363700000000145e-02	7.054633909999999952e-01	1.711503615000000034e+00
3.953574859999999802e-01	1.287224899999999950e-01	6.763499630000000540e-01	3.953574859999999802e-01	-1.964796900000000124e-02	7.332757949999999525e-01	1.710730129000000099e+00
4.061585990000000090e-01	1.294529160000000012e-01	6.945150879999999471e-01	4.061585990000000090e-01	-1.775298499999999891e-02	7.618947029999999510e-01	1.709960321999999922e+00
4.172547970000000106e-01	1.301997069999999979e-01	7.131709699999999597e-01	4.172547970000000106e-01	-1.500533000000000075e-02	7.912895089999999465e-01	1.709197775999999891e+00
4.286541409999999885e-01	1.309628640000000122e-01	7.323326100000000505e-01	4.286541409999999885e-01	-1.132914500000000053e-02	8.214192049999999856e-01	1.708446367000000077e+00
4.403649139999999962e-01	1.317425220000000008e-01	7.520156799999999642e-01	4.403649139999999962e-01	-6.646909000000000324e-03	8.522307300000000474e-01	1.707710258000000092e+00
4.523956230000000245e-01	1.325389969999999917e-01	7.722365570000000456e-01	4.523956230000000245e-01	-8.806239999999999901e-04	8.836571450000000327e-01	1.706993873000000050e+00
4.647550100000000239e-01	1.333528370000000018e-01	7.930123479999999780e-01	4.647550100000000239e-01	6.046524000000000169e-03	9.156156589999999706e-01	1.706301880000000049e+00
4.774520540000000146e-01	1.341848850000000037e-01	8.143609139999999913e-01	4.774520540000000146e-01	1.420792000000000062e-02	9.480055509999999463e-01	1.705639147000000078e+00
4.904959790000000264e-01	1.350363450000000021e-01	8.363008910000000462e-01	4.904959790000000264e-01	2.367055499999999937e-02	9.807060779999999811e-01	1.705010697000000075e+00
5.038962630000000109e-01	1.359088569999999940e-01	8.588516969999999695e-01	5.038962630000000109e-01	3.449117899999999681e-02	1.013574500999999906e+00	1.704421646999999984e+00
5.176626399999999517e-01	1.368045840000000068e-01	8.820335350000000352e-01	5.176626399999999517e-01	4.671140900000000235e-02	1.046444447999999916e+00	1.703877134000000071e+00
5.318051129999999960e-01	1.377262969999999975e-01	9.058673799999999998e-01	5.318051129999999960e-01	6.035165900000000194e-02	1.079124892999999918e+00	1.703382230999999969e+00
5.463339560000000095e-01	1.386774719999999961e-01	9.303749500000000339e-01	5.463339560000000095e-01	7.540378999999999832e-02	1.111400163999999968e+00	1.702941835999999931e+00
5.612597259999999588e-01	1.396623869999999989e-01	9.555786720000000178e-01	5.612597259999999588e-01	9.182245499999999727e-02	1.143031491999999982e+00	1.702560558000000057e+00
5.765932649999999660e-01	1.406862219999999997e-01	9.815016079999999699e-01	5.765932649999999660e-01	1.095152939999999991e-01	1.173760753000000046e+00	1.702242580999999921e+00
5.923457149999999949e-01	1.417551539999999943e-01	1.008167379999999946e+00	5.923457149999999949e-01	1.283323279999999955e-01	1.203317130999999929e+00	1.701991515000000010e+00
6.085285190000000455e-01	1.428764499999999882e-01	1.035600059000000073e+00	6.085285190000000455e-01	1.480552519999999983e-01	1.231427491000000041e+00	1.701810229999999979e+00
6.251534349999999796e-01	1.440585410000000122e-01	1.063824026000000034e+00	6.251534349999999796e-01	1.683876960000000034e-01	1.257831157000000033e+00	1.701700680000000077e+00
6.422325420000000173e-01	1.453110850000000065e-01	1.092863821999999985e+00	6.422325420000000173e-01	1.889480269999999906e-01	1.282299547000000040e+00	1.701663727999999987e+00
6.597782479999999561e-01	1.466450029999999960e-01	1.122743950000000046e+00	6.597782479999999561e-01	2.092666559999999953e-01	1.304660603000000085e+00	1.701698947999999989e+00
6.778032999999999975e-01	1.480724790000000068e-01	1.153488673000000020e+00	6.778032999999999975e-01	2.287901599999999924e-01	1.324827176999999967e+00	1.701804451000000107e+00
6.963207940000000207e-01	1.496069220000000033e-01	1.185121773999999961e+00	6.963207940000000207e-01	2.468944780000000006e-01	1.342827484000000071e+00	1.701976710000000059e+00
7.153441830000000223e-01	1.512628719999999927e-01	1.217666313000000056e+00	7.153441830000000223e-01	2.629089499999999746e-01	1.358834537999999981e+00	1.702210406000000065e+00
7.348872889999999991e-01	1.530558489999999938e-01	1.251144368000000062e+00	7.348872889999999991e-01	2.761517869999999819e-01	1.373190434000000071e+00	1.702498309999999959e+00
7.549643099999999718e-01	1.550021259999999901e-01	1.285576789000000053e+00	7.549643099999999718e-01	2.859758009999999739e-01	1.386420777000000104e+00	1.702831210000000040e+00
7.755898319999999790e-01	1.571184250000000060e-01	1.320982968999999896e+00	7.755898319999999790e-01	2.918210210000000138e-01	1.399234848000000087e+00	1.703197894000000101e+00
7.967788409999999599e-01	1.594215300000000057e-01	1.357380658000000073e+00	7.967788409999999599e-01	2.932687840000000046e-01	1.412508588999999981e+00	1.703585219999999900e+00
8.185467309999999719e-01	1.619278100000000054e-01	1.394785842999999970e+00	8.185467309999999719e-01	2.900905719999999910e-01	1.427249983999999916e+00	1.703978270999999989e+00
8.409093159999999623e-01	1.646526620000000052e-01	1.433212729999999935e+00	8.409093159999999623e-01	2.822849669999999977e-01	1.444549571000000032e+00	1.704360628000000100e+00
8.638828440000000386e-01	1.676098860000000135e-01	1.472673848999999979e+00	8.638828440000000386e-01	2.700978250000000136e-01	1.465521695999999929e+00	1.704714775000000015e+00
8.874840059999999919e-01	1.708110039999999885e-01	1.513180321999999967e+00	8.874840059999999919e-01	2.540238619999999892e-01	1.491243885999999907e+00	1.705022639000000062e+00
9.117299479999999567e-01	1.742645810000000017e-01	1.554742338999999918e+00	9.117299479999999567e-01	2.347915319999999972e-01	1.522701679000000086e+00	1.705266281000000106e+00
9.366382869999999583e-01	1.779755680000000007e-01	1.597369846000000093e+00	9.366382869999999583e-01	2.133363769999999937e-01	1.560744367999999938e+00	1.705428731999999892e+00
9.622271169999999652e-01	1.819447660000000078e-01	1.641073497999999908e+00	9.622271169999999652e-01	1.907699750000000083e-01	1.606053820999999937e+00	1.705494958999999922e+00
9.885150310000000440e-01	1.861684690000000031e-01	1.685865850999999971e+00	9.885150310000000440e-01	1.683519029999999972e-01	1.659124625000000020e+00	1.705452924000000037e+00
1.015521128000000051e+00	1.906383949999999883e-01	1.731762787000000081e+00	1.015521128000000051e+00	1.474706430000000124e-01	1.720250129999999933e+00	1.705294689999999891e+00
1.043265026999999900e+00	1.953420080000000114e-01	1.778785115000000028e+00	1.043265026999999900e+00	1.296365700000000065e-01	1.789505802999999950e+00	1.705017487999999970e+00
1.071766884999999947e+00	2.002633339999999873e-01	1.826960249999999952e+00	1.071766884999999947e+00	1.164860979999999963e-01	1.866719052000000101e+00	1.704624648000000020e+00
1.101047410999999920e+00	2.053843499999999933e-01	1.876323817999999921e+00	1.101047410999999920e+00	1.097907240000000062e-01	1.951413003000000090e+00	1.704126269999999943e+00
1.131127876999999948e+00	2.106870010000000126e-01	1.926921010000000045e+00	1.131127876999999948e+00	1.114570849999999974e-01	2.042711278000000075e+00	1.703539493999999932e+00
1.162030136000000047e+00	2.161558289999999938e-01	1.978807431999999977e+00	1.162030136000000047e+00	1.234930419999999973e-01	2.139192924000000051e+00	1.702888221000000035e+00
1.193776641999999999e+00	2.217811140000000014e-01	2.032049196000000002e+00	1.193776641999999999e+00	1.478990900000000108e-01	2.238695310000000216e+00	1.702202175000000040e+00
1.226390456999999934e+00	2.275623230000000108e-01	2.086721991000000109e+00	1.226390456999999934e+00	1.864256400000000036e-01	2.338085412999999946e+00	1.701515188999999983e+00
1.259895277999999896e+00	2.335115389999999902e-01	2.142908915000000025e+00	1.259895277999999896e+00	2.401243650000000063e-01	2.433067304000000153e+00	1.700862724999999909e+00
1.294315445000000064e+00	2.396564290000000041e-01	2.200696949000000124e+00	1.294315445000000064e+00	3.086416459999999917e-01	2.518173195000000142e+00	1.700278672999999907e+00
1.329675967000000014e+00	2.460421859999999961e-01	2.260172088000000024e+00	1.329675967000000014e+00	3.893011740000000276e-01	2.587179977999999991e+00	1.699791636000000050e+00
1.366002533999999935e+00	2.527318650000000000e-01	2.321413403999999847e+00	1.366002533999999935e+00	4.762461709999999959e-01	2.634222341000000078e+00	1.699421008000000066e+00
1.403321537999999924e+00	2.598045219999999822e-01	2.384486517000000028e+00	1.403321537999999924e+00	5.602149229999999758e-01	2.655677693999999978e+00	1.699173320999999959e+00
1.441660090999999921e+00	2.673507019999999956e-01	2.449437303999999926e+00	1.441660090999999921e+00	6.296462219999999776e-01	2.652356827999999833e+00	1.699039404999999947e+00
1.481046048999999920e+00	2.754651189999999805e-01	2.516286908000000100e+00	1.481046048999999920e+00	6.733433580000000029e-01	2.630876439000000122e+00	1.698993025999999906e+00
1.521508026000000013e+00	2.842367700000000275e-01	2.585029372999999797e+00	1.521508026000000013e+00	6.838328540000000455e-01	2.603033982999999996e+00	1.698991611999999929e+00
1.563075417999999939e+00	2.937373440000000113e-01	2.655633228000000123e+00	1.563075417999999939e+00	6.597047900000000409e-01	2.583072952000000200e+00	1.698979586999999958e+00
1.605778426000000092e+00	3.040095019999999870e-01	2.728048192000000149e+00	1.605778426000000092e+00	6.056951860000000520e-01	2.584204103999999891e+00	1.698894534999999983e+00
1.649648073999999909e+00	3.150573589999999813e-01	2.802217542999999811e+00	1.649648073999999909e+00	5.308165799999999823e-01	2.616167277999999818e+00	1.698675970000000035e+00
1.694716235000000015e+00	3.268420329999999763e-01	2.878095624999999824e+00	1.694716235000000015e+00	4.459674339999999959e-01	2.684626519000000044e+00	1.698275831999999985e+00
1.741015651999999969e+00	3.392852029999999797e-01	2.955668465000000023e+00	1.741015651999999969e+00	3.623163260000000219e-01	2.791921990000000076e+00	1.697669094000000101e+00
1.788579963000000106e+00	3.522828769999999943e-01	3.034973694000000055e+00	1.788579963000000106e+00	2.909297750000000016e-01	2.938162764999999954e+00	1.696862179000000026e+00
1.837443724999999972e+00	3.657296720000000056e-01	3.116114454999999950e+00	1.837443724999999972e+00	2.434432209999999874e-01	3.121771521999999965e+00	1.695896539999999897e+00
1.887642437000000006e+00	3.795510249999999863e-01	3.199261346000000117e+00	1.887642437000000006e+00	2.332609720000000109e-01	3.338828037999999943e+00	1.694844999999999935e+00
1.939212571999999968e+00	3.937372390000000166e-01	3.284637562999999982e+00	1.939212571999999968e+00	2.764413660000000217e-01	3.580611580999999877e+00	1.693799642999999966e+00
1.992191596000000064e+00	4.083701270000000272e-01	3.372485570999999904e+00	1.992191596000000064e+00	3.905310209999999782e-01	3.828923575000000135e+00	1.692852022000000067e+00
2.046617998999999966e+00	4.236316849999999801e-01	3.463018900999999872e+00	2.046617998999999966e+00	5.880290209999999851e-01	4.050368985000000421e+00	1.692069014000000093e+00
2.102531325000000173e+00	4.397858219999999929e-01	3.556368958999999830e+00	2.102531325000000173e+00	8.611990139999999849e-01	4.195901132999999561e+00	1.691470142000000010e+00
2.159972194999999928e+00	4.571296429999999744e-01	3.652542448999999802e+00	2.159972194999999928e+00	1.163967202999999895e+00	4.218289334999999696e+00	1.691013643000000011e+00
2.218982340999999803e+00	4.759200570000000075e-01	3.751407829000000138e+00	2.218982340999999803e+00	1.415929309000000025e+00	4.109865699000000205e+00	1.690598325000000068e+00
2.279604636999999823e+00	4.962931859999999973e-01	3.852726434000000033e+00	2.279604636999999823e+00	1.547271610999999991e+00	3.925026025999999835e+00	1.690085363999999979e+00
2.341883125999999926e+00	5.182049739999999849e-01	3.956233298999999981e+00	2.341883125999999926e+00	1.545850802999999996e+00	3.748729292000000157e+00	1.689338487999999971e+00
2.405863055000000195e+00	5.414257300000000495e-01	4.061753676000000368e+00	2.405863055000000195e+00	1.453087803999999927e+00	3.642999021000000059e+00	1.688273015999999904e+00
2.471590905999999865e+00	5.656121090000000295e-01	4.169317989999999696e+00	2.471590905999999865e+00	1.326134863000000053e+00	3.626916924000000098e+00	1.686896476000000034e+00
2.539114434000000031e+00	5.904529469999999503e-01	4.279221115000000353e+00	2.539114434000000031e+00	1.211269152000000071e+00	3.688425130000000163e+00	1.685320305999999935e+00
2.608482695000000184e+00	6.158453830000000240e-01	4.391975998000000381e+00	2.608482695000000184e+00	1.136903618999999921e+00	3.799798855000000142e+00	1.683728247999999983e+00
2.679746086999999832e+00	6.420224820000000054e-01	4.508146842000000376e+00	2.679746086999999832e+00	1.112792993000000008e+00	3.926363144999999832e+00	1.682303732000000052e+00
2.752956386000000144e+00	6.695476249999999796e-01	4.628107370000000387e+00	2.752956386000000144e+00	1.127380287000000036e+00	4.034415317999999750e+00	1.681140824999999950e+00
2.828166780000000102e+00	6.991318600000000494e-01	4.751830632999999970e+00	2.828166780000000102e+00	1.148452676000000006e+00	4.105717444999999799e+00	1.680180484999999946e+00
2.905431912000000061e+00	7.313157279999999982e-01	4.878842320999999593e+00	2.905431912000000061e+00	1.138893058999999930e+00	4.152439184000000338e+00	1.679214130000000083e+00
2.984807916999999922e+00	7.661582970000000437e-01	5.008426401000000361e+00	2.984807916999999922e+00	1.083741072000000027e+00	4.213114691000000356e+00	1.677972766999999976e+00
3.066352462999999862e+00	8.031368669999999765e-01	5.140046890999999896e+00	3.066352462999999862e+00	1.003958920000000088e+00	4.326697076000000308e+00	1.676273993999999989e+00
3.150124796000000060e+00	8.414083030000000241e-01	5.273779344000000258e+00	3.150124796000000060e+00	9.468986719999999968e-01	4.507069565000000111e+00	1.674149338999999959e+00
3.236185777000000208e+00	8.803799879999999467e-01	5.410440571999999726e+00	3.236185777000000208e+00	9.669355389999999550e-01	4.728774781000000260e+00	1.671857224999999891e+00
3.324597932000000089e+00	9.202674899999999658e-01	5.551205341000000182e+00	3.324597932000000089e+00	1.096357336000000071e+00	4.917469381000000084e+00	1.669737349999999898e+00
3.415425496000000116e+00	9.621898039999999819e-01	5.696832933999999682e+00	3.415425496000000116e+00	1.290955338999999924e+00	4.966986689999999705e+00	1.667971660000000078e+00
3.508734456000000002e+00	1.007562532999999982e+00	5.847006816000000384e+00	3.508734456000000002e+00	1.401111392000000011e+00	4.836793686000000037e+00	1.666414740000000005e+00
3.604592604000000033e+00	1.057064746000000000e+00	6.000396320000000117e+00	3.604592604000000033e+00	1.289992487999999993e+00	4.645230524999999666e+00	1.664653119000000014e+00
3.703069584000000081e+00	1.109963454999999932e+00	6.155647746999999725e+00	3.703069584000000081e+00	9.749492929999999946e-01	4.565544532999999738e+00	1.662309500000000106e+00
3.804236942000000177e+00	1.164583509000000072e+00	6.312695633999999778e+00	3.804236942000000177e+00	5.679505630000000194e-01	4.680326143000000272e+00	1.659385504000000067e+00
3.908168177999999937e+00	1.219870106999999981e+00	6.473168397000000240e+00	3.908168177999999937e+00	1.675151109999999943e-01	4.991943906000000375e+00	1.656317768999999940e+00
4.014938800999999557e+00	1.276755373999999943e+00	6.639124037000000200e+00	4.014938800999999557e+00	-1.560021970000000091e-01	5.479781196000000243e+00	1.653605288999999923e+00
4.124626382999999841e+00	1.337731714000000016e+00	6.810954501000000327e+00	4.124626382999999841e+00	-3.353138649999999887e-01	6.111009144999999698e+00	1.651290048999999982e+00
4.237310615000000169e+00	1.404519604000000088e+00	6.986610988999999883e+00	4.237310615000000169e+00	-3.071221250000000236e-01	6.814516219999999791e+00	1.648831445999999978e+00
4.353073365000000194e+00	1.476006249999999964e+00	7.163549865000000239e+00	4.353073365000000194e+00	-6.205220000000000180e-02	7.478469005000000003e+00	1.645630401000000020e+00
4.471998736999999835e+00	1.549203681999999915e+00	7.341868561000000071e+00	4.471998736999999835e+00	3.346936540000000071e-01	8.026165386000000623e+00	1.641742092000000097e+00
4.594173135000000130e+00	1.623002870999999958e+00	7.524790063000000195e+00	4.594173135000000130e+00	8.383630739999999859e-01	8.448853298999999595e+00	1.637898668999999918e+00
4.719685319999999962e+00	1.700337199000000021e+00	7.714893181999999960e+00	4.719685319999999962e+00	1.449366184999999918e+00	8.684725438999999270e+00	1.634620246999999971e+00
4.848626481000000155e+00	1.785032300999999988e+00	7.910262721999999691e+00	4.848626481000000155e+00	2.034648420999999985e+00	8.611931036999999733e+00	1.631444029000000073e+00
4.981090296999999723e+00	1.876452159000000064e+00	8.106454642999999294e+00	4.981090296999999723e+00	2.328751081000000056e+00	8.321213919999999931e+00	1.627445832000000037e+00
5.117173006999999885e+00	1.969851263000000019e+00	8.303046640999999894e+00	5.117173006999999885e+00	2.291980963999999954e+00	8.125075551000000118e+00	1.622584701999999934e+00
5.256973477999999922e+00	2.063754784999999980e+00	8.505170709999999801e+00	5.256973477999999922e+00	2.156389739999999833e+00	8.191529154999999562e+00	1.617883511000000052e+00
5.400593278999999747e+00	2.163519374999999911e+00	8.715667357999999254e+00	5.400593278999999747e+00	2.151435858000000145e+00	8.430771311999999185e+00	1.613835168000000042e+00
5.548136752999999644e+00	2.273307899999999826e+00	8.929431084999999158e+00	5.548136752999999644e+00	2.318090635999999982e+00	8.612769910999999112e+00	1.609446826000000108e+00
5.699711094000000422e+00	2.388323681999999781e+00	9.141488018000000437e+00	5.699711094000000422e+00	2.452765893000000030e+00	8.594691747000000603e+00	1.603851118999999992e+00
5.855426426000000184e+00	2.503013227999999923e+00	9.356832507000000021e+00	5.855426426000000184e+00	2.327156323000000082e+00	8.520924532000000440e+00	1.597976274999999946e+00
6.015395879999999806e+00	2.622869128000000050e+00	9.581852601999999663e+00	6.015395879999999806e+00	1.955494137000000077e+00	8.666015622999999835e+00	1.592888115000000049e+00
6.179735678000000121e+00	2.755075816999999816e+00	9.810687209999999325e+00	6.179735678000000121e+00	1.544172657999999920e+00	9.205545077000000020e+00	1.587557740999999911e+00
6.348565215999999900e+00	2.893177425999999830e+00	1.003602213799999987e+01	6.348565215999999900e+00	1.405825455000000002e+00	1.017694489199999985e+01	1.580833117000000065e+00
6.522007154999999834e+00	3.030308875999999874e+00	1.026575007699999986e+01	6.522007154999999834e+00	1.956700043999999972e+00	1.133779172400000057e+01	1.574016990999999921e+00
6.700187503999999628e+00	3.176365355999999807e+00	1.050611897199999945e+01	6.700187503999999628e+00	3.282410258000000081e+00	1.190844558000000042e+01	1.568033575999999929e+00
6.883235714999999644e+00	3.336359288999999784e+00	1.074543444799999925e+01	6.883235714999999644e+00	4.447116545000000087e+00	1.137799759600000016e+01	1.561102203999999993e+00
7.071284778999999965e+00	3.497144942999999895e+00	1.098151003399999937e+01	7.071284778999999965e+00	4.664518595999999739e+00	1.048882980600000003e+01	1.552972392000000035e+00
7.264471318000000011e+00	3.660978462000000100e+00	1.122865031999999985e+01	7.264471318000000011e+00	4.202439854999999724e+00	1.005507650000000019e+01	1.545694080999999942e+00
7.462935685999999791e+00	3.842043231999999975e+00	1.147943065599999990e+01	7.462935685999999791e+00	3.695454170000000094e+00	1.030598467000000085e+01	1.538192360000000036e+00
7.666822074999999792e+00	4.027614482999999801e+00	1.172279239100000048e+01	7.666822074999999792e+00	3.739571165000000086e+00	1.089159326000000050e+01	1.529028883000000061e+00
7.876278611000000041e+00	4.213442070000000150e+00	1.197612027799999979e+01	7.876278611000000041e+00	4.221763876999999887e+00	1.093600393100000012e+01	1.520530299999999890e+00
8.091457472000000095e+00	4.418570129999999985e+00	1.223430753100000068e+01	8.091457472000000095e+00	4.086499285999999564e+00	1.047303031999999945e+01	1.512002945999999959e+00
8.312514990000000381e+00	4.628110728000000229e+00	1.248283681600000072e+01	8.312514990000000381e+00	3.313421300999999985e+00	1.044834345299999967e+01	1.501691947000000082e+00
8.539611769000000407e+00	4.839243268999999792e+00	1.274340431000000073e+01	8.539611769000000407e+00	2.419115185999999973e+00	1.107413153200000089e+01	1.492269749000000090e+00
8.772912802000000454e+00	5.072384406000000290e+00	1.300356939699999970e+01	8.772912802000000454e+00	1.746819246000000048e+00	1.246269648100000005e+01	1.482240811999999908e+00
9.012587587000000511e+00	5.303734722999999818e+00	1.325590888800000045e+01	9.012587587000000511e+00	2.152701216000000084e+00	1.444283116299999925e+01	1.470821643999999928e+00
9.258810254000000128e+00	5.546559455999999777e+00	1.352313884099999974e+01	9.258810254000000128e+00	3.736127806999999912e+00	1.541497404899999957e+01	1.460569822000000073e+00
9.511759690999999961e+00	5.806183049999999568e+00	1.377743803999999983e+01	9.511759690999999961e+00	4.644847591000000442e+00	1.540655225599999945e+01	1.448463636999999915e+00
9.771619673000000006e+00	6.061271463999999831e+00	1.403851781200000026e+01	9.771619673000000006e+00	5.069295405000000088e+00	1.566891315300000009e+01	1.436662322000000103e+00
1.003857899399999987e+01	6.342276861000000210e+00	1.430030519900000030e+01	1.003857899399999987e+01	5.670962471000000171e+00	1.638954546000000079e+01	1.424534807999999986e+00
1.031283160699999968e+01	6.618640189999999812e+00	1.455257975099999967e+01	1.031283160699999968e+01	7.202735619000000256e+00	1.659377387199999987e+01	1.411113872999999908e+00
1.059457676399999926e+01	6.915403221000000045e+00	1.481734079199999954e+01	1.059457676399999926e+01	7.647132497000000306e+00	1.569861293399999980e+01	1.398577887999999936e+00
1.088401916099999944e+01	7.216290875000000327e+00	1.506348263799999998e+01	1.088401916099999944e+01	7.457255707999999927e+00	1.596200668400000033e+01	1.384000010999999919e+00
1.118136908399999996e+01	7.529123529999999676e+00	1.532557150399999912e+01	1.118136908399999996e+01	7.916527989000000431e+00	1.667530971700000109e+01	1.370634614999999945e+00
1.148684256700000006e+01	7.853033963999999756e+00	1.556630308999999990e+01	1.148684256700000006e+01	9.465073628000000738e+00	1.722618968000000095e+01	1.355142024000000056e+00
1.180066154400000045e+01	8.184695357000000726e+00	1.582269961799999969e+01	1.180066154400000045e+01	1.070560245000000066e+01	1.606940997499999924e+01	1.340831576000000025e+00
1.212305401300000085e+01	8.528629464999999854e+00	1.605626355100000069e+01	1.212305401300000085e+01	1.119102484000000075e+01	1.518125622500000027e+01	1.324440486000000083e+00
1.245425420099999947e+01	8.882283285999999833e+00	1.630507851200000147e+01	1.245425420099999947e+01	1.085559199699999944e+01	1.374080166499999933e+01	1.309197503999999901e+00
1.279450273199999977e+01	9.242584288999999842e+00	1.652991796599999930e+01	1.279450273199999977e+01	9.883642586000000563e+00	1.334023817799999989e+01	1.291954701999999955e+00
1.314404680700000050e+01	9.621140663000000259e+00	1.676715449599999985e+01	1.314404680700000050e+01	8.676014815000000269e+00	1.352060245600000066e+01	1.275646285999999963e+00
1.350314037899999953e+01	9.995199765000000625e+00	1.698532082099999840e+01	1.350314037899999953e+01	8.223017376999999684e+00	1.458351986799999978e+01	1.257879304000000031e+00
1.387204433800000025e+01	1.039714095699999952e+01	1.720268501600000022e+01	1.387204433800000025e+01	8.024190476999999433e+00	1.545332482999999968e+01	1.240097320999999919e+00
1.425102670300000085e+01	1.079014352699999968e+01	1.741837589000000008e+01	1.425102670300000085e+01	8.416453802999999567e+00	1.641749194799999856e+01	1.222254104999999980e+00
1.464036281499999959e+01	1.120296480899999914e+01	1.761188286899999866e+01	1.464036281499999959e+01	9.035897365000000292e+00	1.721716000300000005e+01	1.202967651000000027e+00
1.504033553600000062e+01	1.162687494799999932e+01	1.781521860999999873e+01	1.504033553600000062e+01	9.644653667000000041e+00	1.724387853300000017e+01	1.184496087999999947e+00
1.545123545799999931e+01	1.204456671800000045e+01	1.800117700199999859e+01	1.545123545799999931e+01	9.966825041999999968e+00	1.736194821899999852e+01	1.165031563000000103e+00
1.587336110999999939e+01	1.248496237600000036e+01	1.817163102800000019e+01	1.587336110999999939e+01	9.818081591000000330e+00	1.779612097200000065e+01	1.144787855999999993e+00
1.630701917700000081e+01	1.293208005199999988e+01	1.834809173400000049e+01	1.630701917700000081e+01	9.804242418999999487e+00	1.842360542600000173e+01	1.125165275999999936e+00
1.675252472400000059e+01	1.337317499799999965e+01	1.850921021699999969e+01	1.675252472400000059e+01	1.034824845900000057e+01	1.944344249999999974e+01	1.104860940000000014e+00
1.721020142200000080e+01	1.382866816399999976e+01	1.864989046999999900e+01	1.721020142200000080e+01	1.118586690000000061e+01	2.053634522200000134e+01	1.083653235999999964e+00
1.768038178500000157e+01	1.429850745200000084e+01	1.878827988000000104e+01	1.768038178500000157e+01	1.229196139999999993e+01	2.115249043300000054e+01	1.062662565999999975e+00
1.816340741100000145e+01	1.476650350499999931e+01	1.892325984300000030e+01	1.816340741100000145e+01	1.380183700999999985e+01	2.123486616099999935e+01	1.041834244999999992e+00
1.865962923200000034e+01	1.523213936500000010e+01	1.904167353400000096e+01	1.865962923200000034e+01	1.543738336200000028e+01	2.076609127200000060e+01	1.020474378000000071e+00
1.916940776499999899e+01	1.570487115999999972e+01	1.914167878599999995e+01	1.916940776499999899e+01	1.637085072500000038e+01	1.967547612099999910e+01	9.985534780000000499e-01
1.969311337899999970e+01	1.618730745199999888e+01	1.923011891199999823e+01	1.969311337899999970e+01	1.612064631799999859e+01	1.856561882999999824e+01	9.764895239999999976e-01
2.023112655899999979e+01	1.667489076900000100e+01	1.931097040599999914e+01	2.023112655899999979e+01	1.512347794499999942e+01	1.827180184699999899e+01	9.545177999999999718e-01
2.078383818600000055e+01	1.716307572699999895e+01	1.938305664199999967e+01	2.078383818600000055e+01	1.443794588299999937e+01	1.890872754999999827e+01	9.326023650000000442e-01
2.135164981899999859e+01	1.765031927800000133e+01	1.944370907200000076e+01	2.135164981899999859e+01	1.442619051900000038e+01	2.004446867900000129e+01	9.106419989999999798e-01
2.193497398899999951e+01	1.813691220400000148e+01	1.949136994199999862e+01	2.193497398899999951e+01	1.553197029999999934e+01	2.085969503800000169e+01	8.885978140000000414e-01
2.253423449599999984e+01	1.862332139999999825e+01	1.952577944200000104e+01	2.253423449599999984e+01	1.645256139099999970e+01	2.080922445699999912e+01	8.664940199999999759e-01
2.314986671899999848e+01	1.910953745400000159e+01	1.954723591699999830e+01	2.314986671899999848e+01	1.693936329199999946e+01	2.071589741400000051e+01	8.443779030000000407e-01
2.378231793000000138e+01	1.959509695099999860e+01	1.955600474799999944e+01	2.378231793000000138e+01	1.744377718200000160e+01	2.104833424899999983e+01	8.222917889999999952e-01
2.443204762199999891e+01	2.007917564299999924e+01	1.955208876700000076e+01	2.443204762199999891e+01	1.801673527599999858e+01	2.068943636699999900e+01	8.002640250000000455e-01
2.509952784100000045e+01	2.056047383699999997e+01	1.953533995000000090e+01	2.509952784100000045e+01	1.810881733500000124e+01	2.066179370800000115e+01	7.783150370000000429e-01
2.578524352899999883e+01	2.103705058199999911e+01	1.950604789499999825e+01	2.578524352899999883e+01	1.768107771700000086e+01	2.089499924900000138e+01	7.564810419999999924e-01
2.648969287599999944e+01	2.150687303500000169e+01	1.946600397899999990e+01	2.648969287599999944e+01	1.811247507999999939e+01	2.186805374500000099e+01	7.348520069999999738e-01
2.721338768400000063e+01	2.197003868599999876e+01	1.941873621099999880e+01	2.721338768400000063e+01	1.854868853600000023e+01	2.259901044800000136e+01	7.135729090000000330e-01
2.795685373499999926e+01	2.243100680199999886e+01	1.936593734999999938e+01	2.795685373499999926e+01	1.938371833500000108e+01	2.316255720899999915e+01	6.927080399999999694e-01
2.872063117800000143e+01	2.289378247300000169e+01	1.930141359099999931e+01	2.872063117800000143e+01	2.047406803699999855e+01	2.397658894099999927e+01	6.720400210000000429e-01
2.950527491700000127e+01	2.334971814700000081e+01	1.921718876699999967e+01	2.950527491700000127e+01	2.198806701299999844e+01	2.418224381899999997e+01	6.513136659999999578e-01
3.031135501600000026e+01	2.378650022300000089e+01	1.912463907900000137e+01	3.031135501600000026e+01	2.342458998300000061e+01	2.367937475500000133e+01	6.309397610000000434e-01
3.113945711299999886e+01	2.422033373800000078e+01	1.903703577399999958e+01	3.113945711299999886e+01	2.432292187699999886e+01	2.253195276199999952e+01	6.113477090000000169e-01
3.199018284799999989e+01	2.465804607500000145e+01	1.892970043300000071e+01	3.199018284799999989e+01	2.400354515300000102e+01	2.175499212000000071e+01	5.917346740000000160e-01
3.286415029399999810e+01	2.506941046900000103e+01	1.881255468899999883e+01	3.286415029399999810e+01	2.368196193500000035e+01	2.185310301299999836e+01	5.724339290000000080e-01
3.376199441100000342e+01	2.548605956400000139e+01	1.870191671099999908e+01	3.376199441100000342e+01	2.344461177000000163e+01	2.237411152299999983e+01	5.539340029999999526e-01
3.468436750800000112e+01	2.588633418899999938e+01	1.856571130000000025e+01	3.468436750800000112e+01	2.398126073399999925e+01	2.366216324099999824e+01	5.352760519999999467e-01
3.563193971199999766e+01	2.628124436999999958e+01	1.844368727499999849e+01	3.563193971199999766e+01	2.542456713500000021e+01	2.418430317800000040e+01	5.176167059999999820e-01
3.660539946000000100e+01	2.666143611800000102e+01	1.829673447500000094e+01	3.660539946000000100e+01	2.711166607899999903e+01	2.420981464400000149e+01	4.998370389999999830e-01
3.760545399699999791e+01	2.704241599099999860e+01	1.816080172799999914e+01	3.760545399699999791e+01	2.800129697199999868e+01	2.303431989099999910e+01	4.829299950000000008e-01
3.863282988699999976e+01	2.739750338400000018e+01	1.801387382200000076e+01	3.863282988699999976e+01	2.824829658399999843e+01	2.232276924900000026e+01	4.662840870000000137e-01
3.968827354599999779e+01	2.775601954900000123e+01	1.785662340600000064e+01	3.968827354599999779e+01	2.795818591700000155e+01	2.234551174099999926e+01	4.499218990000000140e-01
4.077255178299999727e+01	2.810451326200000111e+01	1.770859795200000164e+01	4.077255178299999727e+01	2.798863250200000152e+01	2.279776622500000016e+01	4.343264569999999991e-01
4.188645235399999933e+01	2.843343489900000165e+01	1.755652067600000166e+01	4.188645235399999933e+01	2.894878404199999977e+01	2.328219492999999929e+01	4.191455640000000260e-01
4.303078453700000239e+01	2.875253616299999848e+01	1.739589310799999922e+01	4.303078453700000239e+01	3.015231387900000115e+01	2.362819375999999849e+01	4.042662320000000031e-01
4.420637972000000104e+01	2.906528738800000156e+01	1.723286343999999914e+01	4.420637972000000104e+01	3.154968096400000022e+01	2.335363167999999945e+01	3.898275210000000102e-01
4.541409200399999690e+01	2.936914948600000130e+01	1.707073195199999915e+01	4.541409200399999690e+01	3.223552447899999862e+01	2.270166933699999845e+01	3.758906370000000274e-01
4.665479882199999651e+01	2.966213025900000133e+01	1.690965668400000155e+01	4.665479882199999651e+01	3.278065225000000282e+01	2.217256440799999950e+01	3.624419589999999802e-01
4.792940158300000064e+01	2.994382274199999827e+01	1.674972959999999844e+01	4.792940158300000064e+01	3.307602330400000312e+01	2.201069460100000086e+01	3.494666960000000211e-01
4.923882631699999735e+01	3.021503516199999950e+01	1.659192359400000072e+01	4.923882631699999735e+01	3.398356201200000015e+01	2.163050752399999865e+01	3.369682999999999984e-01
5.058402435699999700e+01	3.047822167600000043e+01	1.643670487199999997e+01	5.058402435699999700e+01	3.422442142799999942e+01	2.095792805900000033e+01	3.249386559999999924e-01
5.196597302499999671e+01	3.073534744299999844e+01	1.628064084200000039e+01	5.196597302499999671e+01	3.442567748999999822e+01	2.088501226600000038e+01	3.132942559999999932e-01
5.338567634199999645e+01	3.097997789500000110e+01	1.611994481500000020e+01	5.338567634199999645e+01	3.511843641499999791e+01	2.092207779599999995e+01	3.019526200000000049e-01
5.484416576099999929e+01	3.120631703600000151e+01	1.596680854699999941e+01	5.484416576099999929e+01	3.591736776100000128e+01	2.050564736700000168e+01	2.911304840000000227e-01
5.634250091300000207e+01	3.143403512900000152e+01	1.582320885300000057e+01	5.634250091300000207e+01	3.656028467099999801e+01	1.983885693799999927e+01	2.808396610000000182e-01
5.788177037700000227e+01	3.164801835500000138e+01	1.566920082100000045e+01	5.788177037700000227e+01	3.674852147800000068e+01	1.936020316600000157e+01	2.707104619999999850e-01
5.946309247399999975e+01	3.185331897700000070e+01	1.553389005700000070e+01	5.946309247399999975e+01	3.702791248500000165e+01	1.883415967899999899e+01	2.612358260000000043e-01
6.108761607499999968e+01	3.204788669900000286e+01	1.538832435199999971e+01	6.108761607499999968e+01	3.748832377899999813e+01	1.879237578900000116e+01	2.519057929999999890e-01
6.275652144000000021e+01	3.224152705200000213e+01	1.525689531000000088e+01	6.275652144000000021e+01	3.779176724999999948e+01	1.832026697499999912e+01	2.431125080000000049e-01
6.447102107300000284e+01	3.241720504500000288e+01	1.513054976599999968e+01	6.447102107300000284e+01	3.840857865899999979e+01	1.774319762900000086e+01	2.346876089999999915e-01
6.623236060300000361e+01	3.258577923600000048e+01	1.500297254700000060e+01	6.623236060300000361e+01	3.889867950000000008e+01	1.720498777699999948e+01	2.265202749999999932e-01
6.804181968899999333e+01	3.274972089199999914e+01	1.488092621100000024e+01	6.804181968899999333e+01	3.913117882400000269e+01	1.658422115400000152e+01	2.187026489999999990e-01
6.990071295200000634e+01	3.290601623199999892e+01	1.476619826299999971e+01	6.990071295200000634e+01	3.921016711400000077e+01	1.594037459800000001e+01	2.112453169999999880e-01
7.181039092499999299e+01	3.305375256399999984e+01	1.465855425900000064e+01	7.181039092499999299e+01	3.918872725199999962e+01	1.533285863499999913e+01	2.041285959999999955e-01
7.377224104200000454e+01	3.319433058399999936e+01	1.455860348999999943e+01	7.377224104200000454e+01	3.910060741299999876e+01	1.479398313599999959e+01	1.973452790000000123e-01
7.578768863599999861e+01	3.333104408900000237e+01	1.446477658000000055e+01	7.578768863599999861e+01	3.891154050400000131e+01	1.433294071799999969e+01	1.908591859999999862e-01
7.785819798500000388e+01	3.346069055200000264e+01	1.437121420699999952e+01	7.785819798500000388e+01	3.868435202199999878e+01	1.410568013700000023e+01	1.845819009999999927e-01
7.998527336799999432e+01	3.357518227100000274e+01	1.428785370199999960e+01	7.998527336799999432e+01	3.861623787799999974e+01	1.374274097600000033e+01	1.786310540000000113e-01
8.217046016099999406e+01	3.369375868699999899e+01	1.421443797400000086e+01	8.217046016099999406e+01	3.813387064599999832e+01	1.349936582600000001e+01	1.729872020000000066e-01
8.441534595999999624e+01	3.379569530500000241e+01	1.414352400799999998e+01	8.441534595999999624e+01	3.807635882200000310e+01	1.358529039999999988e+01	1.675468350000000051e-01
8.672156173400000512e+01	3.390097915700000186e+01	1.407961608099999928e+01	8.672156173400000512e+01	3.799433226200000036e+01	1.373029739599999921e+01	1.623542729999999934e-01
8.909078300900000613e+01	3.399683471600000217e+01	1.402851430499999985e+01	8.909078300900000613e+01	3.797836120099999846e+01	1.355187292299999946e+01	1.574631390000000020e-01
9.152473108799999579e+01	3.408444081999999753e+01	1.398278375800000006e+01	9.152473108799999579e+01	3.809698267400000304e+01	1.344051602899999942e+01	1.527760159999999867e-01
9.402517429700000662e+01	3.416763184399999886e+01	1.394346355699999940e+01	9.402517429700000662e+01	3.803677181300000143e+01	1.325673240000000064e+01	1.482950040000000080e-01
9.659392927400000417e+01	3.424685398300000116e+01	1.391125448999999925e+01	9.659392927400000417e+01	3.792711786600000323e+01	1.318993062300000041e+01	1.440178960000000064e-01
9.923286228800000686e+01	3.432000831999999946e+01	1.388484189300000082e+01	9.923286228800000686e+01	3.778896554699999655e+01	1.303671763300000030e+01	1.399218120000000065e-01
1.019438905939999955e+02	3.438348902700000309e+01	1.386885657999999921e+01	1.019438905939999955e+02	3.739782431399999751e+01	1.298862925799999957e+01	1.360440189999999883e-01
1.047289838239999966e+02	3.444860777099999893e+01	1.386527340499999994e+01	1.047289838239999966e+02	3.702746416600000146e+01	1.321655103800000042e+01	1.323919410000000130e-01
1.075901654219999983e+02	3.450348668200000191e+01	1.386265909199999946e+01	1.075901654219999983e+02	3.679928722900000082e+01	1.357954406800000058e+01	1.288468979999999875e-01
