3.162278000000000137e-03	3.966099999999999856e-04	8.498235399999999606e-02	3.162278000000000137e-03	-8.485054300000000049e-02	8.570946299999999962e-02	2.687377982199999948e+01
3.286414999999999996e-03	4.283550000000000010e-04	8.831807799999999431e-02	3.286414999999999996e-03	-8.511176099999999412e-02	8.893292199999999759e-02	2.687368355299999934e+01
3.415425000000000145e-03	4.626400000000000022e-04	9.178470900000000599e-02	3.415425000000000145e-03	-8.540999600000000191e-02	9.227106699999999828e-02	2.687357958600000174e+01
3.549500000000000138e-03	4.996690000000000029e-04	9.538738200000000667e-02	3.549500000000000138e-03	-8.575058300000000522e-02	9.572804599999999720e-02	2.687346729600000117e+01
3.688837999999999839e-03	5.396609999999999819e-04	9.913143100000000596e-02	3.688837999999999839e-03	-8.613959999999999673e-02	9.930834500000000620e-02	2.687334602800000027e+01
3.833646000000000015e-03	5.828539999999999459e-04	1.030224009999999996e-01	3.833646000000000015e-03	-8.658396399999999937e-02	1.030168560000000039e-01	2.687321505499999930e+01
3.984139000000000257e-03	6.295019999999999913e-04	1.070660519999999949e-01	3.984139000000000257e-03	-8.709152800000000139e-02	1.068589800000000062e-01	2.687307360699999847e+01
4.140539000000000372e-03	6.798839999999999571e-04	1.112683710000000048e-01	4.140539000000000372e-03	-8.767119299999999449e-02	1.108407309999999979e-01	2.687292084399999936e+01
4.303078000000000111e-03	7.342959999999999505e-04	1.156355770000000033e-01	4.303078000000000111e-03	-8.833302599999999505e-02	1.149688809999999950e-01	2.687275586200000177e+01
4.471998999999999939e-03	7.930619999999999770e-04	1.201741330000000024e-01	4.471998999999999939e-03	-8.908837599999999690e-02	1.192511289999999974e-01	2.687257768699999971e+01
4.647550000000000292e-03	8.565299999999999867e-04	1.248907570000000050e-01	4.647550000000000292e-03	-8.995001099999999639e-02	1.236963009999999946e-01	2.687238526200000166e+01
4.829993000000000307e-03	9.250750000000000292e-04	1.297924249999999891e-01	4.829993000000000307e-03	-9.093223599999999962e-02	1.283145990000000014e-01	2.687217744999999880e+01
5.019598000000000115e-03	9.991040000000000077e-04	1.348863889999999954e-01	5.019598000000000115e-03	-9.205102699999999361e-02	1.331178970000000128e-01	2.687195302299999966e+01
5.216644999999999789e-03	1.079054999999999988e-03	1.401801819999999865e-01	5.216644999999999789e-03	-9.332413900000000040e-02	1.381200830000000046e-01	2.687171065200000086e+01
5.421427999999999837e-03	1.165400999999999937e-03	1.456816320000000053e-01	5.421427999999999837e-03	-9.477121300000000692e-02	1.433374819999999883e-01	2.687144890700000133e+01
5.634250000000000369e-03	1.258653999999999893e-03	1.513988709999999904e-01	5.634250000000000369e-03	-9.641384799999999644e-02	1.487893309999999969e-01	2.687116623900000079e+01
5.855426000000000381e-03	1.359364999999999966e-03	1.573403489999999905e-01	5.855426000000000381e-03	-9.827563500000000007e-02	1.544983550000000039e-01	2.687086097899999970e+01
6.085285000000000173e-03	1.468129999999999999e-03	1.635148459999999915e-01	6.085285000000000173e-03	-1.003821409999999942e-01	1.604914139999999989e-01	2.687053132599999827e+01
6.324167000000000330e-03	1.585592999999999942e-03	1.699314819999999948e-01	6.324167000000000330e-03	-1.027608130000000064e-01	1.668002620000000047e-01	2.687017533299999883e+01
6.572426999999999610e-03	1.712448000000000095e-03	1.765997320000000093e-01	6.572426999999999610e-03	-1.054407839999999957e-01	1.734623979999999899e-01	2.686979090099999823e+01
6.830431999999999997e-03	1.849446000000000033e-03	1.835294389999999887e-01	6.830431999999999997e-03	-1.084525560000000055e-01	1.805220339999999979e-01	2.686937576000000050e+01
7.098565000000000257e-03	1.997397000000000148e-03	1.907308299999999901e-01	7.098565000000000257e-03	-1.118275070000000065e-01	1.880311600000000027e-01	2.686892746699999890e+01
7.377223999999999934e-03	2.157173999999999984e-03	1.982145280000000009e-01	7.377223999999999934e-03	-1.155972090000000063e-01	1.960507210000000111e-01	2.686844337899999857e+01
7.666822000000000220e-03	2.329722000000000216e-03	2.059915669999999865e-01	7.666822000000000220e-03	-1.197924739999999960e-01	2.046518800000000082e-01	2.686792064500000166e+01
7.967787999999999954e-03	2.516060000000000085e-03	2.140734089999999923e-01	7.967787999999999954e-03	-1.244421150000000059e-01	2.139173460000000082e-01	2.686735619099999894e+01
8.280568999999999777e-03	2.717287000000000088e-03	2.224719599999999964e-01	8.280568999999999777e-03	-1.295713229999999883e-01	2.239427449999999986e-01	2.686674669699999995e+01
8.605629000000000056e-03	2.934592000000000190e-03	2.311995850000000130e-01	8.605629000000000056e-03	-1.351996330000000135e-01	2.348379680000000080e-01	2.686608858199999972e+01
8.943448999999999149e-03	3.169256999999999977e-03	2.402691279999999985e-01	8.943448999999999149e-03	-1.413383840000000113e-01	2.467284439999999912e-01	2.686537798100000174e+01
9.294530000000000500e-03	3.422664000000000175e-03	2.496939250000000110e-01	9.294530000000000500e-03	-1.479876350000000063e-01	2.597562449999999967e-01	2.686461072799999883e+01
9.659393000000000493e-03	3.696306999999999805e-03	2.594878290000000032e-01	9.659393000000000493e-03	-1.551324560000000019e-01	2.740809089999999837e-01	2.686378232299999880e+01
1.003857900000000060e-02	3.991798000000000395e-03	2.696652219999999822e-01	1.003857900000000060e-02	-1.627385580000000054e-01	2.898798479999999955e-01	2.686288791799999842e+01
1.043264999999999991e-02	4.310877000000000285e-03	2.802410410000000240e-01	1.043264999999999991e-02	-1.707472200000000051e-01	3.073481719999999751e-01	2.686192227900000162e+01
1.084219099999999929e-02	4.655419000000000050e-03	2.912307909999999889e-01	1.084219099999999929e-02	-1.790694919999999968e-01	3.266977360000000163e-01	2.686087976600000005e+01
1.126780900000000016e-02	5.027450999999999622e-03	3.026505729999999783e-01	1.126780900000000016e-02	-1.875797060000000127e-01	3.481551849999999781e-01	2.685975429499999834e+01
1.171013400000000051e-02	5.429159000000000242e-03	3.145170999999999939e-01	1.171013400000000051e-02	-1.961083050000000105e-01	3.719587420000000089e-01	2.685853930800000100e+01
1.216982399999999923e-02	5.862899000000000409e-03	3.268477220000000072e-01	1.216982399999999923e-02	-2.044341040000000054e-01	3.983534530000000240e-01	2.685722773499999860e+01
1.264755799999999972e-02	6.331215999999999754e-03	3.396604469999999765e-01	1.264755799999999972e-02	-2.122760880000000017e-01	4.275845750000000223e-01	2.685581195399999999e+01
1.314404700000000072e-02	6.836853999999999848e-03	3.529739630000000017e-01	1.314404700000000072e-02	-2.192849139999999974e-01	4.598887409999999898e-01	2.685428375400000078e+01
1.366002499999999925e-02	7.382772000000000119e-03	3.668076650000000050e-01	1.366002499999999925e-02	-2.250343720000000103e-01	4.954824959999999945e-01	2.685263428700000077e+01
1.419625899999999927e-02	7.972163000000000860e-03	3.811816769999999965e-01	1.419625899999999927e-02	-2.290130639999999884e-01	5.345477050000000396e-01	2.685085401999999988e+01
1.475354299999999917e-02	8.608467999999999329e-03	3.961168780000000056e-01	1.475354299999999917e-02	-2.306167540000000071e-01	5.772132340000000195e-01	2.684893268900000152e+01
1.533270299999999961e-02	9.295398999999999329e-03	4.116349249999999849e-01	1.533270299999999961e-02	-2.291419189999999995e-01	6.235321299999999622e-01	2.684685923800000040e+01
1.593459900000000068e-02	1.003695800000000034e-02	4.277582819999999897e-01	1.593459900000000068e-02	-2.237813700000000072e-01	6.734533090000000000e-01	2.684462176699999958e+01
1.656012299999999951e-02	1.083745799999999947e-02	4.445102439999999988e-01	1.656012299999999951e-02	-2.136232560000000114e-01	7.267864899999999517e-01	2.684220746800000157e+01
1.721020100000000136e-02	1.170154900000000033e-02	4.619149659999999824e-01	1.721020100000000136e-02	-1.976555020000000107e-01	7.831588179999999788e-01	2.683960256099999953e+01
1.788580000000000031e-02	1.263423900000000023e-02	4.799974880000000277e-01	1.788580000000000031e-02	-1.747789819999999994e-01	8.419614090000000495e-01	2.683679222299999978e+01
1.858791900000000136e-02	1.364092599999999940e-02	4.987837649999999901e-01	1.858791900000000136e-02	-1.438346110000000011e-01	9.022841390000000406e-01	2.683376051300000142e+01
1.931760000000000074e-02	1.472742600000000006e-02	5.183006890000000366e-01	1.931760000000000074e-02	-1.036522730000000031e-01	9.628378119999999596e-01	2.683049029900000093e+01
2.007592600000000088e-02	1.590000100000000041e-02	5.385761260000000439e-01	2.007592600000000088e-02	-5.313335999999999754e-02	1.021865148999999917e+00	2.682696317099999916e+01
2.086402000000000048e-02	1.716539400000000049e-02	5.596389370000000030e-01	2.086402000000000048e-02	8.616699999999999707e-03	1.077047155999999895e+00	2.682315935500000137e+01
2.168305200000000127e-02	1.853086400000000106e-02	5.815190080000000039e-01	2.168305200000000127e-02	8.208506100000000083e-02	1.125421269999999918e+00	2.681905762099999890e+01
2.253423400000000021e-02	2.000422400000000100e-02	6.042472770000000271e-01	2.253423400000000021e-02	1.670549749999999944e-01	1.163344753999999925e+00	2.681463518700000037e+01
2.341883100000000106e-02	2.159387999999999933e-02	6.278557660000000373e-01	2.341883100000000106e-02	2.622020449999999947e-01	1.186562748000000056e+00	2.680986761699999832e+01
2.433815300000000126e-02	2.330887599999999921e-02	6.523776009999999737e-01	2.433815300000000126e-02	3.645977000000000245e-01	1.190472909999999995e+00	2.680472871599999962e+01
2.529356400000000102e-02	2.515893500000000033e-02	6.778470460000000086e-01	2.529356400000000102e-02	4.691986200000000107e-01	1.170704409999999918e+00	2.679919041899999854e+01
2.628648000000000096e-02	2.715450999999999976e-02	7.042995239999999546e-01	2.628648000000000096e-02	5.685095930000000353e-01	1.124114229999999992e+00	2.679322267599999918e+01
2.731837399999999944e-02	2.930683300000000088e-02	7.317716440000000544e-01	2.731837399999999944e-02	6.527382000000000462e-01	1.050192417000000100e+00	2.678679333299999854e+01
2.839077599999999951e-02	3.162797199999999725e-02	7.603012239999999977e-01	2.839077599999999951e-02	7.108220549999999527e-01	9.526122120000000137e-01	2.677986801000000128e+01
2.950527500000000095e-02	3.413088100000000180e-02	7.899273169999999622e-01	2.950527500000000095e-02	7.325411750000000444e-01	8.403087769999999512e-01	2.677240997599999872e+01
3.066352500000000050e-02	3.682946899999999663e-02	8.206902259999999671e-01	3.066352500000000050e-02	7.114143609999999951e-01	7.272627780000000541e-01	2.676438002000000083e+01
3.186724199999999702e-02	3.973865199999999931e-02	8.526315300000000263e-01	3.186724199999999702e-02	6.473958490000000232e-01	6.304623550000000298e-01	2.675573631700000021e+01
3.311821300000000051e-02	4.287443099999999757e-02	8.857940970000000025e-01	3.311821300000000051e-02	5.480946719999999495e-01	5.664080070000000466e-01	2.674643430300000091e+01
3.441829099999999669e-02	4.625394900000000253e-02	9.202220989999999601e-01	3.441829099999999669e-02	4.278247530000000021e-01	5.474570819999999838e-01	2.673642653799999991e+01
3.576940399999999770e-02	4.989557399999999809e-02	9.559610259999999915e-01	3.576940399999999770e-02	3.049879659999999992e-01	5.794300089999999681e-01	2.672566258100000169e+01
3.717355700000000290e-02	5.381896600000000280e-02	9.930576920000000474e-01	3.717355700000000290e-02	1.991378380000000115e-01	6.610135169999999949e-01	2.671408885700000013e+01
3.863282999999999995e-02	5.804516199999999737e-02	1.031560245999999958e+00	3.863282999999999995e-02	1.289128109999999883e-01	7.843171420000000227e-01	2.670164853500000035e+01
4.014938800000000113e-02	6.259665400000000157e-02	1.071518165999999939e+00	4.014938800000000113e-02	1.110996310000000042e-01	9.352894210000000097e-01	2.668828141299999857e+01
4.172548000000000229e-02	6.749747100000000333e-02	1.112982265000000082e+00	4.172548000000000229e-02	1.599608849999999971e-01	1.092768922999999948e+00	2.667392380700000132e+01
4.336344200000000204e-02	7.277327399999999891e-02	1.156004680999999978e+00	4.336344200000000204e-02	2.847640610000000128e-01	1.225625819000000005e+00	2.665850845099999944e+01
4.506570299999999862e-02	7.845143499999999992e-02	1.200638866000000027e+00	4.506570299999999862e-02	4.820095380000000151e-01	1.289390013000000001e+00	2.664196441200000010e+01
4.683478800000000219e-02	8.456113699999999456e-02	1.246939569000000025e+00	4.683478800000000219e-02	7.186814120000000194e-01	1.229108512000000042e+00	2.662421701499999926e+01
4.867331999999999909e-02	9.113346299999999789e-02	1.294962817999999904e+00	4.867331999999999909e-02	9.117312359999999449e-01	1.004028045000000091e+00	2.660518779799999933e+01
5.058402399999999827e-02	9.820149000000000239e-02	1.344765890999999991e+00	5.058402399999999827e-02	9.368844849999999891e-01	6.431534610000000374e-01	2.658479447099999859e+01
5.256973499999999938e-02	1.058003899999999942e-01	1.396407284999999998e+00	5.256973499999999938e-02	7.085341229999999602e-01	2.814337439999999857e-01	2.656295091499999828e+01
5.463339600000000074e-02	1.139675220000000017e-01	1.449946673999999991e+00	5.463339600000000074e-02	2.706855859999999780e-01	8.744402599999999415e-02	2.653956719700000022e+01
5.677806700000000151e-02	1.227425320000000014e-01	1.505444871999999989e+00	5.677806700000000151e-02	-2.354946749999999867e-01	1.410458179999999895e-01	2.651454962300000062e+01
5.900692899999999963e-02	1.321674519999999908e-01	1.562963772999999890e+00	5.900692899999999963e-02	-6.827636230000000417e-01	4.170599750000000272e-01	2.648780081900000027e+01
6.132328599999999769e-02	1.422867899999999963e-01	1.622566305000000098e+00	6.132328599999999769e-02	-1.003938473999999914e+00	8.542799749999999692e-01	2.645921985100000029e+01
6.373057299999999870e-02	1.531476360000000037e-01	1.684316358000000013e+00	6.373057299999999870e-02	-1.166336408000000047e+00	1.404944683000000083e+00	2.642870238200000088e+01
6.623236100000000348e-02	1.647997489999999954e-01	1.748278720999999925e+00	6.623236100000000348e-02	-1.129726148999999902e+00	2.039524065999999802e+00	2.639614086999999998e+01
6.883235699999999679e-02	1.772956529999999975e-01	1.814519007999999989e+00	6.883235699999999679e-02	-8.068894800000000478e-01	2.714063845000000086e+00	2.636142480999999904e+01
7.153441800000000239e-02	1.906907290000000033e-01	1.883103575999999890e+00	7.153441800000000239e-02	-4.572387399999999769e-02	3.265051718000000047e+00	2.632444101500000144e+01
7.434255100000000671e-02	2.050433050000000090e-01	1.954099443999999908e+00	7.434255100000000671e-02	1.174589565000000002e+00	3.189493457999999837e+00	2.628507394200000036e+01
7.726091799999999787e-02	2.204147379999999989e-01	2.027574201999999826e+00	7.726091799999999787e-02	1.997864665000000040e+00	1.961414388999999980e+00	2.624320606599999905e+01
8.029384900000000047e-02	2.368695050000000080e-01	2.103595916999999815e+00	8.029384900000000047e-02	1.381582037999999901e+00	6.339863759999999626e-01	2.619871828200000152e+01
8.344583799999999441e-02	2.544752840000000238e-01	2.182233038000000125e+00	8.344583799999999441e-02	2.005987459999999944e-01	3.555057770000000228e-01	2.615149036100000046e+01
8.672156200000000204e-02	2.733030289999999751e-01	2.263554295000000049e+00	8.672156200000000204e-02	-6.780060119999999912e-01	7.797625449999999736e-01	2.610140142599999891e+01
9.012587599999999366e-02	2.934270569999999911e-01	2.347628598000000011e+00	9.012587599999999366e-02	-1.156175272999999892e+00	1.467898863000000054e+00	2.604833046699999954e+01
9.366382900000000400e-02	3.149251209999999745e-01	2.434524928000000088e+00	9.366382900000000400e-02	-1.281449435999999942e+00	2.235979018000000096e+00	2.599215687399999908e+01
9.734066600000000624e-02	3.378784890000000041e-01	2.524312232000000211e+00	9.734066600000000624e-02	-1.048226829000000082e+00	2.951058241000000137e+00	2.593276099199999862e+01
1.011618410000000023e-01	3.623720209999999886e-01	2.617059311000000221e+00	1.011618410000000023e-01	-5.017293250000000038e-01	3.368576164999999900e+00	2.587002467399999972e+01
1.051330179999999948e-01	3.884942470000000148e-01	2.712834711000000176e+00	1.051330179999999948e-01	-1.147496299999999948e-02	3.290162909000000191e+00	2.580383184900000160e+01
1.092600860000000063e-01	4.163374550000000229e-01	2.811706602000000110e+00	1.092600860000000063e-01	1.760353400000000054e-02	3.063088041999999955e+00	2.573406906599999999e+01
1.135491649999999936e-01	4.459977649999999905e-01	2.913742669999999979e+00	1.135491649999999936e-01	-2.044155340000000098e-01	3.143661990000000017e+00	2.566062602999999953e+01
1.180066149999999953e-01	4.775752289999999900e-01	3.019009985999999923e+00	1.180066149999999953e-01	-2.948203620000000025e-01	3.511508724000000026e+00	2.558339610199999825e+01
1.226390460000000016e-01	5.111739170000000332e-01	3.127574887000000192e+00	1.226390460000000016e-01	-1.035705489999999979e-01	3.905550532999999991e+00	2.550227676700000146e+01
1.274533250000000062e-01	5.469020239999999866e-01	3.239502841000000188e+00	1.274533250000000062e-01	2.375080529999999968e-01	4.049636099999999850e+00	2.541717005299999954e+01
1.324565930000000114e-01	5.848719780000000146e-01	3.354858310000000010e+00	1.324565930000000114e-01	3.645586760000000259e-01	3.946744477000000195e+00	2.532798289300000150e+01
1.376562669999999988e-01	6.252005520000000205e-01	3.473704600000000031e+00	1.376562669999999988e-01	1.363747770000000026e-01	3.985301553000000219e+00	2.523462743600000024e+01
1.430600569999999905e-01	6.680089959999999660e-01	3.596103703999999901e+00	1.430600569999999905e-01	-1.699414549999999913e-01	4.475378124999999763e+00	2.513702127399999853e+01
1.486759779999999864e-01	7.134231690000000237e-01	3.722116124999999887e+00	1.486759779999999864e-01	-1.307215939999999965e-01	5.466251544000000351e+00	2.503508761899999868e+01
1.545123549999999901e-01	7.615736789999999479e-01	3.851800691999999859e+00	1.545123549999999901e-01	8.838239030000000218e-01	6.690923415000000318e+00	2.492875538699999893e+01
1.605778429999999979e-01	8.125960410000000467e-01	3.985214349000000045e+00	1.605778429999999979e-01	3.220630997000000217e+00	6.617689825000000248e+00	2.481795922399999910e+01
1.668814349999999946e-01	8.666308360000000155e-01	4.122411931000000251e+00	1.668814349999999946e-01	4.101161515000000257e+00	4.354207275000000266e+00	2.470263945099999958e+01
1.734324800000000000e-01	9.238238720000000459e-01	4.263445904000000120e+00	1.734324800000000000e-01	3.034126747999999818e+00	3.133018966999999932e+00	2.458274194099999832e+01
1.802406910000000084e-01	9.843263660000000081e-01	4.408366091999999625e+00	1.802406910000000084e-01	2.124823528999999933e+00	3.033332412000000033e+00	2.445821793200000016e+01
1.873161620000000083e-01	1.048295111000000057e+00	4.557219360000000385e+00	1.873161620000000083e-01	1.562180539000000090e+00	3.223905568000000166e+00	2.432902377899999991e+01
1.946693859999999998e-01	1.115892657999999926e+00	4.710049279999999783e+00	1.946693859999999998e-01	1.201178923000000065e+00	3.501086915000000133e+00	2.419512065600000028e+01
2.023112659999999896e-01	1.187287489999999890e+00	4.866895743999999802e+00	2.023112659999999896e-01	9.377283389999999663e-01	3.738173753999999960e+00	2.405647421500000149e+01
2.102531320000000092e-01	1.262654192000000064e+00	5.027794553999999749e+00	2.102531320000000092e-01	5.622888750000000213e-01	3.975427922999999808e+00	2.391305420699999829e+01
2.185067629999999927e-01	1.342173612000000071e+00	5.192776964000000106e+00	2.185067629999999927e-01	2.705951300000000032e-02	4.457305851000000096e+00	2.376483408200000014e+01
2.270843949999999944e-01	1.426033008999999963e+00	5.361869178000000069e+00	2.270843949999999944e-01	-4.725457120000000066e-01	5.458558693999999711e+00	2.361179057700000072e+01
2.359987480000000082e-01	1.514426190000000005e+00	5.535091813000000194e+00	2.359987480000000082e-01	-3.755949829999999934e-01	7.088630238000000361e+00	2.345390329199999968e+01
2.452630399999999877e-01	1.607553613000000103e+00	5.712459305000000320e+00	2.452630399999999877e-01	1.043461450999999984e+00	8.691649286000000529e+00	2.329115428400000098e+01
2.548910079999999745e-01	1.705622474999999971e+00	5.893979279999999932e+00	2.548910079999999745e-01	3.523722857000000097e+00	9.009460595000000183e+00	2.312352766800000126e+01
2.648969290000000032e-01	1.808846761000000081e+00	6.079651862999999601e+00	2.648969290000000032e-01	5.701481453000000421e+00	6.968306961999999771e+00	2.295100925299999872e+01
2.752956389999999809e-01	1.917447251000000019e+00	6.269468956999999953e+00	2.752956389999999809e-01	4.828459815999999627e+00	4.268364846999999962e+00	2.277358620200000061e+01
2.861025569999999796e-01	2.031651494000000113e+00	6.463413459999999944e+00	2.861025569999999796e-01	2.810356039000000195e+00	3.792422782000000048e+00	2.259124675199999999e+01
2.973337079999999744e-01	2.151693712999999786e+00	6.661458442999999896e+00	2.973337079999999744e-01	1.452121216000000103e+00	4.482253089000000301e+00	2.240397997199999836e+01
3.090057460000000256e-01	2.277814669000000070e+00	6.863566282999999935e+00	3.090057460000000256e-01	5.849313170000000062e-01	5.730348682999999887e+00	2.221177558500000160e+01
3.211359779999999886e-01	2.410261445000000169e+00	7.069687753000000185e+00	3.211359779999999886e-01	6.573738820000000205e-01	7.456741159999999979e+00	2.201462385800000021e+01
3.337423899999999999e-01	2.549287162999999801e+00	7.279761066999999919e+00	3.337423899999999999e-01	1.930019472999999985e+00	8.751199127999999661e+00	2.181251555800000119e+01
3.468436750000000179e-01	2.695150619000000081e+00	7.493710898999999870e+00	3.468436750000000179e-01	3.553767724000000072e+00	8.327210296000000511e+00	2.160544198299999863e+01
3.604592600000000036e-01	2.848115830999999876e+00	7.711447365999999803e+00	3.604592600000000036e-01	3.426255901999999853e+00	7.354625978999999703e+00	2.139339507400000073e+01
3.746093349999999877e-01	3.008451482999999982e+00	7.932864984000000064e+00	3.746093349999999877e-01	2.616568593000000220e+00	7.646177923999999848e+00	2.117636760599999945e+01
3.893148799999999743e-01	3.176430272999999804e+00	8.157841608000000022e+00	3.893148799999999743e-01	2.561852130000000116e+00	8.805099694999999116e+00	2.095435346600000059e+01
4.045977020000000035e-01	3.352328137999999846e+00	8.386237363999999417e+00	4.045977020000000035e-01	3.669104794999999974e+00	9.726505732999999765e+00	2.072734800599999971e+01
4.204804610000000276e-01	3.536423375000000036e+00	8.617893578000000332e+00	4.204804610000000276e-01	4.828265015999999576e+00	9.464578238999999726e+00	2.049534849500000178e+01
4.369867080000000015e-01	3.728995612999999931e+00	8.852631712000000874e+00	4.369867080000000015e-01	5.153422674999999842e+00	9.112337816000000146e+00	2.025835464300000055e+01
4.541409200000000035e-01	3.930324671000000158e+00	9.090252330000000214e+00	4.541409200000000035e-01	5.652857279000000013e+00	9.043232008000000377e+00	2.001636921300000083e+01
4.719685319999999962e-01	4.140689263999999703e+00	9.330534089000000364e+00	4.719685319999999962e-01	6.142382706000000248e+00	8.137441307999999651e+00	1.976939871400000115e+01
4.904959790000000264e-01	4.360365567999999747e+00	9.573232791000000574e+00	4.904959790000000264e-01	5.463694934000000281e+00	7.503022673000000253e+00	1.951745416800000044e+01
5.097507340000000386e-01	4.589625640000000395e+00	9.818080491999999992e+00	5.097507340000000386e-01	4.850800838999999698e+00	7.882550683999999919e+00	1.926055195900000072e+01
5.297613469999999936e-01	4.828735680000000308e+00	1.006478470599999930e+01	5.297613469999999936e-01	5.066358796000000275e+00	8.108923092999999582e+00	1.899871473399999999e+01
5.505574899999999827e-01	5.077954154999999581e+00	1.031302770399999957e+01	5.505574899999999827e-01	4.896758487999999687e+00	7.349867036000000020e+00	1.873197238299999867e+01
5.721700010000000391e-01	5.337529757000000430e+00	1.056246594299999941e+01	5.721700010000000391e-01	3.161191774000000176e+00	7.314911666000000423e+00	1.846036305999999882e+01
5.946309250000000324e-01	5.607699234000000033e+00	1.081272964000000059e+01	5.946309250000000324e-01	1.574354620000000038e+00	8.834659117999999367e+00	1.818393425200000024e+01
6.179735680000000286e-01	5.888685071000000271e+00	1.106342251400000087e+01	6.179735680000000286e-01	7.773124259999999452e-01	1.163079672699999989e+01	1.790274388799999983e+01
6.422325420000000173e-01	6.180693048000000189e+00	1.131412172099999935e+01	6.422325420000000173e-01	2.550992948999999843e+00	1.525473010199999990e+01	1.761686145899999900e+01
6.674438190000000493e-01	6.483909680000000009e+00	1.156437800500000002e+01	6.674438190000000493e-01	6.775696839000000082e+00	1.558344392200000073e+01	1.732636915799999855e+01
6.936447820000000153e-01	6.798499564000000106e+00	1.181371608299999920e+01	6.936447820000000153e-01	7.730228297000000026e+00	1.364274158499999956e+01	1.703136300599999942e+01
7.208742820000000329e-01	7.124602639999999987e+00	1.206163529900000064e+01	7.208742820000000329e-01	7.880503662999999825e+00	1.375441115599999975e+01	1.673195396599999896e+01
7.491726939999999724e-01	7.462331404000000390e+00	1.230761054999999971e+01	7.491726939999999724e-01	9.166976612999999219e+00	1.328739005799999973e+01	1.642826900500000065e+01
7.785819800000000068e-01	7.811768095999999773e+00	1.255109352100000031e+01	7.785819800000000068e-01	8.654213604000000615e+00	1.199337629599999921e+01	1.612045211099999875e+01
8.091457469999999708e-01	8.172961885999999510e+00	1.279151423799999954e+01	8.091457469999999708e-01	7.459795922999999718e+00	1.299552961100000026e+01	1.580866522800000062e+01
8.409093159999999623e-01	8.545926112000000074e+00	1.302828294899999939e+01	8.409093159999999623e-01	8.668195167000000367e+00	1.488815668199999998e+01	1.549308908799999962e+01
8.739197859999999762e-01	8.930635590999999707e+00	1.326079234999999912e+01	8.739197859999999762e-01	1.051359851800000023e+01	1.409005198700000072e+01	1.517392393299999931e+01
9.082261040000000341e-01	9.327024058999999312e+00	1.348842015800000027e+01	9.082261040000000341e-01	1.005555569500000068e+01	1.380625359699999954e+01	1.485139009399999921e+01
9.438791399999999499e-01	9.734981778999999946e+00	1.371053202799999937e+01	9.438791399999999499e-01	1.140558026000000069e+01	1.462205351599999936e+01	1.452572840500000062e+01
9.809317600000000414e-01	1.015435336200000016e+01	1.392648481700000040e+01	9.809317600000000414e-01	1.211943227699999959e+01	1.276986939200000037e+01	1.419720044500000000e+01
1.019438905999999978e+00	1.058493585499999945e+01	1.413563016600000033e+01	1.019438905999999978e+00	1.062509483100000018e+01	1.301477783700000046e+01	1.386608857400000083e+01
1.059457676000000070e+00	1.102647713800000062e+01	1.433731839900000082e+01	1.059457676000000070e+00	1.086956041100000014e+01	1.423474760300000064e+01	1.353269575400000058e+01
1.101047410999999920e+00	1.147867468699999982e+01	1.453090269499999998e+01	1.101047410999999920e+00	1.177602573799999952e+01	1.514556271200000026e+01	1.319734513599999914e+01
1.144269779000000042e+00	1.194117473300000043e+01	1.471574350799999920e+01	1.144269779000000042e+00	1.297402600600000078e+01	1.535347412700000014e+01	1.286037941100000026e+01
1.189188871000000036e+00	1.241357187400000051e+01	1.489121319200000038e+01	1.189188871000000036e+00	1.429088845100000071e+01	1.488062918400000001e+01	1.252215990100000020e+01
1.235871291999999899e+00	1.289540917200000081e+01	1.505670077000000084e+01	1.235871291999999899e+00	1.527831328799999966e+01	1.432148887199999976e+01	1.218306539499999985e+01
1.284386264000000111e+00	1.338617875399999946e+01	1.521161681200000082e+01	1.284386264000000111e+00	1.522597221200000028e+01	1.257893306000000067e+01	1.184349073399999952e+01
1.334805723999999971e+00	1.388532296500000029e+01	1.535539833300000012e+01	1.334805723999999971e+00	1.399630859300000019e+01	1.187959815800000030e+01	1.150384513800000086e+01
1.387204434000000042e+00	1.439223606800000077e+01	1.548751366699999998e+01	1.387204434000000042e+00	1.242055836199999952e+01	1.267204926500000006e+01	1.116455029199999949e+01
1.441660090999999921e+00	1.490626649999999920e+01	1.560746723399999958e+01	1.441660090999999921e+00	1.199548470699999925e+01	1.462072710600000036e+01	1.082603821000000011e+01
1.498253443000000074e+00	1.542671968600000021e+01	1.571480412700000073e+01	1.498253443000000074e+00	1.300694481400000058e+01	1.645395081199999865e+01	1.048874888499999969e+01
1.557068405000000100e+00	1.595286139599999942e+01	1.580911444900000085e+01	1.557068405000000100e+00	1.454997851999999980e+01	1.735874078499999840e+01	1.015312776300000053e+01
1.618192188000000087e+00	1.648392160699999920e+01	1.589003732800000002e+01	1.618192188000000087e+00	1.613814485900000051e+01	1.793847491100000013e+01	9.819623059999999626e+00
1.681715427999999957e+00	1.701909884799999872e+01	1.595726453600000028e+01	1.681715427999999957e+00	1.826159341600000019e+01	1.767208756599999830e+01	9.488682967000000801e+00
1.747732314999999925e+00	1.755756496700000113e+01	1.601054365399999924e+01	1.747732314999999925e+00	1.913035381699999959e+01	1.603038145000000014e+01	9.160752772000000377e+00
1.816340741000000092e+00	1.809847026799999981e+01	1.604968071800000118e+01	1.816340741000000092e+00	1.861104702100000097e+01	1.566209545299999917e+01	8.836271935999999272e+00
1.887642437000000006e+00	1.864094895899999926e+01	1.607454230800000161e+01	1.887642437000000006e+00	1.901771662499999849e+01	1.666174558299999831e+01	8.515671183000000255e+00
1.961743129999999891e+00	1.918412481700000072e+01	1.608505702800000137e+01	1.961743129999999891e+00	2.061753657899999936e+01	1.701794590700000143e+01	8.199369621000000663e+00
2.038752697000000058e+00	1.972711701900000136e+01	1.608121635899999902e+01	2.038752697000000058e+00	2.243364109699999887e+01	1.608351066799999884e+01	7.887771962000000414e+00
2.118785325999999802e+00	2.026904602700000169e+01	1.606307486400000073e+01	2.118785325999999802e+00	2.263439426500000096e+01	1.382665525200000012e+01	7.581265862999999605e+00
2.201959690999999886e+00	2.080903946400000137e+01	1.603074974100000105e+01	2.201959690999999886e+00	2.180832482699999986e+01	1.325166030699999986e+01	7.280219436000000321e+00
2.288399123000000035e+00	2.134623788800000099e+01	1.598441973499999946e+01	2.288399123000000035e+00	2.144881931999999836e+01	1.367158397500000078e+01	6.984978964999999818e+00
2.378231792999999872e+00	2.187980038499999935e+01	1.592432342999999939e+01	2.378231792999999872e+00	2.146666218100000023e+01	1.385855043900000005e+01	6.695866853000000063e+00
2.471590905999999865e+00	2.240890989600000083e+01	1.585075694900000087e+01	2.471590905999999865e+00	2.165118691600000034e+01	1.435349492799999993e+01	6.413179830999999886e+00
2.568614895000000065e+00	2.293277822199999960e+01	1.576407110999999972e+01	2.568614895000000065e+00	2.210405042700000067e+01	1.422979752400000031e+01	6.137187454000000209e+00
2.669447626999999823e+00	2.345065062999999839e+01	1.566466808999999927e+01	2.669447626999999823e+00	2.239800886700000149e+01	1.451439762300000069e+01	5.868130894000000097e+00
2.774238616999999962e+00	2.396181000800000049e+01	1.555299765700000059e+01	2.774238616999999962e+00	2.321959076599999960e+01	1.470041998700000008e+01	5.606222032999999882e+00
2.883143248000000103e+00	2.446558053800000110e+01	1.542955303099999931e+01	2.883143248000000103e+00	2.389772761300000070e+01	1.424051951999999943e+01	5.351642877999999826e+00
2.996323004999999817e+00	2.496133083499999827e+01	1.529486645399999922e+01	2.996323004999999817e+00	2.386005051900000140e+01	1.373032325600000014e+01	5.104545279999999963e+00
3.113945710999999950e+00	2.544847654100000156e+01	1.514950453500000016e+01	3.113945710999999950e+00	2.347469780500000169e+01	1.397680335299999932e+01	4.865050948000000375e+00
3.236185777000000208e+00	2.592648236400000172e+01	1.499406344900000043e+01	3.236185777000000208e+00	2.365986060999999907e+01	1.502367473900000050e+01	4.633251761000000357e+00
3.363224460000000082e+00	2.639486355300000042e+01	1.482916405299999951e+01	3.363224460000000082e+00	2.509419569299999964e+01	1.601585982699999988e+01	4.409210337000000202e+00
3.495250132999999870e+00	2.685318682999999851e+01	1.465544700799999944e+01	3.495250132999999870e+00	2.732160443100000080e+01	1.554351111799999963e+01	4.192960861999999622e+00
3.632458563999999779e+00	2.730107078200000004e+01	1.447356794499999921e+01	3.632458563999999779e+00	2.805800113500000137e+01	1.353483224500000048e+01	3.984510129999999872e+00
3.775053204999999856e+00	2.773818576000000036e+01	1.428419276300000007e+01	3.775053204999999856e+00	2.737101733200000098e+01	1.257414650299999970e+01	3.783838793000000145e+00
3.923245496999999915e+00	2.816425329799999844e+01	1.408799309299999969e+01	3.923245496999999915e+00	2.686583605799999930e+01	1.277359673600000001e+01	3.590902762999999887e+00
4.077255177999999702e+00	2.857904510699999889e+01	1.388564198799999971e+01	4.077255177999999702e+00	2.694283529100000152e+01	1.308894277499999959e+01	3.405634767000000007e+00
4.237310615000000169e+00	2.898238167699999934e+01	1.367780986700000057e+01	4.237310615000000169e+00	2.765101452300000062e+01	1.328534625700000049e+01	3.227946004000000091e+00
4.403649137000000380e+00	2.937413053799999929e+01	1.346516076200000001e+01	4.403649137000000380e+00	2.782647848799999934e+01	1.247189150600000040e+01	3.057727884999999812e+00
4.576517391000000323e+00	2.975420422699999889e+01	1.324834886700000069e+01	4.576517391000000323e+00	2.695417289699999941e+01	1.291175349000000061e+01	2.894853823000000048e+00
4.756171707000000026e+00	3.012255800899999869e+01	1.302801543900000070e+01	4.756171707000000026e+00	2.737646937499999922e+01	1.457080237899999986e+01	2.739181056000000059e+00
4.942878474999999661e+00	3.047918740500000112e+01	1.280478602800000054e+01	4.942878474999999661e+00	2.945124859499999914e+01	1.546356968299999934e+01	2.590552467000000192e+00
5.136914545999999859e+00	3.082412555499999840e+01	1.257926806500000083e+01	5.136914545999999859e+00	3.192493326800000020e+01	1.412015489600000073e+01	2.448798388999999798e+00
5.338567634000000339e+00	3.115744049099999913e+01	1.235204879399999989e+01	5.338567634000000339e+00	3.174218152199999921e+01	1.187389325100000015e+01	2.313738373000000070e+00
5.548136752999999644e+00	3.147923233099999862e+01	1.212369354299999991e+01	5.548136752999999644e+00	3.066340271400000006e+01	1.175795183900000040e+01	2.185182896999999791e+00
5.765932649999999882e+00	3.178963045300000090e+01	1.189474432799999981e+01	5.765932649999999882e+00	3.109700939700000077e+01	1.235709778300000039e+01	2.062935009999999902e+00
5.992278274000000238e+00	3.208879066600000129e+01	1.166571875900000066e+01	5.992278274000000238e+00	3.197325027500000161e+01	1.168552801300000077e+01	1.946791892000000024e+00
6.227509249999999774e+00	3.237689242799999789e+01	1.143710925499999931e+01	6.227509249999999774e+00	3.149274239500000050e+01	1.104376146999999975e+01	1.836546330000000005e+00
6.471974377999999639e+00	3.265413611999999688e+01	1.120938252600000062e+01	6.471974377999999639e+00	3.142673468599999964e+01	1.178851430799999989e+01	1.731988086999999954e+00
6.726036152999999906e+00	3.292074040699999671e+01	1.098297930600000072e+01	6.726036152999999906e+00	3.272412656200000214e+01	1.183058023699999950e+01	1.632905185000000037e+00
6.990071294999999907e+00	3.317693970599999886e+01	1.075831432899999918e+01	6.990071294999999907e+00	3.307208945899999719e+01	1.067720801699999988e+01	1.539085064000000003e+00
7.264471318000000011e+00	3.342298176900000328e+01	1.053577649500000035e+01	7.264471318000000011e+00	3.272226178999999746e+01	1.068362102100000044e+01	1.450315656999999980e+00
7.549643099999999940e+00	3.365912539699999684e+01	1.031572923599999925e+01	7.549643099999999940e+00	3.343056008800000001e+01	1.065394444600000057e+01	1.366386343999999919e+00
7.846009495999999750e+00	3.388563830199999671e+01	1.009851103099999925e+01	7.846009495999999750e+00	3.360962595899999883e+01	9.690638038999999537e+00	1.287088811000000055e+00
8.154009956999999531e+00	3.410279509600000125e+01	9.884436070999999657e+00	8.154009956999999531e+00	3.316267266599999886e+01	9.678530317999999966e+00	1.212217807000000036e+00
8.474101187000000479e+00	3.431087544999999750e+01	9.673795032999999322e+00	8.474101187000000479e+00	3.325195154499999717e+01	9.764342875000000532e+00	1.141571810000000076e+00
8.806757815999999295e+00	3.451016237900000050e+01	9.466855959000000098e+00	8.806757815999999295e+00	3.334316548799999680e+01	9.978182433000000628e+00	1.074953593000000041e+00
9.152473109000000662e+00	3.470094069299999973e+01	9.263865213000000765e+00	9.152473109000000662e+00	3.406631159999999880e+01	1.005583526999999933e+01	1.012170711000000001e+00
9.511759690999999961e+00	3.488349557899999809e+01	9.065048498999999538e+00	9.511759690999999961e+00	3.450095862900000299e+01	9.628706140000000246e+00	9.530359040000000448e-01
9.885150314000000549e+00	3.505811133099999921e+01	8.870611930000000811e+00	9.885150314000000549e+00	3.472257962199999781e+01	9.139258557999999866e+00	8.973674299999999660e-01
1.027319864000000038e+01	3.522507020900000185e+01	8.680743126999999504e+00	1.027319864000000038e+01	3.459136309800000220e+01	8.762437948000000532e+00	8.449893189999999610e-01
1.067648006900000013e+01	3.538465143100000176e+01	8.495612339999999207e+00	1.067648006900000013e+01	3.445467233600000156e+01	8.744977026999999126e+00	7.957315790000000222e-01
1.109559258500000034e+01	3.553713028699999654e+01	8.315373583999999596e+00	1.109559258500000034e+01	3.453351201899999978e+01	8.899446354000000170e+00	7.494303270000000072e-01
1.153115765000000081e+01	3.568277735699999909e+01	8.140165763000000609e+00	1.153115765000000081e+01	3.485798276100000237e+01	9.034709257999999465e+00	7.059278879999999479e-01
1.198382111799999983e+01	3.582185785099999720e+01	7.970113801000000109e+00	1.198382111799999983e+01	3.528872743699999859e+01	8.973069642000000457e+00	6.650728280000000048e-01
1.245425420099999947e+01	3.595463103800000226e+01	7.805329744999999875e+00	1.245425420099999947e+01	3.567131678900000225e+01	8.761091072999999341e+00	6.267199639999999627e-01
1.294315445500000017e+01	3.608134976400000227e+01	7.645913852999999705e+00	1.294315445500000017e+01	3.600698472199999856e+01	8.463389402000000672e+00	5.907303259999999723e-01
1.345124682199999988e+01	3.620226006200000057e+01	7.491955659000000267e+00	1.345124682199999988e+01	3.622462363000000352e+01	8.022815053000000418e+00	5.569710939999999999e-01
1.397928470299999937e+01	3.631760083399999672e+01	7.343534999000000063e+00	1.397928470299999937e+01	3.615208747100000153e+01	7.571978048000000072e+00	5.253155050000000159e-01
1.452805107100000015e+01	3.642760359599999731e+01	7.200723015000000338e+00	1.452805107100000015e+01	3.583601454800000141e+01	7.414448480999999980e+00	4.956427380000000271e-01
1.509835963699999972e+01	3.653249229200000059e+01	7.063583112999999969e+00	1.509835963699999972e+01	3.568692416199999684e+01	7.654872146999999849e+00	4.678377839999999788e-01
1.569105605600000075e+01	3.663248316399999993e+01	6.932171894999999751e+00	1.569105605600000075e+01	3.593263774999999782e+01	7.979303092000000319e+00	4.417912900000000032e-01
1.630701917700000081e+01	3.672778465999999753e+01	6.806540047999999565e+00	1.630701917700000081e+01	3.635781624100000187e+01	7.980583226000000252e+00	4.173994019999999749e-01
1.694716235199999943e+01	3.681859739699999778e+01	6.686733192000000159e+00	1.694716235199999943e+01	3.666035153699999682e+01	7.816581331000000077e+00	3.945635880000000206e-01
1.761243478400000129e+01	3.690511415699999986e+01	6.572792697999999767e+00	1.761243478400000129e+01	3.695147639099999992e+01	7.558901125000000221e+00	3.731904629999999723e-01
1.830382293899999979e+01	3.698751990899999953e+01	6.464756462999999620e+00	1.830382293899999979e+01	3.712766251800000106e+01	7.363221330000000009e+00	3.531915970000000238e-01
1.902235200899999867e+01	3.706599186700000104e+01	6.362659647000000085e+00	1.902235200899999867e+01	3.718552989799999864e+01	7.240220683999999629e+00	3.344833300000000231e-01
1.976908742799999885e+01	3.714069956899999880e+01	6.266535383999999986e+00	1.976908742799999885e+01	3.732034823099999699e+01	7.196929941999999691e+00	3.169865780000000188e-01
2.054513645600000160e+01	3.721180497099999940e+01	6.176415443999999866e+00	2.054513645600000160e+01	3.757821522100000067e+01	6.980693401999999992e+00	3.006266450000000257e-01
2.135164981899999859e+01	3.727946255700000222e+01	6.092330873999999952e+00	2.135164981899999859e+01	3.762227309200000036e+01	6.670151103000000248e+00	2.853330270000000168e-01
2.218982341499999933e+01	3.734381946599999935e+01	6.014312604999999756e+00	2.218982341499999933e+01	3.753986281400000280e+01	6.522547581000000427e+00	2.710392280000000209e-01
2.306090008700000027e+01	3.740501562200000052e+01	5.942392020999999858e+00	2.306090008700000027e+01	3.748534987000000029e+01	6.565253163999999586e+00	2.576825710000000269e-01
2.396617146899999895e+01	3.746318387099999825e+01	5.876601514999999942e+00	2.396617146899999895e+01	3.767164688799999794e+01	6.609461558999999653e+00	2.452040169999999963e-01
2.490697989699999937e+01	3.751845012300000093e+01	5.816975001000000312e+00	2.490697989699999937e+01	3.789126695899999930e+01	6.550599280000000135e+00	2.335479860000000130e-01
2.588472040299999932e+01	3.757093349600000209e+01	5.763548421000000310e+00	2.588472040299999932e+01	3.807008155100000124e+01	6.280798664999999836e+00	2.226621860000000119e-01
2.690084278000000140e+01	3.762074645199999878e+01	5.716360209000000303e+00	2.690084278000000140e+01	3.801623492499999912e+01	6.024676455999999902e+00	2.124974390000000102e-01
2.795685373499999926e+01	3.766799493799999965e+01	5.675451752999999933e+00	2.795685373499999926e+01	3.784496148200000221e+01	5.959488685000000174e+00	2.030075269999999932e-01
2.905431912099999892e+01	3.771277851899999689e+01	5.640867823999999864e+00	2.905431912099999892e+01	3.780190352200000348e+01	6.045363277999999951e+00	1.941490280000000013e-01
3.019486626100000137e+01	3.775519050199999782e+01	5.612656992999999872e+00	3.019486626100000137e+01	3.783420278300000206e+01	6.076093337999999733e+00	1.858811680000000133e-01
3.138018635699999948e+01	3.779531805700000291e+01	5.590872037999999655e+00	3.138018635699999948e+01	3.784297888999999770e+01	6.156579050999999581e+00	1.781656739999999961e-01
3.261203700299999753e+01	3.783324232399999687e+01	5.575570326000000243e+00	3.261203700299999753e+01	3.793840748000000218e+01	6.285740204999999747e+00	1.709666380000000041e-01
3.389224478799999929e+01	3.786903851200000304e+01	5.566814189999999662e+00	3.389224478799999929e+01	3.816882741700000281e+01	6.371277757999999736e+00	1.642503829999999998e-01
3.522270800300000104e+01	3.790277598400000159e+01	5.564671296000000211e+00	3.522270800300000104e+01	3.835834353300000288e+01	6.280449579999999976e+00	1.579853340000000050e-01
3.660539946000000100e+01	3.793451833499999992e+01	5.569214998999999722e+00	3.660539946000000100e+01	3.851562817100000302e+01	6.152747199000000222e+00	1.521418989999999971e-01
3.804236941500000313e+01	3.796432344499999800e+01	5.580524689999999843e+00	3.804236941500000313e+01	3.847876877400000240e+01	5.973311340000000413e+00	1.466923529999999976e-01
3.953574860700000215e+01	3.799224352800000304e+01	5.598686136999999619e+00	3.953574860700000215e+01	3.835848435399999801e+01	5.978867018999999949e+00	1.416107279999999913e-01
4.108775141899999994e+01	3.801832515899999976e+01	5.623791827999999882e+00	4.108775141899999994e+01	3.835392283899999910e+01	6.133866784000000294e+00	1.368727090000000091e-01
4.270067916200000013e+01	3.804260928299999733e+01	5.655941301999999560e+00	4.270067916200000013e+01	3.848388125400000348e+01	6.209948075999999872e+00	1.324555350000000131e-01
4.437692348400000242e+01	3.806513120900000047e+01	5.695241484000000298e+00	4.437692348400000242e+01	3.858537735800000235e+01	6.170717491999999638e+00	1.283379070000000011e-01
4.611896992199999801e+01	3.808592058299999650e+01	5.741807012999999849e+00	4.611896992199999801e+01	3.857630244599999969e+01	6.148737986000000433e+00	1.244998969999999983e-01
4.792940158300000064e+01	3.810500133699999736e+01	5.795760579000000412e+00	4.792940158300000064e+01	3.857853534200000212e+01	6.250631618999999972e+00	1.209228650000000044e-01
4.981090297499999764e+01	3.812239162600000242e+01	5.857233255999999777e+00	4.981090297499999764e+01	3.866726536099999834e+01	6.287154531999999740e+00	1.175893810000000067e-01
5.176626398799999862e+01	3.813810372799999726e+01	5.926364837999999580e+00	5.176626398799999862e+01	3.868662066099999919e+01	6.238849001000000172e+00	1.144831480000000068e-01
5.379838403400000146e+01	3.815214393099999768e+01	6.003304180999999851e+00	5.379838403400000146e+01	3.858154460800000152e+01	6.313902235999999668e+00	1.115889310000000023e-01
5.591027634099999943e+01	3.816451238900000220e+01	6.088209551000000275e+00	5.591027634099999943e+01	3.857263045199999851e+01	6.503731605999999665e+00	1.088924960000000053e-01
5.810507242199999922e+01	3.817520295199999936e+01	6.181248971999999675e+00	5.810507242199999922e+01	3.866437330499999803e+01	6.630291440999999786e+00	1.063805399999999957e-01
6.038602672199999688e+01	3.818420296299999706e+01	6.282600589000000291e+00	6.038602672199999688e+01	3.868173511199999837e+01	6.742916734999999662e+00	1.040406350000000063e-01
6.275652144000000021e+01	3.819149303199999679e+01	6.392453037000000116e+00	6.275652144000000021e+01	3.874777430799999678e+01	6.871102750999999564e+00	1.018611749999999982e-01
6.522007154800000706e+01	3.819704676799999987e+01	6.511005813999999781e+00	6.522007154800000706e+01	3.884376714999999791e+01	6.984584411000000159e+00	9.983132000000000117e-02
6.778032999799999914e+01	3.820083048299999717e+01	6.638469670000000100e+00	6.778032999799999914e+01	3.887929546800000224e+01	7.094014556000000304e+00	9.794094600000000095e-02
7.044109314199999972e+01	3.820280285300000145e+01	6.775067005000000364e+00	7.044109314199999972e+01	3.898741651000000275e+01	7.191989952000000130e+00	9.618060600000000182e-02
7.320630635999999924e+01	3.820291454299999856e+01	6.921032280999999564e+00	7.320630635999999924e+01	3.902949922500000213e+01	7.267553118000000367e+00	9.454147599999999929e-02
7.608006991099999539e+01	3.820110778499999782e+01	7.076612442000000058e+00	7.608006991099999539e+01	3.904265825200000251e+01	7.290324039999999783e+00	9.301532499999999593e-02
7.906664501299999870e+01	3.819731591400000070e+01	7.242067353999999568e+00	7.906664501299999870e+01	3.899307019300000121e+01	7.451523529000000146e+00	9.159446899999999780e-02
8.217046016099999406e+01	3.819146285499999749e+01	7.417670258000000238e+00	8.217046016099999406e+01	3.900062818199999981e+01	7.611787592999999852e+00	9.027173800000000414e-02
8.539611769200000424e+01	3.818346254899999792e+01	7.603708235000000037e+00	8.539611769200000424e+01	3.908856288599999829e+01	7.793976715000000333e+00	8.904044399999999637e-02
8.874840061199999752e+01	3.817321833100000106e+01	7.800482693000000189e+00	8.874840061199999752e+01	3.913712490999999716e+01	7.828288975999999622e+00	8.789434699999999767e-02
9.223227968800000554e+01	3.816062224499999900e+01	8.008309870999999802e+00	9.223227968800000554e+01	3.906900029199999835e+01	7.829308016999999786e+00	8.682762600000000497e-02
9.585292081599999392e+01	3.814555428700000306e+01	8.227521359000000700e+00	9.585292081599999392e+01	3.887820199099999741e+01	7.986296167999999973e+00	8.583485300000000262e-02
9.961569268399999544e+01	3.812788158200000055e+01	8.458464640000000756e+00	9.961569268399999544e+01	3.871631792000000161e+01	8.252513246999999552e+00	8.491096500000000491e-02
1.035261747309999976e+02	3.810745748099999730e+01	8.701503652999999616e+00	1.035261747309999976e+02	3.858688106799999673e+01	8.555631307000000518e+00	8.405124299999999771e-02
1.075901654219999983e+02	3.808412057400000350e+01	8.957019379000000114e+00	1.075901654219999983e+02	3.855376347600000031e+01	8.960568873999999795e+00	8.325128399999999484e-02
1.118136908430000034e+02	3.805769361499999803e+01	9.225410443999999544e+00	1.118136908430000034e+02	3.861460110699999859e+01	9.295509889999999942e+00	8.250698400000000543e-02
1.162030136390000052e+02	3.802798234400000155e+01	9.507093751999999398e+00	1.162030136390000052e+02	3.866970788399999748e+01	9.520805465000000467e+00	8.181452000000000169e-02
1.207646422979999983e+02	3.799477420800000260e+01	9.802505145999999669e+00	1.207646422979999983e+02	3.859635454299999680e+01	9.772435068000000058e+00	8.117032400000000203e-02
