3.162278000000000137e-03	9.182800000000000240e-05	9.861108300000000215e-02	3.162278000000000137e-03	-1.215005000000000078e-02	-4.880429700000000343e-02	3.118356241400000073e+01
3.286414999999999996e-03	9.917999999999999570e-05	1.024822640000000035e-01	3.286414999999999996e-03	-1.724754900000000091e-02	-4.912547200000000336e-02	3.118360359700000117e+01
3.415425000000000145e-03	1.071210000000000066e-04	1.065054269999999997e-01	3.415425000000000145e-03	-2.269502199999999872e-02	-4.927582500000000226e-02	3.118364808300000135e+01
3.549500000000000138e-03	1.156980000000000026e-04	1.106865399999999999e-01	3.549500000000000138e-03	-2.851139399999999893e-02	-4.922858100000000042e-02	3.118369612400000079e+01
3.688837999999999839e-03	1.249610000000000120e-04	1.150318079999999993e-01	3.688837999999999839e-03	-3.471573499999999757e-02	-4.895392500000000230e-02	3.118374801799999929e+01
3.833646000000000015e-03	1.349660000000000085e-04	1.195476750000000060e-01	3.833646000000000015e-03	-4.132707499999999784e-02	-4.841873000000000010e-02	3.118380405899999985e+01
3.984139000000000257e-03	1.457730000000000017e-04	1.242408410000000046e-01	3.984139000000000257e-03	-4.836418199999999862e-02	-4.758627299999999838e-02	3.118386459099999897e+01
4.140539000000000372e-03	1.574450000000000079e-04	1.291182710000000067e-01	4.140539000000000372e-03	-5.584529500000000313e-02	-4.641593599999999792e-02	3.118392996500000081e+01
4.303078000000000111e-03	1.700510000000000021e-04	1.341872010000000059e-01	4.303078000000000111e-03	-6.378780500000000298e-02	-4.486289799999999828e-02	3.118400057299999872e+01
4.471998999999999939e-03	1.836669999999999883e-04	1.394551519999999989e-01	4.471998999999999939e-03	-7.220788000000000206e-02	-4.287782400000000188e-02	3.118407683599999913e+01
4.647550000000000292e-03	1.983739999999999950e-04	1.449299420000000060e-01	4.647550000000000292e-03	-8.112002399999999891e-02	-4.040654899999999994e-02	3.118415920200000002e+01
4.829993000000000307e-03	2.142590000000000098e-04	1.506196959999999974e-01	4.829993000000000307e-03	-9.053656300000000046e-02	-3.738976799999999684e-02	3.118424816099999930e+01
5.019598000000000115e-03	2.314159999999999948e-04	1.565328569999999975e-01	5.019598000000000115e-03	-1.004670530000000006e-01	-3.376274199999999837e-02	3.118434424200000166e+01
5.216644999999999789e-03	2.499469999999999839e-04	1.626782029999999934e-01	5.216644999999999789e-03	-1.109175990000000056e-01	-2.945501199999999917e-02	3.118444801500000096e+01
5.421427999999999837e-03	2.699630000000000172e-04	1.690648539999999866e-01	5.421427999999999837e-03	-1.218900710000000026e-01	-2.439015599999999964e-02	3.118456009599999845e+01
5.634250000000000369e-03	2.915829999999999898e-04	1.757022930000000094e-01	5.634250000000000369e-03	-1.333812229999999932e-01	-1.848558200000000040e-02	3.118468114899999932e+01
5.855426000000000381e-03	3.149340000000000039e-04	1.826003720000000108e-01	5.855426000000000381e-03	-1.453816930000000063e-01	-1.165238099999999985e-02	3.118481188999999887e+01
6.085285000000000173e-03	3.401559999999999870e-04	1.897693330000000123e-01	6.085285000000000173e-03	-1.578748759999999973e-01	-3.795251999999999827e-03	3.118495309800000115e+01
6.324167000000000330e-03	3.673999999999999857e-04	1.972198229999999886e-01	6.324167000000000330e-03	-1.708356759999999919e-01	5.187472000000000263e-03	3.118510561200000097e+01
6.572426999999999610e-03	3.968260000000000255e-04	2.049629040000000013e-01	6.572426999999999610e-03	-1.842291080000000025e-01	1.540368100000000066e-02	3.118527033399999837e+01
6.830431999999999997e-03	4.286110000000000202e-04	2.130100779999999916e-01	6.830431999999999997e-03	-1.980087680000000017e-01	2.696719599999999883e-02	3.118544823999999949e+01
7.098565000000000257e-03	4.629430000000000025e-04	2.213732979999999961e-01	7.098565000000000257e-03	-2.121151440000000055e-01	3.999729999999999952e-02	3.118564039099999974e+01
7.377223999999999934e-03	5.000259999999999861e-04	2.300649889999999975e-01	7.377223999999999934e-03	-2.264737850000000108e-01	5.461805299999999974e-02	3.118584792200000066e+01
7.666822000000000220e-03	5.400830000000000127e-04	2.390980659999999980e-01	7.666822000000000220e-03	-2.409933150000000135e-01	7.095734099999999323e-02	3.118607206600000126e+01
7.967787999999999954e-03	5.833499999999999493e-04	2.484859530000000094e-01	7.967787999999999954e-03	-2.555632999999999933e-01	8.914562800000000453e-02	3.118631415500000159e+01
8.280568999999999777e-03	6.300869999999999865e-04	2.582426030000000150e-01	8.280568999999999777e-03	-2.700519749999999997e-01	1.093143409999999954e-01	3.118657562199999944e+01
8.605629000000000056e-03	6.805719999999999478e-04	2.683825229999999840e-01	8.605629000000000056e-03	-2.843038449999999995e-01	1.315938259999999971e-01	3.118685801899999888e+01
8.943448999999999149e-03	7.351050000000000032e-04	2.789207899999999740e-01	8.943448999999999149e-03	-2.981371760000000037e-01	1.561108079999999898e-01	3.118716302200000001e+01
9.294530000000000500e-03	7.940129999999999888e-04	2.898730780000000062e-01	9.294530000000000500e-03	-3.113414059999999872e-01	1.829852529999999866e-01	3.118749244199999993e+01
9.659393000000000493e-03	8.576459999999999943e-04	3.012556809999999974e-01	9.659393000000000493e-03	-3.236745149999999960e-01	2.123265440000000059e-01	3.118784823200000034e+01
1.003857900000000060e-02	9.263849999999999472e-04	3.130855359999999976e-01	1.003857900000000060e-02	-3.348604090000000255e-01	2.442288350000000052e-01	3.118823250299999827e+01
1.043264999999999991e-02	1.000641000000000030e-03	3.253802519999999809e-01	1.043264999999999991e-02	-3.445864009999999866e-01	2.787654489999999985e-01	3.118864753500000120e+01
1.084219099999999929e-02	1.080856000000000048e-03	3.381581359999999981e-01	1.084219099999999929e-02	-3.525008900000000112e-01	3.159821290000000005e-01	3.118909578999999965e+01
1.126780900000000016e-02	1.167513000000000014e-03	3.514382200000000234e-01	1.126780900000000016e-02	-3.582114149999999775e-01	3.558889539999999796e-01	3.118957992800000056e+01
1.171013400000000051e-02	1.261128000000000032e-03	3.652402900000000230e-01	1.171013400000000051e-02	-3.612832819999999834e-01	3.984506520000000163e-01	3.119010282200000006e+01
1.216982399999999923e-02	1.362261999999999935e-03	3.795849199999999923e-01	1.216982399999999923e-02	-3.612391019999999786e-01	4.435750310000000085e-01	3.119066757199999884e+01
1.264755799999999972e-02	1.471522000000000064e-03	3.944934999999999969e-01	1.264755799999999972e-02	-3.575596890000000139e-01	4.910992040000000114e-01	3.119127753100000078e+01
1.314404700000000072e-02	1.589563999999999908e-03	4.099882710000000152e-01	1.314404700000000072e-02	-3.496869459999999985e-01	5.407732429999999590e-01	3.119193631599999961e+01
1.366002499999999925e-02	1.717095000000000080e-03	4.260923600000000033e-01	1.366002499999999925e-02	-3.370296540000000118e-01	5.922409149999999789e-01	3.119264783599999902e+01
1.419625899999999927e-02	1.854883000000000096e-03	4.428298159999999872e-01	1.419625899999999927e-02	-3.189734169999999813e-01	6.450172079999999530e-01	3.119341631200000009e+01
1.475354299999999917e-02	2.003756000000000200e-03	4.602256479999999872e-01	1.475354299999999917e-02	-2.948964769999999902e-01	6.984625239999999735e-01	3.119424630299999990e+01
1.533270299999999961e-02	2.164610999999999879e-03	4.783058649999999967e-01	1.533270299999999961e-02	-2.641937440000000081e-01	7.517537949999999469e-01	3.119514273200000076e+01
1.593459900000000068e-02	2.338418000000000094e-03	4.970975160000000170e-01	1.593459900000000068e-02	-2.263120690000000046e-01	8.038534170000000145e-01	3.119611091899999877e+01
1.656012299999999951e-02	2.526225999999999906e-03	5.166287349999999501e-01	1.656012299999999951e-02	-1.808005950000000084e-01	8.534780979999999628e-01	3.119715660600000007e+01
1.721020100000000136e-02	2.729169999999999947e-03	5.369287860000000467e-01	1.721020100000000136e-02	-1.273807250000000002e-01	8.990715590000000201e-01	3.119828599599999919e+01
1.788580000000000031e-02	2.948478999999999944e-03	5.580281089999999944e-01	1.788580000000000031e-02	-6.604047400000000179e-02	9.387879089999999760e-01	3.119950578899999982e+01
1.858791900000000136e-02	3.185482999999999804e-03	5.799583719999999998e-01	1.858791900000000136e-02	2.842766999999999950e-03	9.704965730000000290e-01	3.120082322100000027e+01
1.931760000000000074e-02	3.441622999999999991e-03	6.027525209999999856e-01	1.931760000000000074e-02	7.834996399999999417e-02	9.918249970000000415e-01	3.120224610600000048e+01
2.007592600000000088e-02	3.718454999999999851e-03	6.264448350000000332e-01	2.007592600000000088e-02	1.588440269999999988e-01	1.000261220999999923e+00	3.120378288399999889e+01
2.086402000000000048e-02	4.017668999999999754e-03	6.510709839999999637e-01	2.086402000000000048e-02	2.417865819999999999e-01	9.933431820000000467e-01	3.120544267100000013e+01
2.168305200000000127e-02	4.341094000000000203e-03	6.766680900000000554e-01	2.168305200000000127e-02	3.235838699999999957e-01	9.689612730000000118e-01	3.120723531200000167e+01
2.253423400000000021e-02	4.690709999999999845e-03	7.032747879999999840e-01	2.253423400000000021e-02	3.995222079999999898e-01	9.257891050000000011e-01	3.120917143799999849e+01
2.341883100000000106e-02	5.068663999999999635e-03	7.309312909999999830e-01	2.341883100000000106e-02	4.638773740000000090e-01	8.638268930000000401e-01	3.121126253199999923e+01
2.433815300000000126e-02	5.477283000000000325e-03	7.596794650000000537e-01	2.433815300000000126e-02	5.102914459999999819e-01	7.849876700000000262e-01	3.121352099599999974e+01
2.529356400000000102e-02	5.919090000000000115e-03	7.895628970000000413e-01	2.529356400000000102e-02	5.324829079999999770e-01	6.935853979999999641e-01	3.121596022299999973e+01
2.628648000000000096e-02	6.396821999999999925e-03	8.206269790000000341e-01	2.628648000000000096e-02	5.252720339999999988e-01	5.965236820000000550e-01	3.121859467799999877e+01
2.731837399999999944e-02	6.913447999999999989e-03	8.529189799999999932e-01	2.731837399999999944e-02	4.857681400000000149e-01	5.029824920000000033e-01	3.122143998299999978e+01
2.839077599999999951e-02	7.472190000000000082e-03	8.864881430000000062e-01	2.839077599999999951e-02	4.144284209999999913e-01	4.235021560000000185e-01	3.122451300699999877e+01
2.950527500000000095e-02	8.076546000000000419e-03	9.213857669999999667e-01	2.950527500000000095e-02	3.156475990000000009e-01	3.685634970000000177e-01	3.122783197200000060e+01
3.066352500000000050e-02	8.730316000000000118e-03	9.576653109999999636e-01	3.066352500000000050e-02	1.976437359999999865e-01	3.469742069999999790e-01	3.123141655199999889e+01
3.186724199999999702e-02	9.437630000000000671e-03	9.953824890000000369e-01	3.186724199999999702e-02	7.164665600000000301e-02	3.644640920000000173e-01	3.123528799800000044e+01
3.311821300000000051e-02	1.020297499999999954e-02	1.034595383999999951e+00	3.311821300000000051e-02	-4.935561499999999852e-02	4.227882769999999901e-01	3.123946925699999966e+01
3.441829099999999669e-02	1.103123200000000019e-02	1.075364559999999914e+00	3.441829099999999669e-02	-1.519507920000000012e-01	5.193863990000000541e-01	3.124398510900000048e+01
3.576940399999999770e-02	1.192771500000000019e-02	1.117753184999999982e+00	3.576940399999999770e-02	-2.234564059999999963e-01	6.473907389999999928e-01	3.124886231600000031e+01
3.717355700000000290e-02	1.289820600000000060e-02	1.161827160000000081e+00	3.717355700000000290e-02	-2.528944009999999909e-01	7.956534779999999696e-01	3.125412977699999928e+01
3.863282999999999995e-02	1.394900699999999938e-02	1.207655257999999954e+00	3.863282999999999995e-02	-2.321092210000000045e-01	9.485445080000000084e-01	3.125981869700000004e+01
4.014938800000000113e-02	1.508698500000000067e-02	1.255309271000000004e+00	4.014938800000000113e-02	-1.576448900000000097e-01	1.085605879000000051e+00	3.126596277200000173e+01
4.172548000000000229e-02	1.631963399999999953e-02	1.304864167999999935e+00	4.172548000000000229e-02	-3.409812300000000101e-02	1.181840122000000104e+00	3.127259838999999886e+01
4.336344200000000204e-02	1.765513200000000046e-02	1.356398264000000076e+00	4.336344200000000204e-02	1.208976900000000021e-01	1.210517022999999970e+00	3.127976483799999841e+01
4.506570299999999862e-02	1.910241500000000106e-02	1.409993398999999981e+00	4.506570299999999862e-02	2.720616319999999977e-01	1.151280749999999964e+00	3.128750453700000023e+01
4.683478800000000219e-02	2.067125100000000160e-02	1.465735132999999912e+00	4.683478800000000219e-02	3.682548820000000056e-01	1.004529605000000103e+00	3.129586328699999953e+01
4.867331999999999909e-02	2.237233200000000172e-02	1.523712952999999981e+00	4.867331999999999909e-02	3.584258109999999831e-01	8.052321289999999632e-01	3.130489053599999849e+01
5.058402399999999827e-02	2.421736400000000164e-02	1.584020495999999945e+00	5.058402399999999827e-02	2.196266380000000129e-01	6.201935549999999520e-01	3.131463966700000157e+01
5.256973499999999938e-02	2.621918599999999849e-02	1.646755790000000053e+00	5.256973499999999938e-02	-2.376732700000000129e-02	5.204132369999999730e-01	3.132516830799999852e+01
5.463339600000000074e-02	2.839188299999999970e-02	1.712021513999999911e+00	5.463339600000000074e-02	-3.098716149999999891e-01	5.469709190000000554e-01	3.133653866499999907e+01
5.677806700000000151e-02	3.075093200000000165e-02	1.779925278000000111e+00	5.677806700000000151e-02	-5.691005940000000152e-01	6.976263830000000166e-01	3.134881787899999850e+01
5.900692899999999963e-02	3.331335400000000335e-02	1.850579924000000043e+00	5.900692899999999963e-02	-7.484928530000000135e-01	9.363544520000000038e-01	3.136207841499999915e+01
6.132328599999999769e-02	3.609789299999999895e-02	1.924103855000000030e+00	6.132328599999999769e-02	-8.214429960000000364e-01	1.208518202000000041e+00	3.137639846900000151e+01
6.373057299999999870e-02	3.912521599999999738e-02	2.000621392999999859e+00	6.373057299999999870e-02	-7.922664320000000204e-01	1.452215902999999919e+00	3.139186241899999885e+01
6.623236100000000348e-02	4.241813700000000159e-02	2.080263158000000168e+00	6.623236100000000348e-02	-7.033219899999999525e-01	1.613742999000000067e+00	3.140856129499999838e+01
6.883235699999999679e-02	4.600188000000000194e-02	2.163166492999999857e+00	6.883235699999999679e-02	-6.316973890000000535e-01	1.679565082000000098e+00	3.142659328599999924e+01
7.153441800000000239e-02	4.990436799999999756e-02	2.249475917999999908e+00	7.153441800000000239e-02	-6.456767439999999691e-01	1.706811379999999989e+00	3.144606428999999892e+01
7.434255100000000671e-02	5.415656499999999679e-02	2.339343624000000066e+00	7.434255100000000671e-02	-7.352809999999999624e-01	1.794594986999999975e+00	3.146708848600000152e+01
7.726091799999999787e-02	5.879285699999999698e-02	2.432930014000000085e+00	7.726091799999999787e-02	-7.996167709999999484e-01	1.994479584000000028e+00	3.148978895200000139e+01
8.029384900000000047e-02	6.385148999999999686e-02	2.530404294999999859e+00	8.029384900000000047e-02	-7.142415199999999631e-01	2.244233717999999822e+00	3.151429831700000150e+01
8.344583799999999441e-02	6.937508300000000405e-02	2.631945115000000168e+00	8.344583799999999441e-02	-4.341126109999999816e-01	2.354196962000000060e+00	3.154075945199999964e+01
8.672156200000000204e-02	7.541120399999999557e-02	2.737741269999999894e+00	8.672156200000000204e-02	-1.541653970000000096e-01	2.089488776000000048e+00	3.156932619399999851e+01
9.012587599999999366e-02	8.201304800000000506e-02	2.847992468000000166e+00	9.012587599999999366e-02	-3.311730800000000086e-01	1.541913971000000050e+00	3.160016410600000114e+01
9.366382900000000400e-02	8.924021000000000037e-02	2.962910159999999848e+00	9.366382900000000400e-02	-1.068205252000000050e+00	1.294446677999999906e+00	3.163345126500000148e+01
9.734066600000000624e-02	9.715958299999999381e-02	3.082718457999999995e+00	9.734066600000000624e-02	-1.875100728000000050e+00	1.655056743999999913e+00	3.166937907399999830e+01
1.011618410000000023e-01	1.058464070000000035e-01	3.207655127999999856e+00	1.011618410000000023e-01	-2.337426621000000093e+00	2.439586145999999900e+00	3.170815309199999987e+01
1.051330179999999948e-01	1.153854819999999975e-01	3.337972666000000199e+00	1.051330179999999948e-01	-2.243991847000000206e+00	3.332011084999999984e+00	3.174999385899999993e+01
1.092600860000000063e-01	1.258725770000000133e-01	3.473939484999999827e+00	1.092600860000000063e-01	-1.541241437999999908e+00	3.746645948999999920e+00	3.179513771699999936e+01
1.135491649999999936e-01	1.374160879999999918e-01	3.615841180999999960e+00	1.135491649999999936e-01	-1.184214091000000080e+00	3.037948847000000008e+00	3.184383758299999911e+01
1.180066149999999953e-01	1.501389660000000126e-01	3.763981919999999981e+00	1.180066149999999953e-01	-2.257359054000000143e+00	2.493981440999999855e+00	3.189636365699999843e+01
1.226390460000000016e-01	1.641809840000000020e-01	3.918685920000000156e+00	1.226390460000000016e-01	-3.636471005999999839e+00	3.138684614999999845e+00	3.195300401500000120e+01
1.274533250000000062e-01	1.797013919999999876e-01	4.080299042000000043e+00	1.274533250000000062e-01	-4.663043484000000127e+00	4.575331379999999726e+00	3.201406503399999792e+01
1.324565930000000114e-01	1.968820470000000045e-01	4.249190476999999966e+00	1.324565930000000114e-01	-5.222509815000000444e+00	6.810483042999999626e+00	3.207987157000000167e+01
1.376562669999999988e-01	2.159310959999999890e-01	4.425754524000000245e+00	1.376562669999999988e-01	-4.230649507999999948e+00	1.042294648600000073e+01	3.215076679799999937e+01
1.430600569999999905e-01	2.370873320000000117e-01	4.610412428000000062e+00	1.430600569999999905e-01	2.227072654000000096e+00	1.171565304199999957e+01	3.222711156900000162e+01
1.486759779999999864e-01	2.606253299999999884e-01	4.803614253000000112e+00	1.486759779999999864e-01	2.684218437000000179e+00	5.429724110000000437e+00	3.230928312900000066e+01
1.545123549999999901e-01	2.868615409999999977e-01	5.005840734000000403e+00	1.545123549999999901e-01	-7.784878769999999948e-01	4.896777058999999710e+00	3.239767297499999898e+01
1.605778429999999979e-01	3.161615010000000114e-01	5.217605020999999788e+00	1.605778429999999979e-01	-2.754935301000000170e+00	6.775999009999999600e+00	3.249268353099999729e+01
1.668814349999999946e-01	3.489483939999999951e-01	5.439454214000000398e+00	1.668814349999999946e-01	-3.301212293999999936e+00	1.036264173500000041e+01	3.259472330799999895e+01
1.734324800000000000e-01	3.857132039999999762e-01	5.671970517000000100e+00	1.734324800000000000e-01	1.874183847000000069e+00	1.531638349099999985e+01	3.270419999300000313e+01
1.802406910000000084e-01	4.270267669999999738e-01	5.915771786999999726e+00	1.802406910000000084e-01	7.150981118999999886e+00	7.669861938000000379e+00	3.282151087199999751e+01
1.873161620000000083e-01	4.735540670000000230e-01	6.171511151999999889e+00	1.873161620000000083e-01	3.027481669999999792e+00	5.765834234999999808e+00	3.294702969099999734e+01
1.946693859999999998e-01	5.260711660000000345e-01	6.439875261000000073e+00	1.946693859999999998e-01	2.002363064999999942e+00	6.686369997999999981e+00	3.308108890199999763e+01
2.023112659999999896e-01	5.854852130000000043e-01	6.721580552999999902e+00	2.023112659999999896e-01	1.394754505999999949e+00	6.590424618000000123e+00	3.322395583400000163e+01
2.102531320000000092e-01	6.528580050000000190e-01	7.017366707999999953e+00	2.102531320000000092e-01	-7.932802699999999541e-02	7.730023316999999672e+00	3.337580099200000205e+01
2.185067629999999927e-01	7.294335720000000300e-01	7.327986165000000440e+00	2.185067629999999927e-01	7.379048000000000031e-03	1.081592683000000044e+01	3.353665612399999674e+01
2.270843949999999944e-01	8.166702219999999457e-01	7.654188161000000434e+00	2.270843949999999944e-01	5.242959023000000052e+00	1.268847239699999996e+01	3.370635908700000272e+01
2.359987480000000082e-01	9.162773459999999925e-01	7.996695278999999879e+00	2.359987480000000082e-01	5.857650149999999556e+00	6.022222765000000422e+00	3.388448178800000221e+01
2.452630399999999877e-01	1.030256988000000096e+00	8.356169807000000560e+00	2.452630399999999877e-01	1.470244003999999993e+00	6.395391285999999731e+00	3.407023661499999889e+01
2.548910079999999745e-01	1.160949658000000051e+00	8.733166414999999461e+00	2.548910079999999745e-01	4.916193850000000198e-01	9.360057484000000372e+00	3.426235581200000269e+01
2.648969290000000032e-01	1.311082988999999976e+00	9.128066697999999590e+00	2.648969290000000032e-01	1.628389327999999914e+00	1.162924578400000009e+01	3.445893744699999672e+01
2.752956389999999809e-01	1.483820310999999892e+00	9.540990044000000836e+00	2.752956389999999809e-01	4.453273782000000125e+00	1.357522518699999914e+01	3.465725099200000159e+01
2.861025569999999796e-01	1.682803975999999979e+00	9.971674265000000759e+00	2.861025569999999796e-01	8.889126469000000696e+00	1.125548586600000078e+01	3.485349579799999731e+01
2.973337079999999744e-01	1.912184759999999928e+00	1.041931868800000061e+01	2.973337079999999744e-01	7.748353021999999868e+00	6.233386891000000318e+00	3.504250746499999991e+01
3.090057460000000256e-01	2.176623724999999787e+00	1.088238255799999976e+01	3.090057460000000256e-01	4.321521560999999956e+00	5.916143560000000079e+00	3.521741165299999921e+01
3.211359779999999886e-01	2.481246129000000078e+00	1.135833357699999979e+01	3.211359779999999886e-01	2.339387503000000201e+00	7.078621475000000274e+00	3.536923413099999891e+01
3.337423899999999999e-01	2.831518485000000140e+00	1.184334674900000017e+01	3.337423899999999999e-01	1.621835656000000014e+00	9.216994335000000760e+00	3.548649232599999692e+01
3.468436750000000179e-01	3.233010434000000100e+00	1.233196459700000069e+01	3.468436750000000179e-01	1.869625537999999976e+00	1.109129204999999985e+01	3.555482046499999882e+01
3.604592600000000036e-01	3.690995277999999935e+00	1.281674896100000005e+01	3.604592600000000036e-01	3.344365370999999865e+00	1.221174489100000038e+01	3.555671990900000168e+01
3.746093349999999877e-01	4.209841914000000074e+00	1.328798434800000017e+01	3.746093349999999877e-01	4.628753738000000340e+00	1.259194666500000004e+01	3.547157828600000329e+01
3.893148799999999743e-01	4.792165250000000043e+00	1.373353311500000018e+01	3.893148799999999743e-01	5.010263916000000428e+00	1.233274046100000021e+01	3.527615772099999703e+01
4.045977020000000035e-01	5.437744278000000264e+00	1.413898749900000062e+01	4.045977020000000035e-01	4.876960382000000038e+00	1.214107259100000036e+01	3.494579292400000270e+01
4.204804610000000276e-01	6.142298296999999963e+00	1.448829515699999959e+01	4.204804610000000276e-01	4.694096201999999884e+00	1.299229043399999917e+01	3.445652416899999793e+01
4.369867080000000015e-01	6.896333961999999929e+00	1.476502145799999965e+01	4.369867080000000015e-01	5.519015645999999720e+00	1.494180340700000009e+01	3.378826214899999769e+01
4.541409200000000035e-01	7.684413715999999894e+00	1.495431212399999943e+01	4.541409200000000035e-01	8.281868314000000453e+00	1.575062671899999955e+01	3.292879250499999699e+01
4.719685319999999962e-01	8.485284378999999433e+00	1.504540678300000067e+01	4.719685319999999962e-01	9.521759165000000635e+00	1.356850386900000061e+01	3.187798711800000007e+01
4.904959790000000264e-01	9.273245728999999216e+00	1.503425561200000082e+01	4.904959790000000264e-01	8.048707313999999613e+00	1.310334562899999966e+01	3.065112917200000098e+01
5.097507340000000386e-01	1.002085623099999978e+01	1.492552543799999931e+01	5.097507340000000386e-01	7.952862425000000179e+00	1.441176966999999998e+01	2.928004699599999938e+01
5.297613469999999936e-01	1.070259970000000038e+01	1.473323218400000023e+01	5.297613469999999936e-01	1.005556849899999960e+01	1.484917653299999962e+01	2.781107430999999863e+01
5.505574899999999827e-01	1.129866675599999937e+01	1.447953869900000079e+01	5.505574899999999827e-01	9.778422051999999809e+00	1.501690202400000018e+01	2.629977605199999857e+01
5.721700010000000391e-01	1.179781782599999929e+01	1.419185265099999960e+01	5.721700010000000391e-01	1.215185389900000068e+01	1.470528013200000039e+01	2.480355949499999824e+01
5.946309250000000324e-01	1.219855393599999971e+01	1.389896842199999938e+01	5.946309250000000324e-01	1.235998969099999911e+01	1.245431220799999927e+01	2.337410962699999928e+01
6.179735680000000286e-01	1.250841897499999966e+01	1.362729016599999987e+01	6.179735680000000286e-01	1.167758875700000054e+01	1.175820483200000055e+01	2.205157449600000064e+01
6.422325420000000173e-01	1.274187046900000020e+01	1.339801475199999992e+01	6.422325420000000173e-01	1.040009387499999960e+01	1.252180437400000024e+01	2.086162545699999882e+01
6.674438190000000493e-01	1.291748768899999966e+01	1.322568770800000060e+01	6.674438190000000493e-01	1.061380833499999987e+01	1.341889450000000039e+01	1.981543213999999864e+01
6.936447820000000153e-01	1.305525529400000018e+01	1.311805553299999971e+01	6.936447820000000153e-01	1.129130933999999975e+01	1.335631931400000028e+01	1.891177713600000132e+01
7.208742820000000329e-01	1.317439493500000047e+01	1.307683601499999959e+01	7.208742820000000329e-01	1.060518173200000014e+01	1.313334129200000078e+01	1.814024489999999901e+01
7.491726939999999724e-01	1.329190881200000085e+01	1.309896073900000069e+01	7.491726939999999724e-01	9.916064261000000712e+00	1.456374068999999949e+01	1.748456776700000148e+01
7.785819800000000068e-01	1.342177819900000024e+01	1.317793484599999942e+01	7.785819800000000068e-01	1.062994705100000026e+01	1.638901406200000110e+01	1.692555849800000090e+01
8.091457469999999708e-01	1.357466130599999943e+01	1.330510325100000024e+01	8.091457469999999708e-01	1.261571931800000002e+01	1.742070734200000004e+01	1.644339514600000030e+01
8.409093159999999623e-01	1.375792979300000063e+01	1.347073587600000089e+01	8.409093159999999623e-01	1.340704540299999969e+01	1.696457926000000072e+01	1.601924918399999953e+01
8.739197859999999762e-01	1.397592432999999978e+01	1.366491749599999928e+01	8.739197859999999762e-01	1.434478695800000025e+01	1.811158033099999898e+01	1.563635212500000016e+01
9.082261040000000341e-01	1.423035684499999931e+01	1.387825300399999939e+01	9.082261040000000341e-01	1.706487869600000096e+01	1.922393409200000036e+01	1.528061453900000011e+01
9.438791399999999499e-01	1.452081727500000063e+01	1.410239392000000080e+01	9.438791399999999499e-01	1.979183554800000167e+01	1.703565355399999959e+01	1.494088949400000033e+01
9.809317600000000414e-01	1.484534880000000001e+01	1.433037874899999942e+01	9.809317600000000414e-01	1.979838729700000144e+01	1.409440141800000035e+01	1.460894563399999946e+01
1.019438905999999978e+00	1.520104379700000052e+01	1.455677603700000056e+01	1.019438905999999978e+00	1.841228381099999822e+01	1.206564080999999966e+01	1.427920393499999996e+01
1.059457676000000070e+00	1.558459788799999934e+01	1.477763342699999960e+01	1.059457676000000070e+00	1.666744598500000052e+01	1.196048275799999949e+01	1.394829992400000052e+01
1.101047410999999920e+00	1.599275699100000026e+01	1.499026485599999958e+01	1.101047410999999920e+00	1.503492557000000041e+01	1.378249175700000073e+01	1.361454984300000071e+01
1.144269779000000042e+00	1.642261060199999889e+01	1.519293772600000025e+01	1.144269779000000042e+00	1.586887839899999975e+01	1.616966530099999844e+01	1.327740887899999933e+01
1.189188871000000036e+00	1.687171970800000054e+01	1.538453686399999931e+01	1.189188871000000036e+00	1.824220174199999889e+01	1.750708757299999974e+01	1.293700037300000005e+01
1.235871291999999899e+00	1.733810583900000069e+01	1.556427397699999915e+01	1.235871291999999899e+00	2.105684903699999921e+01	1.608600550699999943e+01	1.259376609699999960e+01
1.284386264000000111e+00	1.782015330200000136e+01	1.573148386899999984e+01	1.284386264000000111e+00	2.143510327299999929e+01	1.445980667599999947e+01	1.224824985699999935e+01
1.334805723999999971e+00	1.831648127100000067e+01	1.588551486799999957e+01	1.334805723999999971e+00	2.080125592899999987e+01	1.286576662200000065e+01	1.190099397100000012e+01
1.387204434000000042e+00	1.882582873999999862e+01	1.602569448499999893e+01	1.387204434000000042e+00	1.993501965800000164e+01	1.252278485499999938e+01	1.155251100299999933e+01
1.441660090999999921e+00	1.934697337500000103e+01	1.615133998199999965e+01	1.441660090999999921e+00	1.870851537100000073e+01	1.294134605300000018e+01	1.120329270400000077e+01
1.498253443000000074e+00	1.987868590500000110e+01	1.626178633800000028e+01	1.498253443000000074e+00	1.802301352799999989e+01	1.418739454700000024e+01	1.085382878200000079e+01
1.557068405000000100e+00	2.041971091699999974e+01	1.635641424800000010e+01	1.557068405000000100e+00	1.857960530200000093e+01	1.588654523499999982e+01	1.050462150399999928e+01
1.618192188000000087e+00	2.096876289400000104e+01	1.643467128400000021e+01	1.618192188000000087e+00	2.026445194300000097e+01	1.697055416299999919e+01	1.015619244900000062e+01
1.681715427999999957e+00	2.152452923799999951e+01	1.649608592599999923e+01	1.681715427999999957e+00	2.229564226700000162e+01	1.689099551400000010e+01	9.809082828999999393e+00
1.747732314999999925e+00	2.208567598599999826e+01	1.654027659500000169e+01	1.747732314999999925e+00	2.368828669499999862e+01	1.544097111900000030e+01	9.463850068999999365e+00
1.816340741000000092e+00	2.265085467899999827e+01	1.656695763100000107e+01	1.816340741000000092e+00	2.330078415299999861e+01	1.390276585600000026e+01	9.121062615999999679e+00
1.887642437000000006e+00	2.321871000399999829e+01	1.657594332600000087e+01	1.887642437000000006e+00	2.204566661400000172e+01	1.374271507899999989e+01	8.781294062000000622e+00
1.961743129999999891e+00	2.378788813499999932e+01	1.656715039899999908e+01	1.961743129999999891e+00	2.166113496299999852e+01	1.492762031300000025e+01	8.445117071000000308e+00
2.038752697000000058e+00	2.435704562500000137e+01	1.654059901200000127e+01	2.038752697000000058e+00	2.185421797100000063e+01	1.568792666500000088e+01	8.113097307000000313e+00
2.118785325999999802e+00	2.492485861500000155e+01	1.649641236800000144e+01	2.118785325999999802e+00	2.227381966900000165e+01	1.681784280000000109e+01	7.785787529000000262e+00
2.201959690999999886e+00	2.549003213199999962e+01	1.643481489799999906e+01	2.201959690999999886e+00	2.371984555099999881e+01	1.797123163499999876e+01	7.463721957999999823e+00
2.288399123000000035e+00	2.605130922000000027e+01	1.635612912999999935e+01	2.288399123000000035e+00	2.528134608599999922e+01	1.775884560900000153e+01	7.147411029999999776e+00
2.378231792999999872e+00	2.660747970699999954e+01	1.626077131099999917e+01	2.378231792999999872e+00	2.647441123100000127e+01	1.742827868999999907e+01	6.837336612999999730e+00
2.471590905999999865e+00	2.715738838100000052e+01	1.614924589499999996e+01	2.471590905999999865e+00	2.708601844100000022e+01	1.717193279600000011e+01	6.533947772000000320e+00
2.568614895000000065e+00	2.769994243800000078e+01	1.602213903999999900e+01	2.568614895000000065e+00	2.811003484100000094e+01	1.707167677900000058e+01	6.237657139999999600e+00
2.669447626999999823e+00	2.823411805299999955e+01	1.588011125999999962e+01	2.669447626999999823e+00	2.927009024799999892e+01	1.645749087500000130e+01	5.948837916999999642e+00
2.774238616999999962e+00	2.875896595700000091e+01	1.572388939600000057e+01	2.774238616999999962e+00	3.000185301000000138e+01	1.549103203600000001e+01	5.667821542999999629e+00
2.883143248000000103e+00	2.927361596400000110e+01	1.555425808200000048e+01	2.883143248000000103e+00	3.002122385699999896e+01	1.453583784599999973e+01	5.394896035999999562e+00
2.996323004999999817e+00	2.977728039200000154e+01	1.537205087399999925e+01	2.996323004999999817e+00	2.991492890900000035e+01	1.424416277399999942e+01	5.130304992000000119e+00
3.113945710999999950e+00	3.026925637900000154e+01	1.517814122400000088e+01	3.113945710999999950e+00	2.974847163200000111e+01	1.430629201200000011e+01	4.874247218999999909e+00
3.236185777000000208e+00	3.074892708899999860e+01	1.497343345300000017e+01	3.236185777000000208e+00	2.995515669999999986e+01	1.459256119800000029e+01	4.626876973999999976e+00
3.363224460000000082e+00	3.121576187599999841e+01	1.475885388000000020e+01	3.363224460000000082e+00	3.043115025899999893e+01	1.483308576299999970e+01	4.388304752999999891e+00
3.495250132999999870e+00	3.166931544899999906e+01	1.453534224999999935e+01	3.495250132999999870e+00	3.130546889300000046e+01	1.495621663600000062e+01	4.158598582999999849e+00
3.632458563999999779e+00	3.210922612899999962e+01	1.430384356899999965e+01	3.632458563999999779e+00	3.223139954500000215e+01	1.479449180299999966e+01	3.937785750000000196e+00
3.775053204999999856e+00	3.253521328299999738e+01	1.406530045999999956e+01	3.775053204999999856e+00	3.278256554299999692e+01	1.415791346199999978e+01	3.725854893999999806e+00
3.923245496999999915e+00	3.294707405700000180e+01	1.382064611500000062e+01	3.923245496999999915e+00	3.302543721699999679e+01	1.413271421700000019e+01	3.522758421999999889e+00
4.077255177999999702e+00	3.334467950100000166e+01	1.357079789700000028e+01	4.077255177999999702e+00	3.405114434699999748e+01	1.378499799799999970e+01	3.328415147999999935e+00
4.237310615000000169e+00	3.372797019800000129e+01	1.331665165100000081e+01	4.237310615000000169e+00	3.472681839900000256e+01	1.290159260799999963e+01	3.142713117000000000e+00
4.403649137000000380e+00	3.409695152500000148e+01	1.305907672400000052e+01	4.403649137000000380e+00	3.458675249200000223e+01	1.206848178499999946e+01	2.965512536999999949e+00
4.576517391000000323e+00	3.445168863399999992e+01	1.279891171699999930e+01	4.576517391000000323e+00	3.446818963799999835e+01	1.203953143200000042e+01	2.796648766000000119e+00
4.756171707000000026e+00	3.479230125899999848e+01	1.253696094999999922e+01	4.756171707000000026e+00	3.495068044799999996e+01	1.180154161499999965e+01	2.635935311999999975e+00
4.942878474999999661e+00	3.511895845000000094e+01	1.227399162500000074e+01	4.942878474999999661e+00	3.540754874999999657e+01	1.138675540999999924e+01	2.483166779999999907e+00
5.136914545999999859e+00	3.543187330399999979e+01	1.201073164800000015e+01	5.136914545999999859e+00	3.555647186899999923e+01	1.056050224900000067e+01	2.338121753999999886e+00
5.338567634000000339e+00	3.573129776900000110e+01	1.174786806900000080e+01	5.338567634000000339e+00	3.505592851899999829e+01	1.022071701499999996e+01	2.200565559000000171e+00
5.548136752999999644e+00	3.601751759700000122e+01	1.148604609699999912e+01	5.548136752999999644e+00	3.479710393799999935e+01	1.047435583100000045e+01	2.070252881000000045e+00
5.765932649999999882e+00	3.629084747299999947e+01	1.122586863999999984e+01	5.765932649999999882e+00	3.531361057800000225e+01	1.070572733999999926e+01	1.946930239999999923e+00
5.992278274000000238e+00	3.655162638800000252e+01	1.096789630199999976e+01	5.992278274000000238e+00	3.579456128300000017e+01	1.035846806099999995e+01	1.830338279000000012e+00
6.227509249999999774e+00	3.680021326699999662e+01	1.071264780499999958e+01	6.227509249999999774e+00	3.558995576499999913e+01	1.011028444399999948e+01	1.720213873000000060e+00
6.471974377999999639e+00	3.703698289300000113e+01	1.046060075599999983e+01	6.471974377999999639e+00	3.584890943999999990e+01	1.051148357699999991e+01	1.616292053000000006e+00
6.726036152999999906e+00	3.726232212499999719e+01	1.021219272899999986e+01	6.726036152999999906e+00	3.674818345700000322e+01	1.048248367899999955e+01	1.518307736999999991e+00
6.990071294999999907e+00	3.747662643400000348e+01	9.967822594999999453e+00	6.990071294999999907e+00	3.731570012899999966e+01	9.580694214999999403e+00	1.425997272000000038e+00
7.264471318000000011e+00	3.768029675100000020e+01	9.727852060000000023e+00	7.264471318000000011e+00	3.704850284300000141e+01	9.019630974000000023e+00	1.339099795999999953e+00
7.549643099999999940e+00	3.787373662299999921e+01	9.492607367999999823e+00	7.549643099999999940e+00	3.689270081600000140e+01	8.709501648999999901e+00	1.257358425999999918e+00
7.846009495999999750e+00	3.805734967099999722e+01	9.262381128999999547e+00	7.846009495999999750e+00	3.676629746399999732e+01	8.658003407000000706e+00	1.180521273999999954e+00
8.154009956999999531e+00	3.823153734600000320e+01	9.037434224000000071e+00	8.154009956999999531e+00	3.655338999100000308e+01	8.917382585000000361e+00	1.108342308999999970e+00
8.474101187000000479e+00	3.839669695399999938e+01	8.817997781000000757e+00	8.474101187000000479e+00	3.692428239000000190e+01	9.169755095999999384e+00	1.040582072999999941e+00
8.806757815999999295e+00	3.855321994999999902e+01	8.604275164000000586e+00	8.806757815999999295e+00	3.731138510200000269e+01	9.144435146999999375e+00	9.770082639999999596e-01
9.152473109000000662e+00	3.870149047499999995e+01	8.396443976000000475e+00	9.152473109000000662e+00	3.776059251899999936e+01	9.007199316999999539e+00	9.173961919999999992e-01
9.511759690999999961e+00	3.884188411899999949e+01	8.194658042000000364e+00	9.511759690999999961e+00	3.800699944699999833e+01	8.796631588000000335e+00	8.615291290000000046e-01
9.885150314000000549e+00	3.897476689599999844e+01	7.999049351000000030e+00	9.885150314000000549e+00	3.830477318599999847e+01	8.675778882999999553e+00	8.091985550000000416e-01
1.027319864000000038e+01	3.910049440400000265e+01	7.809729964999999829e+00	1.027319864000000038e+01	3.868346048899999801e+01	8.273281733999999332e+00	7.602043179999999900e-01
1.067648006900000013e+01	3.921941116200000010e+01	7.626793852999999679e+00	1.067648006900000013e+01	3.870210397599999652e+01	7.823017895000000443e+00	7.143547129999999745e-01
1.109559258500000034e+01	3.933185010500000089e+01	7.450318674000000030e+00	1.109559258500000034e+01	3.850095465500000103e+01	7.550626864999999910e+00	6.714664959999999683e-01
1.153115765000000081e+01	3.943813220599999880e+01	7.280367466000000398e+00	1.153115765000000081e+01	3.831246737600000074e+01	7.646783677000000168e+00	6.313648370000000121e-01
1.198382111799999983e+01	3.953856623000000070e+01	7.116990278000000281e+00	1.198382111799999983e+01	3.848918659099999928e+01	7.901005526999999695e+00	5.938832200000000450e-01
1.245425420099999947e+01	3.963344859299999712e+01	6.960225705000000040e+00	1.245425420099999947e+01	3.903726564299999779e+01	7.991431256000000261e+00	5.588633079999999476e-01
1.294315445500000017e+01	3.972306331200000074e+01	6.810102349000000110e+00	1.294315445500000017e+01	3.947526211299999943e+01	7.658433235999999589e+00	5.261547619999999981e-01
1.345124682199999988e+01	3.980768203800000293e+01	6.666640192000000020e+00	1.345124682199999988e+01	3.959741667600000170e+01	7.103625777000000419e+00	4.956150369999999805e-01
1.397928470299999937e+01	3.988756415299999958e+01	6.529851891999999935e+00	1.397928470299999937e+01	3.939261135400000313e+01	6.869917957000000186e+00	4.671091569999999971e-01
1.452805107100000015e+01	3.996295692999999716e+01	6.399743996999999851e+00	1.452805107100000015e+01	3.920344665900000081e+01	6.873178389000000443e+00	4.405094640000000172e-01
1.509835963699999972e+01	4.003409573999999793e+01	6.276318081000000326e+00	1.509835963699999972e+01	3.925150749600000211e+01	7.021413392000000364e+00	4.156953620000000127e-01
1.569105605600000075e+01	4.010120429399999864e+01	6.159571804999999678e+00	1.569105605600000075e+01	3.947156221000000187e+01	7.254927140999999580e+00	3.925530429999999904e-01
1.630701917700000081e+01	4.016449491800000260e+01	6.049499908999999676e+00	1.630701917700000081e+01	3.994039899799999915e+01	7.224633707999999821e+00	3.709752130000000259e-01
1.694716235199999943e+01	4.022416885599999858e+01	5.946095134000000115e+00	1.694716235199999943e+01	4.018634400999999912e+01	6.826057300000000438e+00	3.508608109999999947e-01
1.761243478400000129e+01	4.028041658499999755e+01	5.849349078999999563e+00	1.761243478400000129e+01	4.006295292699999777e+01	6.618663727000000385e+00	3.321147329999999953e-01
1.830382293899999979e+01	4.033341814700000327e+01	5.759253003000000426e+00	1.830382293899999979e+01	4.004146522900000349e+01	6.714886328999999598e+00	3.146475479999999991e-01
1.902235200899999867e+01	4.038334348200000079e+01	5.675798560999999687e+00	1.902235200899999867e+01	4.037364921599999690e+01	6.914597331999999597e+00	2.983752250000000217e-01
1.976908742799999885e+01	4.043035277100000258e+01	5.598978501999999580e+00	1.976908742799999885e+01	4.090930650600000007e+01	6.690751199000000149e+00	2.832188649999999863e-01
2.054513645600000160e+01	4.047459677799999866e+01	5.528787304999999819e+00	2.054513645600000160e+01	4.110918011500000091e+01	6.076698303999999773e+00	2.691044329999999762e-01
2.135164981899999859e+01	4.051621717900000164e+01	5.465221777000000003e+00	2.135164981899999859e+01	4.082529774399999667e+01	5.719367283000000413e+00	2.559625050000000068e-01
2.218982341499999933e+01	4.055534689499999956e+01	5.408281609000000323e+00	2.218982341499999933e+01	4.053946501400000102e+01	5.772427350000000068e+00	2.437280149999999923e-01
2.306090008700000027e+01	4.059211041199999670e+01	5.357969897000000259e+00	2.306090008700000027e+01	4.064014571799999942e+01	5.921796216999999807e+00	2.323400160000000103e-01
2.396617146899999895e+01	4.062662409099999650e+01	5.314293626000000437e+00	2.396617146899999895e+01	4.067470024800000061e+01	5.858444344999999664e+00	2.217414510000000061e-01
2.490697989699999937e+01	4.065899645799999718e+01	5.277264123000000140e+00	2.490697989699999937e+01	4.063054965700000309e+01	5.870559361999999837e+00	2.118789249999999957e-01
2.588472040299999932e+01	4.068932849299999788e+01	5.246897485999999944e+00	2.588472040299999932e+01	4.090276557199999985e+01	6.040365826999999577e+00	2.027024980000000087e-01
2.690084278000000140e+01	4.071771389100000249e+01	5.223214989999999780e+00	2.690084278000000140e+01	4.118021946799999711e+01	5.863078429999999841e+00	1.941654780000000025e-01
2.795685373499999926e+01	4.074423931300000135e+01	5.206243459999999601e+00	2.795685373499999926e+01	4.111299938999999881e+01	5.461940027999999892e+00	1.862242259999999927e-01
2.905431912099999892e+01	4.076898461799999751e+01	5.196015644000000044e+00	2.905431912099999892e+01	4.091904512400000016e+01	5.515074816000000268e+00	1.788379770000000091e-01
3.019486626100000137e+01	4.079202307500000302e+01	5.192570552000000283e+00	3.019486626100000137e+01	4.092961721300000022e+01	5.586648107000000252e+00	1.719686549999999980e-01
3.138018635699999948e+01	4.081342155899999824e+01	5.195953790999999988e+00	3.138018635699999948e+01	4.091985389900000314e+01	5.601226021000000443e+00	1.655807179999999879e-01
3.261203700299999753e+01	4.083324072199999932e+01	5.206217888000000293e+00	3.261203700299999753e+01	4.092491081000000008e+01	5.753586680999999814e+00	1.596409900000000104e-01
3.389224478799999929e+01	4.085153514999999658e+01	5.223422595999999807e+00	3.389224478799999929e+01	4.117258656500000313e+01	5.689306106000000085e+00	1.541185200000000088e-01
3.522270800300000104e+01	4.086835349199999712e+01	5.247635203999999831e+00	3.522270800300000104e+01	4.113245563899999979e+01	5.561182028000000166e+00	1.489844339999999989e-01
3.660539946000000100e+01	4.088373857599999894e+01	5.278930831000000268e+00	3.660539946000000100e+01	4.093123264399999783e+01	5.602741758999999711e+00	1.442118079999999969e-01
3.804236941500000313e+01	4.089772749299999788e+01	5.317392723000000210e+00	3.804236941500000313e+01	4.098015259400000332e+01	5.780755507000000293e+00	1.397755400000000037e-01
3.953574860700000215e+01	4.091035166999999717e+01	5.363112541999999650e+00	3.953574860700000215e+01	4.104434958099999875e+01	5.923678413000000198e+00	1.356522320000000115e-01
4.108775141899999994e+01	4.092163690400000320e+01	5.416190658999999741e+00	4.108775141899999994e+01	4.115362367299999846e+01	5.898763173999999943e+00	1.318200800000000061e-01
4.270067916200000013e+01	4.093160339199999953e+01	5.476736447000000396e+00	4.270067916200000013e+01	4.114674478999999963e+01	5.956572947999999812e+00	1.282587669999999958e-01
4.437692348400000242e+01	4.094026571799999914e+01	5.544868573999999661e+00	4.437692348400000242e+01	4.111474697399999911e+01	6.042335629000000097e+00	1.249493690000000046e-01
4.611896992199999801e+01	4.094763282600000309e+01	5.620715300999999720e+00	4.611896992199999801e+01	4.114218231499999945e+01	6.134495979000000432e+00	1.218742589999999987e-01
4.792940158300000064e+01	4.095370796200000285e+01	5.704414787000000153e+00	4.792940158300000064e+01	4.114134574799999911e+01	6.228603477000000055e+00	1.190170249999999985e-01
4.981090297499999764e+01	4.095848858899999811e+01	5.796115394000000087e+00	4.981090297499999764e+01	4.114054654000000255e+01	6.410490987000000196e+00	1.163623829999999998e-01
5.176626398799999862e+01	4.096196627999999862e+01	5.895976005999999714e+00	5.176626398799999862e+01	4.123470976099999774e+01	6.642316450000000039e+00	1.138961079999999959e-01
5.379838403400000146e+01	4.096412656700000099e+01	6.004166351000000290e+00	5.379838403400000146e+01	4.144403781799999820e+01	6.717190125000000123e+00	1.116049570000000046e-01
5.591027634099999943e+01	4.096494877800000012e+01	6.120867338000000046e+00	5.591027634099999943e+01	4.153057428099999981e+01	6.695780633000000037e+00	1.094766070000000036e-01
5.810507242199999922e+01	4.096440582400000352e+01	6.246271396000000031e+00	5.810507242199999922e+01	4.147826545000000209e+01	6.753243891000000332e+00	1.074995890000000065e-01
6.038602672199999688e+01	4.096246396499999776e+01	6.380582834000000148e+00	6.038602672199999688e+01	4.143188499299999705e+01	6.814764536000000206e+00	1.056632329999999953e-01
6.275652144000000021e+01	4.095908253199999649e+01	6.524018209000000290e+00	6.275652144000000021e+01	4.137423193800000121e+01	7.044844944000000275e+00	1.039576140000000037e-01
6.522007154800000706e+01	4.095421361399999682e+01	6.676806701000000288e+00	6.522007154800000706e+01	4.144151484100000005e+01	7.348642952999999700e+00	1.023734949999999949e-01
6.778032999799999914e+01	4.094780170899999661e+01	6.839190516999999581e+00	6.778032999799999914e+01	4.162534396099999867e+01	7.469248294999999871e+00	1.009022900000000056e-01
7.044109314199999972e+01	4.093978331900000001e+01	7.011425294999999558e+00	7.044109314199999972e+01	4.169936560000000014e+01	7.511394248000000218e+00	9.953600899999999474e-02
7.320630635999999924e+01	4.093008651699999945e+01	7.193780538000000391e+00	7.320630635999999924e+01	4.172264454100000108e+01	7.594000426000000026e+00	9.826722400000000024e-02
7.608006991099999539e+01	4.091863045299999868e+01	7.386540048999999719e+00	7.608006991099999539e+01	4.172061700300000098e+01	7.729428936999999777e+00	9.708902799999999389e-02
7.906664501299999870e+01	4.090532481099999984e+01	7.590002401999999648e+00	7.906664501299999870e+01	4.167246250899999893e+01	7.847535260999999984e+00	9.599499799999999805e-02
8.217046016099999406e+01	4.089006921000000006e+01	7.804481420000000114e+00	8.217046016099999406e+01	4.163370403700000111e+01	7.952005726000000330e+00	9.497916200000000586e-02
8.539611769200000424e+01	4.087275255099999782e+01	8.030306674000000200e+00	8.539611769200000424e+01	4.147460072500000194e+01	8.178178852000000276e+00	9.403596899999999703e-02
8.874840061199999752e+01	4.085325228899999672e+01	8.267824007999999836e+00	8.874840061199999752e+01	4.140671216199999805e+01	8.521215762000000637e+00	9.316025899999999527e-02
9.223227968800000554e+01	4.083143364600000069e+01	8.517396083999999590e+00	9.223227968800000554e+01	4.147803264899999931e+01	8.860795245000000264e+00	9.234723599999999921e-02
9.585292081599999392e+01	4.080714874299999906e+01	8.779402945999999375e+00	9.585292081599999392e+01	4.158361741000000222e+01	9.056712625999999489e+00	9.159243999999999719e-02
9.961569268399999544e+01	4.078023565400000194e+01	9.054242610999999386e+00	9.961569268399999544e+01	4.159999129100000204e+01	9.192601177000000234e+00	9.089173000000000391e-02
1.035261747309999976e+02	4.075051737199999735e+01	9.342331689999999966e+00	1.035261747309999976e+02	4.147138029599999953e+01	9.357292151999999419e+00	9.024125299999999350e-02
1.075901654219999983e+02	4.071780068500000027e+01	9.644106023000000860e+00	1.075901654219999983e+02	4.133153798400000056e+01	9.607770392999999132e+00	8.963743100000000352e-02
1.118136908430000034e+02	4.068187494200000032e+01	9.960021352000000050e+00	1.118136908430000034e+02	4.112341245500000042e+01	9.997911394000000840e+00	8.907693899999999387e-02
1.162030136390000052e+02	4.064251071599999676e+01	1.029055401599999975e+01	1.162030136390000052e+02	4.106632142899999849e+01	1.051263588499999990e+01	8.855668799999999452e-02
1.207646422979999983e+02	4.059945834100000184e+01	1.063620168099999930e+01	1.207646422979999983e+02	4.117355993999999697e+01	1.094762324699999922e+01	8.807380600000000448e-02
